6 0.30613959375 0 0.1848533640625 0.1597980765625 0.08469814375 0.31688100937499997 0.07828325 0.5512414625 0.08496893125 0.6102660046875 0.1622105828125 0.8157620218750001 0.20523925156249997 0.89038185625 0.250520878125 0.940672196875 0.3104819765625 0.9907539546875 0.4869070296875 1 0.7943222750000001 1 0.8657256984374999 0.938687121875 0.9821521640625 0.7939395640625 1 0.4533825703125 1 0.203781978125 0.9634745265625 0.11846005781249999 0.887488528125 0.019621240625 0.5130929546874999 0 0.30613959375 0
5 0.8515625 0.44921875 0.128125 0.1375
5 0.6984375 0.49921875 0.1375 0.140625
5 0.77265625 0.27578125 0.1515625 0.165625
5 0.66328125 0.13984375 0.1484375 0.1375
5 0.59296875 0.375 0.1125 0.1390625
5 0.46796875 0.40078125 0.11875 0.1296875
5 0.46484375 0.259375 0.115625 0.1328125
5 0.4765625 0.1109375 0.10625 0.1234375
5 0.353125 0.13359375 0.1140625 0.14375
5 0.2671875 0.2625 0.1109375 0.1421875
5 0.371875 0.32421875 0.0828125 0.1109375
5 0.36953125 0.421875 0.09375 0.115625
5 0.2734375 0.42109375 0.096875 0.0765625
5 0.203125 0.3703125 0.096875 0.0609375
5 0.1671875 0.5515625 0.134375 0.08125
5 0.40703125 0.5796875 0.115625 0.13125
5 0.40703125 0.73046875 0.1171875 0.1265625
5 0.321875 0.84609375 0.1078125 0.1203125
5 0.48984375 0.91640625 0.090625 0.1484375
5 0.6484375 0.86015625 0.1421875 0.165625
5 0.57265625 0.6921875 0.109375 0.13125
5 0.76328125 0.65390625 0.1609375 0.11875