6 0.46503659218750004 0 0.220078190625 0.0344266578125 0.12572990781249999 0.22618135781249998 0.057387659375 0.39948875156249997 0.09580870625 0.6307673625 0.1136339671875 0.6874317703124999 0.228666959375 0.8744138421875001 0.28514320625 0.9394524453124999 0.33918873125000004 0.98017866875 0.375139640625 1 0.5349634062499999 1 0.8698582640625 0.9529335968750001 0.9427117359375 0.8608434515625 1 0.7522378875 1 0.487490646875 0.9509272359375001 0.138319790625 0.8821579421875001 0.0370349125 0.8402200484375 0 0.46503659218750004 0
5 0.83515625 0.38359375 0.1390625 0.146875
5 0.6953125 0.46171875 0.1484375 0.1515625
5 0.72421875 0.228125 0.1640625 0.1765625
5 0.5921875 0.115625 0.159375 0.1484375
5 0.5671875 0.359375 0.1234375 0.1484375
5 0.44921875 0.40859375 0.128125 0.1375
5 0.41953125 0.2703125 0.1265625 0.140625
5 0.403125 0.12265625 0.115625 0.13125
5 0.2859375 0.16796875 0.125 0.153125
5 0.22578125 0.31171875 0.121875 0.15
5 0.340625 0.35234375 0.0921875 0.115625
5 0.35703125 0.4484375 0.1015625 0.121875
5 0.2625 0.465625 0.103125 0.084375
5 0.18359375 0.42890625 0.1 0.06875
5 0.1828125 0.6140625 0.140625 0.0921875
5 0.4234375 0.59609375 0.125 0.1390625
5 0.453125 0.74375 0.1265625 0.134375
5 0.390625 0.8734375 0.1171875 0.128125
5 0.56953125 0.9109375 0.1015625 0.153125
5 0.71484375 0.825 0.1546875 0.1765625
5 0.60859375 0.675 0.1203125 0.1390625
5 0.78828125 0.60078125 0.16875 0.13125