6 1 0.2880859375 0.8232421875 0.16796875 0.6611328125 0.076171875 0.4267578125 0.08203125 0.3681640625 0.091796875 0.1669921875 0.1796875 0.0947265625 0.2265625 0.046875 0.2744140625 0 0.3369140625 0 0.8037109375 0.0810546875 0.888671875 0.2353515625 1 0.7900390625 1 0.9052734375 0.943359375 1 0.8623046875 1 0.2880859375
5 0.56875 0.8484375 0.1296875 0.1203125
5 0.5109375 0.6984375 0.13359375 0.13203125
5 0.73828125 0.76015625 0.15859375 0.14375
5 0.86796875 0.64453125 0.13046875 0.1421875
5 0.6296875 0.5859375 0.13359375 0.10625
5 0.59765625 0.4625 0.12421875 0.11171875
5 0.73828125 0.45234375 0.12734375 0.109375
5 0.8875 0.45625 0.1203125 0.1
5 0.85859375 0.334375 0.13828125 0.10546875
5 0.725 0.2546875 0.1359375 0.10390625
5 0.66875 0.3625 0.1046875 0.07734375
5 0.57109375 0.365625 0.11171875 0.0859375
5 0.5671875 0.26953125 0.07109375 0.09375
5 0.6140625 0.196875 0.05546875 0.0953125
5 0.43125 0.1703125 0.0734375 0.13125
5 0.415625 0.4109375 0.12578125 0.109375
5 0.26484375 0.41953125 0.1203125 0.11015625
5 0.1453125 0.33984375 0.1171875 0.1015625
5 0.08359375 0.51171875 0.14375 0.08203125
5 0.1484375 0.6671875 0.159375 0.134375
5 0.31171875 0.5828125 0.12734375 0.1015625
5 0.36015625 0.77109375 0.11171875 0.1546875