6 0.21998286875 0 0.12247983437500001 0.0839100546875 0.0671324359375 0.15272037656249998 0.02213398125 0.2632053390625 0 0.4737961109375 0 0.580583571875 0.01595704375 0.6396217203125001 0.0413564109375 0.7156096140625 0.1086909921875 0.8130253984375001 0.2154369828125 0.9185112562500001 0.30404584843750004 0.9723391124999999 0.5080225375 1 0.5932155859375 1 0.772876165625 0.9587708968750001 0.85271390625 0.9278845140625 0.9690192078125 0.8209664374999999 1 0.526203890625 1 0.0969419890625 0.9646362906249999 0.057078848437499996 0.6187173984375 0.0207213078125 0.40697741093750006 0 0.21998286875 0
3 0.571875 0.296875 0.778125 0.45
3 0.74375 0.696875 0.4671875 0.4890625
3 0.33203125 0.67578125 0.25 0.3640625
8 0.2296875 0.628125 0.25 0.234375
8 0.5890625 0.25078125 0.3515625 0.3609375
8 0.846875 0.61328125 0.2515625 0.2515625
8 0.471875 0.834375 0.175 0.18125
2 0.1703125 0.5578125 0.0890625 0.0859375
2 0.3171875 0.865625 0.0546875 0.0765625
2 0.33515625 0.72578125 0.0375 0.040625
2 0.41796875 0.57578125 0.103125 0.1953125
2 0.6328125 0.728125 0.13125 0.1015625
2 0.59453125 0.65078125 0.0796875 0.090625
2 0.8109375 0.7234375 0.0453125 0.0515625
2 0.72421875 0.65234375 0.0765625 0.0609375
2 0.703125 0.553125 0.1328125 0.2109375
2 0.634375 0.3625 0.1 0.1234375