6 0.46503659375 0 0.24667230468749998 0.030689100000000004 0.1378250703125 0.0795160125 0.0709882625 0.1372311390625 0 0.22579167031249997 0 0.4465634984375 0.025156450000000004 0.6353716640625 0.07356423749999999 0.979810971875 0.097988421875 1 0.5349634015625 1 0.837139446875 0.9575319265625 0.9399333953125 0.8375660875 0.968014665625 0.7566990625 1 0.5909854765625 1 0.4907115 0.9652126750000001 0.287680821875 0.9083252046875 0.20100449843749998 0.799178225 0.0980049375 0.699471840625 0.0341111375 0.6226438109375 0.01137918125 0.5738400828125 0 0.46503659375 0
3 0.3 0.57890625 0.475 0.7890625
3 0.70546875 0.73671875 0.5015625 0.48125
3 0.66953125 0.3265625 0.3703125 0.2609375
8 0.61875 0.225 0.240625 0.25625
8 0.25390625 0.59765625 0.3703125 0.3609375
8 0.62578125 0.84296875 0.2578125 0.259375
8 0.8328125 0.46015625 0.1859375 0.1796875
2 0.546875 0.16875 0.0890625 0.090625
2 0.859375 0.3046875 0.078125 0.05625
2 0.7203125 0.32734375 0.0421875 0.0390625
2 0.57265625 0.415625 0.196875 0.109375
2 0.7328125 0.625 0.1046875 0.1328125
2 0.65390625 0.5890625 0.0921875 0.0828125
2 0.734375 0.803125 0.0515625 0.046875
2 0.66015625 0.71875 0.0625 0.078125
2 0.56015625 0.7015625 0.2140625 0.1390625
2 0.3671875 0.6390625 0.125 0.1046875