6 1 0.23046875 0.8955078125 0.1119791671875 0.8193359375 0.07291666718749999 0.6142578125 0.0026041671875 0.3544921875 0.010416667187500001 0.2607421875 0.0546875 0.1435546875 0.1484375 0.06640625 0.23828125 0.033203125 0.3111979171875 0 0.3971354171875 0 0.6861979171875 0.033203125 0.80078125 0.0810546875 0.875 0.1865234375 0.9869791671874999 0.9130859375 0.9921875 1 0.9127604171874999 1 0.23046875
3 0.55 0.709375 0.7421875 0.3734375
3 0.76328125 0.3296875 0.42421875 0.4484375
3 0.3515625 0.3078125 0.21640625 0.34296875
8 0.24453125 0.34453125 0.22890625 0.21171875
8 0.5625 0.75703125 0.31875 0.3296875
8 0.85703125 0.4234375 0.22890625 0.22734375
8 0.50703125 0.16484375 0.1578125 0.165625
2 0.178125 0.4078125 0.0796875 0.07734375
2 0.35625 0.1171875 0.04609375 0.0703125
2 0.359375 0.2578125 0.03515625 0.0375
2 0.4265625 0.41640625 0.084375 0.1875
2 0.65625 0.28671875 0.12265625 0.08984375
2 0.609375 0.36015625 0.07109375 0.08359375
2 0.8328125 0.31015625 0.040625 0.046875
2 0.7390625 0.371875 0.07265625 0.05234375
2 0.7078125 0.46875 0.11328125 0.19921875
2 0.61953125 0.65078125 0.08828125 0.11328125