6 0.6436378984375 0.041437962499999995 0.5289390453125 0.007876085937500001 0.440604946875 0.031517223437500005 0.3813387875 0.0665241125 0.3259197640625 0.1322566578125 0.2617560203125 0.336785153125 0.259318946875 0.36464104375 0.24717301093750002 0.5841442453125001 0.2765542078125 0.6965075609375 0.3037700921875 0.7439821125 0.3695798140625 0.81345875 0.44574612968749994 0.8691370796875001 0.487661234375 0.8847637484374999 0.5208491953125 0.8876673187499999 0.5538537953125 0.888398203125 0.6808906578125 0.84069491875 0.724591275 0.804326221875 0.8165477484375 0.649642765625 0.8509198890624999 0.4958030875 0.8485026203125001 0.3740352953125 0.7984558609375 0.1990858234375 0.74559699375 0.116037846875 0.7057707078125001 0.07824325 0.6436378984375 0.041437962499999995
0 0.45703125 0.159375 0.0890625 0.11875
0 0.59296875 0.33125 0.075 0.078125
0 0.6390625 0.2546875 0.065625 0.0859375
0 0.6046875 0.42265625 0.0640625 0.0859375
0 0.52421875 0.49921875 0.0796875 0.084375
0 0.42734375 0.434375 0.0625 0.0796875
0 0.5265625 0.6078125 0.075 0.0796875
0 0.61328125 0.75703125 0.05625 0.1015625
0 0.64609375 0.565625 0.0671875 0.1
0 0.68203125 0.396875 0.0796875 0.08125
0 0.7375 0.3265625 0.046875 0.065625
0 0.7578125 0.48828125 0.0546875 0.0859375
0 0.72890625 0.6734375 0.0578125 0.0734375
8 0.4 0.28828125 0.13125 0.146875
8 0.55234375 0.20546875 0.071875 0.1140625
8 0.73515625 0.25 0.0859375 0.0984375
8 0.55625 0.3828125 0.0734375 0.1046875
8 0.64609375 0.2265625 0.0546875 0.065625
8 0.8109375 0.34765625 0.071875 0.096875
8 0.8203125 0.47421875 0.065625 0.084375
8 0.70390625 0.4859375 0.059375 0.078125
8 0.796875 0.63046875 0.0625 0.096875
8 0.6015625 0.5296875 0.075 0.103125
8 0.45234375 0.565625 0.109375 0.128125
8 0.52421875 0.71796875 0.1046875 0.1109375
8 0.6734375 0.69453125 0.0734375 0.08125