6 0.1494140625 0.7057291671875 0.3623046875 0.7526041671875 0.6064453125 0.7447916671875 0.7158203125 0.7057291671875 0.7607421875 0.6744791671875 0.82421875 0.6028645828125 0.873046875 0.5221354171875 0.88671875 0.47265625 0.8828125 0.4127604171875 0.82421875 0.2903645828125 0.7841796875 0.25 0.6220703125 0.171875 0.4658203125 0.1510416671875 0.3447265625 0.1640625 0.1748046875 0.22916666718749998 0.0966796875 0.2890625 0.0625 0.33203125 0.03125 0.3971354171875 0.0078125 0.5143229171875 0.0390625 0.6002604171875 0.0791015625 0.65625 0.1494140625 0.7057291671875
0 0.1640625 0.57265625 0.11328125 0.08046875
0 0.3234375 0.421875 0.071875 0.0671875
0 0.24375 0.3828125 0.0828125 0.05859375
0 0.4140625 0.40234375 0.08203125 0.05859375
0 0.496875 0.47578125 0.07734375 0.0734375
0 0.440625 0.578125 0.07578125 0.05625
0 0.60546875 0.4640625 0.0734375 0.06953125
0 0.74609375 0.36484375 0.09921875 0.04921875
0 0.55234375 0.3484375 0.09453125 0.06015625
0 0.38125 0.32734375 0.075 0.07265625
0 0.30625 0.27890625 0.0625 0.0421875
0 0.465625 0.24453125 0.08203125 0.04765625
0 0.653125 0.25703125 0.06953125 0.05234375
8 0.29765625 0.61796875 0.1375 0.11953125
8 0.20234375 0.4734375 0.109375 0.06171875
8 0.23046875 0.2875 0.09296875 0.07734375
8 0.378125 0.45390625 0.09921875 0.065625
8 0.21484375 0.378125 0.06015625 0.05
8 0.32109375 0.20390625 0.0921875 0.0640625
8 0.44609375 0.1828125 0.08046875 0.0578125
8 0.46796875 0.2984375 0.07421875 0.05390625
8 0.60390625 0.19296875 0.0921875 0.05546875
8 0.52109375 0.39609375 0.096875 0.06640625
8 0.56953125 0.54140625 0.12109375 0.1
8 0.71484375 0.45703125 0.103125 0.0953125
8 0.67890625 0.31015625 0.075 0.06640625