6 0.67862348125 0.9371470421874999 0.7268097453125 0.8879937734375 0.763327575 0.8101575109375 0.7723691234375 0.59599135625 0.767513521875 0.568453871875 0.7224339843750001 0.3532864609375 0.6649721625 0.25235624375 0.62639631875 0.21354333906249998 0.54484713125 0.1634668703125 0.4568655078125 0.1293990265625 0.41233414531249996 0.12515325156249998 0.3795255390625 0.13093829375 0.3474563765625 0.13877453281250002 0.2370947078125 0.2177319265625 0.2042960640625 0.2641719421875 0.15550795625 0.43738477500000006 0.16212365625 0.5948786562499999 0.1959743828125 0.7118716765624999 0.28959609531249997 0.8679068359375 0.36214823906250004 0.9344441390625 0.4103994375 0.960643115625 0.4799410328125 0.9801131375000001 0.5994180703125 0.9828451734374999 0.67862348125 0.9371470421874999
0 0.6296875 0.81796875 0.0984375 0.125
0 0.45390625 0.6875 0.0796875 0.0828125
0 0.42890625 0.77265625 0.071875 0.090625
0 0.41875 0.6015625 0.0703125 0.090625
0 0.4765625 0.50703125 0.0859375 0.0890625
0 0.5875 0.54453125 0.06875 0.084375
0 0.44609375 0.40234375 0.0796875 0.084375
0 0.32421875 0.28125 0.0640625 0.1046875
0 0.34140625 0.475 0.075 0.1046875
0 0.35078125 0.646875 0.0859375 0.0859375
0 0.315625 0.72890625 0.053125 0.06875
0 0.2546875 0.578125 0.0625 0.0890625
0 0.234375 0.39140625 0.0625 0.0765625
8 0.6515625 0.67890625 0.1421875 0.15625
8 0.52578125 0.79765625 0.08125 0.11875
8 0.3375 0.80234375 0.0921875 0.1046875
8 0.47578125 0.628125 0.08125 0.109375
8 0.4296875 0.80234375 0.059375 0.06875
8 0.23984375 0.72734375 0.0796875 0.1015625
8 0.196875 0.6078125 0.071875 0.0890625
8 0.30703125 0.56640625 0.065625 0.08125
8 0.1796875 0.45078125 0.0703125 0.1
8 0.39375 0.49765625 0.0828125 0.1078125
8 0.52890625 0.42421875 0.11875 0.1359375
8 0.4203125 0.29609375 0.1125 0.11875
8 0.28203125 0.35703125 0.0796875 0.0859375