6 0.5622739859375 0.0104006890625 0.304076065625 0.0120758171875 0.1940320359375 0.1339345421875 0.164023784375 0.2027197375 0.12467614062500001 0.3937326734375 0.1306328140625 0.5413054890625 0.1432269046875 0.6368668171875 0.171013428125 0.703772221875 0.222239875 0.78990458125 0.301320240625 0.8856778484375001 0.398056584375 0.943106925 0.5386598953124999 0.9472031734374999 0.6081228140625 0.9279363609375 0.731306884375 0.8165836531249999 0.8022054593749999 0.713944384375 0.83847451875 0.581674359375 0.8534259796875 0.47364868125 0.8539343265625 0.46394884843749995 0.8441842953125 0.3234493640625 0.79015054375 0.1602671 0.7085720859375 0.056181767187499995 0.6324355109375001 0.016194571875 0.59974200625 0.01236430625 0.5622739859375 0.0104006890625
5 0.76953125 0.4421875 0.103125 0.1265625
5 0.73828125 0.37265625 0.1 0.1359375
5 0.6375 0.4625 0.0984375 0.11875
5 0.55859375 0.54296875 0.0953125 0.1046875
5 0.6828125 0.5828125 0.103125 0.1109375
5 0.76796875 0.58671875 0.09375 0.115625
5 0.625 0.64609375 0.096875 0.1203125
5 0.70703125 0.70390625 0.134375 0.1171875
5 0.6734375 0.79140625 0.071875 0.10625
5 0.62421875 0.83203125 0.0828125 0.1109375
5 0.61640625 0.7390625 0.0828125 0.1125
5 0.50703125 0.6484375 0.0671875 0.0921875
5 0.553125 0.7109375 0.0828125 0.1078125
5 0.55625 0.78046875 0.0703125 0.0890625
5 0.540625 0.86171875 0.0796875 0.103125
5 0.45 0.7015625 0.0890625 0.109375
5 0.4828125 0.771875 0.0703125 0.0984375
5 0.45390625 0.8125 0.0765625 0.10625
5 0.478125 0.8984375 0.06875 0.10625
5 0.3953125 0.89453125 0.0796875 0.1203125
5 0.34453125 0.84921875 0.090625 0.10625
5 0.39765625 0.76875 0.08125 0.1
4 0.5921875 0.40703125 0.0625 0.1109375
4 0.53671875 0.28671875 0.13125 0.278125
4 0.503125 0.43046875 0.0578125 0.08125
4 0.44921875 0.2390625 0.0890625 0.2125
4 0.35234375 0.1765625 0.0609375 0.090625
4 0.27109375 0.24140625 0.05625 0.059375
4 0.3765625 0.43828125 0.1890625 0.21875
4 0.23671875 0.47265625 0.13125 0.2390625
4 0.3640625 0.5828125 0.1546875 0.20625
4 0.30078125 0.71875 0.1265625 0.1578125
4 0.3828125 0.67109375 0.0703125 0.0796875