6 0.2783203125 0.9771241828124999 0.5556640625 0.9934640515625001 0.6064453125 0.9901960781250001 0.6845703125 0.954248365625 0.771484375 0.8545751640624999 0.833984375 0.6944444437499999 0.8515625 0.5506535953125 0.841796875 0.436274509375 0.8125 0.30228758125 0.7470703125 0.19607843125 0.6298828125 0.078431371875 0.5615234375 0.055555556250000006 0.4208984375 0.052287581250000006 0.3212890625 0.1045751640625 0.2373046875 0.19607843125 0.181640625 0.2794117640625 0.150390625 0.3447712421875 0.1328125 0.439542484375 0.119140625 0.5866013078125001 0.1484375 0.7794117640625 0.1748046875 0.8496732031249999 0.2783203125 0.9771241828124999
5 0.76640625 0.571875 0.096875 0.12109375
5 0.73125 0.63984375 0.0953125 0.13125
5 0.63515625 0.54453125 0.0921875 0.1140625
5 0.5609375 0.46015625 0.090625 0.1
5 0.68671875 0.4265625 0.09765625 0.10625
5 0.771875 0.42734375 0.08828125 0.1109375
5 0.6328125 0.3609375 0.09140625 0.1171875
5 0.7171875 0.30703125 0.1296875 0.11015625
5 0.68828125 0.21796875 0.0671875 0.103125
5 0.64140625 0.175 0.078125 0.10703125
5 0.62890625 0.2671875 0.07734375 0.109375
5 0.51484375 0.35234375 0.0625 0.08828125
5 0.5640625 0.2921875 0.07890625 0.10390625
5 0.57109375 0.22265625 0.065625 0.08515625
5 0.559375 0.140625 0.07421875 0.1015625
5 0.4609375 0.29609375 0.08359375 0.10546875
5 0.496875 0.22734375 0.065625 0.09609375
5 0.4703125 0.18515625 0.07109375 0.103125
5 0.49921875 0.10078125 0.0640625 0.103125
5 0.41640625 0.10078125 0.07421875 0.11640625
5 0.36328125 0.14296875 0.0859375 0.10078125
5 0.41171875 0.2265625 0.0765625 0.09765625
4 0.5875 0.59765625 0.05625 0.10859375
4 0.52578125 0.71484375 0.11796875 0.271875
4 0.49921875 0.56953125 0.053125 0.078125
4 0.4359375 0.7578125 0.0796875 0.2078125
4 0.3359375 0.815625 0.05703125 0.08671875
4 0.2578125 0.74609375 0.053125 0.05625
4 0.3734375 0.55546875 0.17734375 0.209375
4 0.2359375 0.51328125 0.11796875 0.23359375
4 0.36875 0.41015625 0.14296875 0.1984375
4 0.3125 0.27109375 0.1203125 0.15234375
4 0.3921875 0.32265625 0.06484375 0.07734375