6 0.9935014265625 0.49352888593750005 0.9559083968750001 0.23807686249999999 0.8199204234374999 0.14606322968750002 0.7476282999999999 0.125920065625 0.5529981546875 0.11353921250000001 0.40769051718749993 0.1399760828125 0.3148119421875 0.1657471765625 0.25242479375000004 0.2025747140625 0.1742600125 0.2652899359375 0.09042466406250001 0.3569297609375 0.0470175796875 0.46071725468749997 0.0625293953125 0.6005223125 0.09127607343750001 0.6666278 0.21868901406250002 0.77311575 0.3301965796875 0.8290397203125 0.46622703750000005 0.8465473812500001 0.575282259375 0.8463190671874999 0.5849584421875 0.8454725109375 0.7227336531249999 0.8162636171875001 0.87680779375 0.7400451375 0.9685266484374999 0.6447747171875 0.9975285265625 0.56381395625 0.9967714624999999 0.5309055515625001 0.9935014265625 0.49352888593750005
5 0.59453125 0.759375 0.1296875 0.1078125
5 0.659375 0.71796875 0.1390625 0.1046875
5 0.55625 0.63046875 0.121875 0.1015625
5 0.465625 0.5640625 0.1078125 0.0984375
5 0.44296875 0.6921875 0.1140625 0.1078125
5 0.4515625 0.77734375 0.11875 0.096875
5 0.37265625 0.64453125 0.1234375 0.1
5 0.3265625 0.7328125 0.121875 0.1375
5 0.23515625 0.7125 0.1078125 0.0765625
5 0.18828125 0.66953125 0.1125 0.0875
5 0.2796875 0.6484375 0.115625 0.0859375
5 0.35390625 0.52734375 0.09375 0.0703125
5 0.2984375 0.58203125 0.109375 0.0875
5 0.2296875 0.5953125 0.090625 0.0734375
5 0.146875 0.590625 0.10625 0.0828125
5 0.29375 0.47890625 0.1109375 0.09375
5 0.228125 0.5203125 0.1 0.0734375
5 0.18359375 0.49765625 0.109375 0.08125
5 0.10234375 0.534375 0.1078125 0.0734375
5 0.0953125 0.4515625 0.1234375 0.0828125
5 0.13203125 0.39453125 0.109375 0.09375
5 0.21953125 0.4359375 0.103125 0.084375
4 0.6046875 0.57890625 0.1125 0.065625
4 0.71640625 0.50703125 0.28125 0.140625
4 0.56953125 0.49296875 0.0828125 0.059375
4 0.7515625 0.4140625 0.215625 0.0953125
4 0.8 0.309375 0.0921875 0.0640625
4 0.72421875 0.2375 0.0609375 0.0578125
4 0.54453125 0.36875 0.2234375 0.1953125
4 0.48984375 0.2359375 0.2421875 0.1390625
4 0.39921875 0.37734375 0.2109375 0.1609375
4 0.25546875 0.3328125 0.1609375 0.13125
4 0.3140625 0.4078125 0.08125 0.071875