6 0.465036596875 0 0.2535084640625 0.029728340625 0.094946315625 0.10425551250000001 0 0.23075595624999998 0 0.5349634046875 0.06535663124999999 1 0.5349634046875 1 1 0.93464336875 1 0.46503659375 0.9426107625 0.0566909484375 0.8548751671874999 0 0.465036596875 0
3 0.0890625 0.5734375 0.178125 0.228125
3 0.1078125 0.90546875 0.1328125 0.1828125
3 0.2484375 0.56875 0.25 0.29375
3 0.4546875 0.37890625 0.125 0.1359375
3 0.48359375 0.528125 0.1390625 0.1671875
3 0.65859375 0.36796875 0.1703125 0.228125
3 0.29140625 0.23671875 0.1671875 0.175
3 0.93671875 0.83984375 0.1265625 0.2171875
4 0.32421875 0.8125 0.4203125 0.375
4 0.75078125 0.85234375 0.3859375 0.2796875
4 0.50078125 0.62109375 0.1875 0.259375
4 0.7140625 0.59765625 0.353125 0.2921875
4 0.8125 0.29375 0.2515625 0.159375
4 0.8734375 0.12734375 0.175 0.1609375
4 0.671875 0.13203125 0.271875 0.15625
4 0.67578125 0.0515625 0.2140625 0.103125
4 0.51328125 0.05390625 0.1453125 0.1078125
4 0.353125 0.11484375 0.20625 0.1328125
4 0.1765625 0.16875 0.1625 0.190625
4 0.1 0.4328125 0.165625 0.159375
4 0.2375 0.44921875 0.178125 0.184375
4 0.53984375 0.38125 0.159375 0.1640625
4 0.41640625 0.4625 0.1359375 0.1046875
4 0.2671875 0.31171875 0.1265625 0.1265625
4 0.3828125 0.2171875 0.11875 0.1265625
8 0.17265625 0.56640625 0.246875 0.1890625
8 0.184375 0.3421875 0.2609375 0.2859375
8 0.3546875 0.3546875 0.1671875 0.2203125
8 0.4640625 0.23671875 0.175 0.215625
8 0.471875 0.09609375 0.1 0.1015625
8 0.23671875 0.1390625 0.0921875 0.121875
8 0.5359375 0.0453125 0.05 0.0609375
8 0.61640625 0.10390625 0.0578125 0.0890625
8 0.68203125 0.0890625 0.075 0.05625
8 0.83515625 0.10078125 0.0796875 0.090625
8 0.62109375 0.221875 0.128125 0.146875
8 0.7703125 0.21875 0.196875 0.1125
8 0.92890625 0.25625 0.10625 0.1890625
8 0.77734375 0.40546875 0.1734375 0.2
8 0.7046875 0.49453125 0.1390625 0.1234375
8 0.640625 0.6625 0.1609375 0.2671875
8 0.57890625 0.83671875 0.1953125 0.3265625
8 0.94765625 0.6890625 0.1046875 0.246875
8 0.90546875 0.521875 0.18125 0.2140625
8 0.38125 0.6453125 0.2109375 0.228125