6 0.0337424578125 0 0 0.48253961562500003 0 0.9662575421874999 0.4825396125 1 0.7803706109374999 1 0.9230355906250001 0.8764612546875 0.9863204828125 0.713086603125 1 0.51746039375 1 0.241240890625 0.9997374671875001 0.2406968578125 1 0.23943939687500002 1 0.1744451859375 0.9842674812500001 0.12476532968750001 0.9113542062500001 0.0275437390625 0.5174603890625 0 0.0337424578125 0
3 0.4546875 0.91640625 0.21875 0.1671875
3 0.12265625 0.91953125 0.1765625 0.121875
3 0.44921875 0.75546875 0.2796875 0.234375
3 0.62421875 0.53671875 0.1296875 0.1171875
3 0.47265625 0.51875 0.159375 0.1296875
3 0.6203125 0.33203125 0.2203125 0.15625
3 0.77734375 0.6890625 0.165625 0.1578125
3 0.128125 0.071875 0.20625 0.14375
4 0.1875 0.6984375 0.375 0.396875
4 0.13125 0.27421875 0.2578125 0.371875
4 0.37890625 0.5078125 0.2515625 0.171875
4 0.3875 0.29296875 0.271875 0.3390625
4 0.684375 0.1734375 0.14375 0.24375
4 0.84609375 0.1015625 0.1515625 0.165625
4 0.85546875 0.303125 0.1390625 0.265625
4 0.94296875 0.29296875 0.1046875 0.209375
4 0.94609375 0.45546875 0.1078125 0.1390625
4 0.89453125 0.6203125 0.11875 0.2
4 0.85234375 0.79921875 0.1828125 0.1515625
4 0.59453125 0.89453125 0.15 0.15625
4 0.56875 0.75859375 0.175 0.1671875
4 0.615625 0.4515625 0.1546875 0.15
4 0.54296875 0.58046875 0.0953125 0.13125
4 0.70390625 0.71953125 0.1203125 0.1203125
4 0.78984375 0.596875 0.1203125 0.1109375
8 0.45625 0.83125 0.175 0.2375
8 0.67890625 0.80390625 0.271875 0.2453125
8 0.6546875 0.634375 0.2125 0.1546875
8 0.76484375 0.51796875 0.20625 0.1625
8 0.9046875 0.5 0.096875 0.09375
8 0.878125 0.7375 0.1171875 0.084375
8 0.95078125 0.43203125 0.059375 0.0453125
8 0.88671875 0.35625 0.0859375 0.053125
8 0.896875 0.28984375 0.0515625 0.071875
8 0.875 0.1375 0.0859375 0.075
8 0.76875 0.36015625 0.140625 0.1203125
8 0.76171875 0.21015625 0.1 0.1921875
8 0.71328125 0.05546875 0.184375 0.0953125
8 0.57421875 0.2171875 0.190625 0.1625
8 0.49140625 0.29609375 0.115625 0.1328125
8 0.328125 0.37109375 0.259375 0.14375
8 0.15859375 0.44375 0.3171875 0.175
8 0.2765625 0.05546875 0.240625 0.1109375
8 0.45 0.096875 0.2046875 0.16875
8 0.36328125 0.628125 0.2171875 0.1984375