6 0.2406908328125 0 0.20646858437499999 0.019567940625 0.1655507328125 0.013968120312499999 0.091898590625 0.0430872171875 0 0.1226047140625 0 1 1 1 1 0.206289346875 0.8460347421875 0.05173429375000001 0.6786435328125 0 0.2406908328125 0
3 0.92109375 0.51484375 0.1578125 0.2078125
3 0.94453125 0.846875 0.1109375 0.16875
3 0.75859375 0.5328125 0.215625 0.265625
3 0.528125 0.3734375 0.109375 0.12109375
3 0.5203125 0.52578125 0.11875 0.15078125
3 0.32421875 0.39140625 0.14140625 0.21171875
3 0.66953125 0.21015625 0.146875 0.15625
3 0.0828125 0.90234375 0.165625 0.1953125
4 0.7203125 0.8078125 0.37109375 0.371875
4 0.30078125 0.88359375 0.35625 0.23203125
4 0.51640625 0.6203125 0.15625 0.2390625
4 0.3015625 0.6265625 0.3203125 0.25
4 0.16171875 0.3390625 0.23515625 0.12890625
4 0.078125 0.1828125 0.15625 0.14140625
4 0.27890625 0.159375 0.25859375 0.12109375
4 0.2625 0.07265625 0.20234375 0.090625
4 0.42421875 0.05703125 0.13203125 0.09921875
4 0.5921875 0.0984375 0.19375 0.10625
4 0.77421875 0.12734375 0.1390625 0.1734375
4 0.88671875 0.378125 0.146875 0.13984375
4 0.753125 0.41328125 0.15625 0.1640625
4 0.44375 0.38828125 0.140625 0.14609375
4 0.57734375 0.4515625 0.125 0.0875
4 0.7046875 0.28125 0.11171875 0.1140625
4 0.5765625 0.20390625 0.1046875 0.1140625
8 0.83359375 0.5203125 0.2265625 0.15859375
8 0.790625 0.3 0.22890625 0.2546875
8 0.6234375 0.3359375 0.140625 0.2015625
8 0.49921875 0.234375 0.14921875 0.196875
8 0.471875 0.09609375 0.0875 0.090625
8 0.71015625 0.10625 0.07734375 0.11328125
8 0.40078125 0.0546875 0.0421875 0.05625
8 0.3296875 0.12421875 0.04765625 0.08203125
8 0.2625 0.11875 0.0671875 0.046875
8 0.1125 0.1515625 0.0703125 0.08046875
8 0.34140625 0.24140625 0.11015625 0.13203125
8 0.19296875 0.259375 0.18671875 0.08671875
8 0.04140625 0.31796875 0.0828125 0.1796875
8 0.2125 0.4453125 0.1515625 0.18125
8 0.296875 0.52265625 0.125 0.10859375
8 0.38359375 0.68046875 0.12734375 0.2515625
8 0.46875 0.8453125 0.15234375 0.30859375
8 0.06015625 0.75390625 0.1203125 0.2328125
8 0.1015625 0.578125 0.15625 0.1921875
8 0.6375 0.62734375 0.18359375 0.20390625