6 1 0.074541634375 0.602007153125 0.011505759375 0.5660064874999999 0.183133521875 0.5361357484375 0.221906821875 0.50206541875 0.337136340625 0.47746670625 0.392564415625 0.44283915 0.39894477500000003 0.42071165 0.3825865625 0.38954085312500003 0.3796270640625 0.3796857859375 0.3919084703125 0.370564575 0.355858071875 0.3565547890625 0.3506729328125 0.34711906875 0.335336165625 0.2627548109375 0.30615441250000003 0.21979986875000002 0.315170784375 0.1614991828125 0.35240743124999996 0.1513385796875 0.36661791718750003 0.1353548421875 0.4550500046875 0.142555946875 0.47201031562500007 0.13371335 0.49038449531249995 0.12718328125 0.556584246875 0.137631471875 0.5780137875 0.12032972812500001 0.6622821812499999 0.1208269890625 0.6841131203125 0.1381797234375 0.705647496875 0.148741725 0.701387940625 0.153908915625 0.724947259375 0.13521125 0.755602846875 0.1436165515625 0.802415946875 0.1368947578125 0.84485568125 0.14440139999999999 0.8598869125 0.14042943125000001 0.8849649375 0.132608278125 0.8906473359374999 0.1255030359375 0.8855670343750001 0.12285804843749999 0.8960241999999999 0.10173404374999999 0.9045433125000001 0.0920707015625 0.9405847375 0.48017448125 1 0.86462568125 1 0.9234975406249999 0.8725452453125 0.968339546875 0.739247084375 1 0.539350853125 1 0.074541634375
3 0.69453125 0.16484375 0.18125 0.2953125
3 0.97578125 0.31875 0.0484375 0.109375
3 0.809375 0.33515625 0.0890625 0.128125
3 0.81953125 0.64296875 0.3609375 0.5203125
3 0.65859375 0.596875 0.171875 0.19375
3 0.6765625 0.86875 0.36875 0.2625
3 0.46875 0.8703125 0.140625 0.259375
3 0.346875 0.909375 0.1703125 0.165625
3 0.24375 0.775 0.159375 0.2578125
3 0.3328125 0.625 0.1453125 0.1578125
3 0.15546875 0.64765625 0.1 0.11875
3 0.19765625 0.403125 0.103125 0.1390625
8 0.896875 0.33125 0.1515625 0.2140625
8 0.9421875 0.41484375 0.115625 0.1828125
8 0.721875 0.40234375 0.1734375 0.2921875
8 0.60625 0.26796875 0.2203125 0.3515625
8 0.5734375 0.540625 0.134375 0.1390625
8 0.525 0.675 0.2359375 0.209375
8 0.54609375 0.91796875 0.1390625 0.1640625
8 0.36875 0.7609375 0.1484375 0.2375
8 0.37890625 0.43203125 0.153125 0.15625
8 0.15703125 0.54140625 0.103125 0.171875
8 0.16953125 0.78984375 0.1109375 0.1515625
8 0.1265625 0.9140625 0.1 0.0796875