6 0.5588214828125 0 0.061104357812499996 0.0199564484375 0.0131983171875 0.2151066 0 0.314113884375 0 0.50872753125 0.014995434375 0.938140584375 0.0347440703125 0.99998904375 0.0347881921875 1 0.46395611875 1 0.49307610156250004 0.9989831078125 0.4956672125 0.8236393796874999 0.517590846875 0.7798788484375 0.52904838125 0.6602654968749999 0.5426189703125 0.6011621359375 0.575392890625 0.5882917515625 0.6002351406249999 0.6001272921874999 0.631397940625 0.597084746875 0.6387285390625 0.5831485484375001 0.6545609078125 0.6167961921875 0.669302665625 0.6192128718750001 0.6814914187500001 0.6324674390625 0.7698738078125 0.6450155828125 0.8103191421875 0.6279686765625 0.86044359375 0.5802918765625 0.8677060296875 0.56440374375 0.8665224640625 0.4745465609375 0.8562174828125 0.45927189375 0.8613916578125 0.43954805312499995 0.8551702421874999 0.37331858125 0.840825065625 0.354276371875 0.8417297593749999 0.268254896875 0.8370760953125 0.246919934375 0.8159332265625 0.22909226249999998 0.8063780406250001 0.235288884375 0.79681045625 0.2131483625 0.8093152296874999 0.1794883234375 0.7921319984374999 0.1351391171875 0.790632409375 0.0921965421875 0.7803955921875 0.0788738125 0.779509471875 0.0534986546875 0.786102675 0.046428309375 0.7940467421874999 0.050059528124999995 0.7946478124999999 0.039289803125 0.8137581859375 0.0268965609375 0.815643225 0 0.5588214828125 0
3 0.37265625 0.8625 0.1484375 0.275
3 0.05234375 0.771875 0.0671875 0.1015625
3 0.228125 0.7203125 0.0765625 0.121875
3 0.15625 0.42265625 0.3125 0.4890625
3 0.32578125 0.43515625 0.153125 0.178125
3 0.25078125 0.14453125 0.340625 0.2796875
3 0.45859375 0.1296875 0.1125 0.253125
3 0.57265625 0.07109375 0.1546875 0.1421875
3 0.69921875 0.18125 0.13125 0.246875
3 0.63984375 0.34609375 0.1296875 0.1453125
3 0.81015625 0.2890625 0.0875 0.109375
3 0.815625 0.5375 0.0890625 0.13125
8 0.14296875 0.74140625 0.128125 0.2015625
8 0.06640625 0.66953125 0.128125 0.1703125
8 0.30078125 0.63828125 0.1421875 0.2796875
8 0.43984375 0.7484375 0.1828125 0.334375
8 0.4203125 0.47421875 0.121875 0.1265625
8 0.4421875 0.3328125 0.2171875 0.1859375
8 0.37265625 0.08828125 0.1203125 0.171875
8 0.5796875 0.21875 0.1234375 0.225
8 0.63203125 0.54375 0.1375 0.1421875
8 0.82890625 0.39375 0.0859375 0.1640625
8 0.76953125 0.15234375 0.0953125 0.1421875
8 0.78671875 0.028125 0.0921875 0.05625