6 1 0.5244140625 0.8232421875 0.515625 0.7802734375 0.4921875 0.6611328125 0.4765625 0.6025390625 0.4609375 0.5908203125 0.427734375 0.603515625 0.4033203125 0.6015625 0.3720703125 0.587890625 0.3642578125 0.6220703125 0.349609375 0.625 0.3349609375 0.638671875 0.3232421875 0.654296875 0.2353515625 0.638671875 0.1943359375 0.5927734375 0.142578125 0.5771484375 0.134765625 0.4873046875 0.1328125 0.4716796875 0.142578125 0.4521484375 0.13671875 0.3857421875 0.140625 0.3662109375 0.154296875 0.2802734375 0.150390625 0.2587890625 0.154296875 0.240234375 0.1748046875 0.24609375 0.1845703125 0.2236328125 0.193359375 0.1904296875 0.1796875 0.1455078125 0.1953125 0.1025390625 0.1953125 0.0888671875 0.205078125 0.0634765625 0.205078125 0.056640625 0.1982421875 0.060546875 0.1904296875 0.0498046875 0.189453125 0.0380859375 0.169921875 0.0009765625 0.166015625 0.0048828125 0.921875 0.1982421875 0.9765625 0.3369140625 1 0.9208984375 1 0.9833984375 0.982421875 0.9873046875 0.96875 1 0.9716796875 1 0.5244140625
3 0.86171875 0.63984375 0.2765625 0.13828125
3 0.75625 0.95703125 0.0984375 0.06484375
3 0.7109375 0.7796875 0.11796875 0.071875
3 0.41015625 0.84609375 0.478125 0.3078125
3 0.42890625 0.671875 0.1734375 0.14609375
3 0.1359375 0.73671875 0.26796875 0.33125
3 0.128125 0.528125 0.24921875 0.103125
3 0.071875 0.4125 0.14375 0.1515625
3 0.18828125 0.28984375 0.24140625 0.12421875
3 0.35078125 0.3546875 0.140625 0.12578125
3 0.3 0.1828125 0.10625 0.08359375
3 0.5484375 0.1859375 0.128125 0.084375
8 0.72890625 0.865625 0.196875 0.12109375
8 0.6546875 0.9390625 0.16640625 0.121875
8 0.63125 0.70390625 0.275 0.13203125
8 0.74609375 0.56875 0.328125 0.171875
8 0.47109375 0.57890625 0.121875 0.1171875
8 0.33125 0.55234375 0.17890625 0.21171875
8 0.084375 0.61328125 0.16875 0.11328125
8 0.221875 0.4109375 0.22109375 0.115625
8 0.5484375 0.36953125 0.13671875 0.13359375
8 0.40546875 0.16796875 0.16015625 0.0796875
8 0.16171875 0.21875 0.13984375 0.09140625
8 0.0328125 0.19609375 0.065625 0.090625