6 0.8709462078125 0.6457792375 0.8921781078125001 0.3679007703125 0.88741113125 0.2599644484375 0.8623898125 0.1375488359375 0.855108915625 0.13581878593750002 0.82618980625 0.130719565625 0.8052530593749999 0.1354071046875 0.7099958015625 0.19199111875 0.025110559375 0.7187601625 0.20580127187500002 0.7456626734375 0.8353253734375 0.7803094359375 0.8709462078125 0.6457792375
3 0.8140625 0.3765625 0.209375 0.3359375
3 0.63359375 0.37421875 0.2078125 0.265625
3 0.6390625 0.6515625 0.1671875 0.175
3 0.415625 0.625 0.25 0.19375
3 0.41953125 0.48359375 0.146875 0.125
3 0.2265625 0.684375 0.1859375 0.159375
2 0.721875 0.3078125 0.1078125 0.1265625
2 0.74921875 0.4359375 0.0890625 0.096875
2 0.5875 0.55546875 0.1859375 0.2390625
2 0.53359375 0.41328125 0.053125 0.0609375
2 0.50546875 0.67890625 0.065625 0.05625
2 0.7203125 0.68671875 0.1328125 0.16875
2 0.46875 0.7453125 0.0875 0.0625
2 0.36875 0.7359375 0.0640625 0.05625
2 0.26953125 0.725 0.05625 0.0484375
2 0.21875 0.61796875 0.0578125 0.053125