6 0.921875 0.2392578125 0.919921875 0.2060546875 0.8037109375 0.16015625 0.6982421875 0.13671875 0.4208984375 0.109375 0.2822265625 0.12109375 0.20703125 0.7470703125 0.2021484375 0.9296875 0.83984375 0.3466796875 0.912109375 0.2626953125 0.921875 0.2392578125
3 0.67578125 0.21171875 0.31484375 0.1578125
3 0.646875 0.390625 0.24140625 0.1671875
3 0.375 0.33671875 0.15234375 0.1421875
3 0.3625 0.56171875 0.1546875 0.22734375
3 0.50234375 0.58203125 0.103125 0.13125
3 0.27109375 0.7375 0.1328125 0.165625
2 0.728125 0.31484375 0.11171875 0.08984375
2 0.60625 0.265625 0.08515625 0.0765625
2 0.4609375 0.40390625 0.21484375 0.15078125
2 0.59140625 0.48203125 0.053125 0.0453125
2 0.325 0.46328125 0.04609375 0.05859375
2 0.3546875 0.25078125 0.153125 0.10703125
2 0.253125 0.48828125 0.05 0.0796875
2 0.24453125 0.58828125 0.046875 0.05625
2 0.23828125 0.6875 0.040625 0.04921875
2 0.33515625 0.75625 0.04453125 0.05