6 0.9553585234374999 0.3118074296875 0.9599522578125 0.2828037296875 0.960686890625 0.2753562578125 0.8530868 0.21184350937500002 0.752582978125 0.1721956171875 0.4829312953125 0.10180239218750001 0.344133484375 0.09168380468750001 0.1719396421875 0.69819041875 0.13854932343749998 0.8777954453125 0.8595960640625 0.4017229515625 0.9441100296875 0.3300773984375 0.9553585234374999 0.3118074296875
3 0.71875 0.24296875 0.334375 0.2046875
3 0.6625 0.41484375 0.2640625 0.2046875
3 0.40234375 0.31953125 0.1734375 0.1640625
3 0.3546875 0.5390625 0.1890625 0.2484375
3 0.48984375 0.58125 0.121875 0.1453125
3 0.23671875 0.6984375 0.1578125 0.184375
2 0.75390625 0.353125 0.125 0.10625
2 0.64140625 0.28515625 0.0953125 0.0875
2 0.4765625 0.39921875 0.2359375 0.1828125
2 0.59296875 0.496875 0.059375 0.053125
2 0.3328125 0.43671875 0.0546875 0.0640625
2 0.3953125 0.23125 0.16875 0.1296875
2 0.2578125 0.45 0.0625 0.0859375
2 0.23359375 0.546875 0.0546875 0.0625
2 0.2125 0.64453125 0.0484375 0.05625
2 0.296875 0.72734375 0.053125 0.05625