6 0.4781695328125 0 0.28909255 0.0165420921875 0.272294559375 0.0336964109375 0.251540503125 0.035512156249999996 0.24322662187500002 0.0450621609375 0.1890944375 0.1733150078125 0.183824190625 0.23259366250000002 0.172384940625 0.25123973906249997 0.185145134375 0.277571565625 0.16818367812499999 0.41237532187500003 0.1718877859375 0.484592921875 0.1593863125 0.5209772015625 0.1676388953125 0.555545734375 0.1515218078125 0.580482825 0.14867559375 0.6375888187500001 0.1790849078125 0.6564947906249999 0.1916748734375 0.6808809250000001 0.24633802187499998 0.91725055 0.3043513 0.982756128125 0.32883594375 1 0.5154351687500001 1 0.7368500203125 0.9811882265625 0.79470674375 0.9104468015625 0.8378694890625 0.83608946875 0.8581945984375 0.7696119265625 0.8930230296874999 0.719510778125 0.9086226765625 0.5691414781249999 0.9026647640625001 0.50104223125 0.879650140625 0.3873811984375 0.84175088125 0.2828647453125 0.8231212703124999 0.249204084375 0.7678111750000001 0.2295357703125 0.7180709125 0.18389254531250002 0.698590171875 0.14050342031250002 0.6864223875000001 0.061183953125 0.6432324484375 0.030652334375 0.6067630562499999 0.017178015625 0.5870055515625 0 0.4781695328125 0
8 0.596875 0.3578125 0.1546875 0.23125
8 0.45 0.884375 0.1515625 0.18125
8 0.35234375 0.4328125 0.0953125 0.1234375
3 0.421875 0.2765625 0.16875 0.21875
3 0.4015625 0.53046875 0.0796875 0.121875
3 0.27421875 0.66328125 0.0765625 0.1078125
3 0.54453125 0.77890625 0.1125 0.196875
2 0.4453125 0.49609375 0.1109375 0.246875
2 0.5 0.3546875 0.06875 0.075
2 0.4640625 0.7015625 0.103125 0.1828125
2 0.34921875 0.6609375 0.0875 0.121875
2 0.3078125 0.5671875 0.1046875 0.0953125
2 0.28203125 0.45234375 0.0734375 0.153125
2 0.33046875 0.5 0.0625 0.04375
2 0.31640625 0.3671875 0.0375 0.05625
2 0.26953125 0.27890625 0.071875 0.0796875