6 1 0.33203125 0.984375 0.3138020828125 0.984375 0.29296875 0.9755859375 0.2838541671875 0.8525390625 0.21875 0.7939453125 0.20833333281250002 0.7763671875 0.1953125 0.7490234375 0.20572916718749998 0.6162109375 0.1770833328125 0.5439453125 0.1744791671875 0.5087890625 0.1588541671875 0.4736328125 0.1640625 0.4501953125 0.1458333328125 0.3935546875 0.1380208328125 0.3720703125 0.1666666671875 0.3466796875 0.1770833328125 0.1064453125 0.2109375 0.0361328125 0.2630208328125 0.0009765625 0.3046875 0 0.6940104171875 0.0654296875 0.7578125 0.1357421875 0.8072916671874999 0.2001953125 0.8333333328125001 0.2470703125 0.8723958328125001 0.3955078125 0.9010416671874999 0.4638671875 0.9010416671874999 0.5791015625 0.8880208328125001 0.6865234375 0.859375 0.7216796875 0.84375 0.74609375 0.7903645828125 0.7958984375 0.7447916671875 0.8408203125 0.7291666671875 0.9208984375 0.7239583328125 0.955078125 0.68359375 0.9716796875 0.6484375 1 0.62109375 1 0.33203125
8 0.63359375 0.60859375 0.22109375 0.13515625
8 0.12109375 0.41640625 0.17109375 0.1375
8 0.5796875 0.35859375 0.1140625 0.0859375
3 0.7296875 0.44140625 0.20703125 0.15078125
3 0.478125 0.39921875 0.11640625 0.07109375
3 0.35703125 0.2609375 0.10234375 0.06953125
3 0.21796875 0.5203125 0.18828125 0.09765625
2 0.50859375 0.44609375 0.240625 0.090625
2 0.64453125 0.5125 0.0703125 0.0625
2 0.30234375 0.446875 0.17734375 0.08671875
2 0.353125 0.3359375 0.115625 0.07890625
2 0.45 0.30234375 0.0890625 0.096875
2 0.56640625 0.28671875 0.14765625 0.06015625
2 0.51484375 0.33125 0.0390625 0.059375
2 0.6484375 0.32890625 0.0546875 0.0328125
2 0.740625 0.28984375 0.0765625 0.065625