6 0.406052171875 0 0.3848267984375 0.0191148234375 0.34859812031250004 0.0332235703125 0.305947609375 0.06450430625 0.29516599375 0.14402405000000001 0.2764454640625 0.187746553125 0.22750936249999998 0.2342509125 0.1725509515625 0.254881525 0.1545116359375 0.2888621921875 0.1184422125 0.394024159375 0.097414753125 0.5080695421875 0.09264624375 0.576262396875 0.110867821875 0.72633654375 0.1465653328125 0.7758222203125 0.1680475390625 0.841934915625 0.212501425 0.9155276296875 0.2715839453125 0.9852485421875 0.4904267796875 1 0.6756718640625 1 0.7040441578125 0.9792680609375 0.7609053703125 0.9127599890625 0.8114349734375 0.6754723593749999 0.823597425 0.650870215625 0.8536721546875 0.6314364078125 0.8498297359375 0.574388784375 0.833279890625 0.5497367734374999 0.8409279125 0.515029478125 0.82779335 0.478868921875 0.8302365234375 0.406597675 0.8109249999999999 0.2721104671875 0.823223696875 0.24555995468749997 0.8114607703125 0.22711636249999997 0.8051567703125 0.1679387125 0.7487945109374999 0.0406501375 0.740315225 0.0312466828125 0.719532640625 0.0297934234375 0.7024378234374999 0.012934882812500001 0.5174603859375 0 0.406052171875 0
8 0.40078125 0.359375 0.1515625 0.2296875
8 0.55703125 0.88359375 0.1484375 0.1796875
8 0.646875 0.43046875 0.09375 0.121875
3 0.57421875 0.275 0.165625 0.215625
3 0.59921875 0.52890625 0.078125 0.1203125
3 0.728125 0.659375 0.075 0.10625
3 0.46015625 0.7796875 0.109375 0.1953125
2 0.5546875 0.4953125 0.1078125 0.246875
2 0.49765625 0.3546875 0.0671875 0.075
2 0.5390625 0.70078125 0.1 0.1828125
2 0.653125 0.6578125 0.0859375 0.1203125
2 0.69375 0.56328125 0.103125 0.09375
2 0.7171875 0.4484375 0.071875 0.1515625
2 0.66953125 0.496875 0.0625 0.04375
2 0.68125 0.3640625 0.0359375 0.0546875
2 0.7265625 0.275 0.0703125 0.0796875