6 0.2049090625 0 0.196684825 0.007669226562500001 0.1558057171875 0.059008215625000006 0.082921059375 0.187402165625 0.0292149375 0.326237425 0.003994679687500001 0.43284406718749996 0 0.547236734375 0 0.7336556828125 0.015148548437500001 0.7850103609375 0.07849037656249999 0.9298873390625 0.124370140625 0.9871874890625 0.4912724703125 1 0.8008191390625001 1 0.8602187421874999 0.9298254781249999 0.910405178125 0.8358165671875 0.9435695015625001 0.72557870625 0.97224128125 0.5760976515625 0.9141728062500001 0.22424737968750003 0.8665827859374999 0.076011834375 0.8053601921875 0.010358640625 0.508727534375 0 0.2049090625 0
3 0.13828125 0.7828125 0.1 0.1125
3 0.390625 0.6859375 0.1484375 0.146875
3 0.27265625 0.6203125 0.0984375 0.121875
3 0.27421875 0.94453125 0.1265625 0.1
3 0.49375 0.77734375 0.06875 0.084375
3 0.55078125 0.83203125 0.0921875 0.11875
3 0.59375 0.78515625 0.09375 0.0984375
3 0.7140625 0.871875 0.075 0.09375
3 0.7078125 0.44296875 0.1 0.11875
3 0.496875 0.5453125 0.1203125 0.1578125
3 0.303125 0.37265625 0.075 0.075
3 0.23671875 0.35078125 0.0765625 0.090625
3 0.3734375 0.09296875 0.1 0.1859375
3 0.6046875 0.225 0.1265625 0.1453125
5 0.16328125 0.61484375 0.209375 0.259375
5 0.20859375 0.44296875 0.14375 0.2078125
5 0.109375 0.3953125 0.175 0.2
5 0.27265625 0.26171875 0.1328125 0.20625
5 0.2171875 0.171875 0.146875 0.203125
5 0.41328125 0.2453125 0.1671875 0.2265625
5 0.47890625 0.08203125 0.1734375 0.1640625
5 0.55546875 0.38046875 0.1671875 0.21875
5 0.70546875 0.32109375 0.20625 0.2125
5 0.559375 0.63671875 0.1984375 0.21875
5 0.69765625 0.721875 0.2109375 0.2625
5 0.43359375 0.9203125 0.2109375 0.159375
5 0.41796875 0.79296875 0.178125 0.203125
5 0.25546875 0.74765625 0.15625 0.1671875
5 0.20078125 0.8671875 0.19375 0.1859375