6 0.20804507968750002 0 0.20532337812499998 0.00245063125 0.1635545078125 0.0530683609375 0.0884401671875 0.1801707453125 0.032319214062500004 0.31804755625 0.00524225625 0.424197809375 0 0.5242260187500001 0 0.73938744375 0.0102482765625 0.7765051281249999 0.0710520046875 0.9224655078125 0.11592475625000001 0.9805576421875 0.48690704843750005 1 0.7965839078125 1 0.852662390625 0.9360466984375 0.9044818640625 0.8429279781250001 0.939565053125 0.7332857046875 0.9708412703124999 0.5843278093750001 0.9189222718750001 0.2315176890625 0.8739265671875 0.0824741625 0.813859103125 0.0157624859375 0.5130929625 0 0.20804507968750002 0
3 0.13359375 0.7765625 0.103125 0.1140625
3 0.38671875 0.684375 0.1515625 0.15
3 0.27109375 0.61640625 0.1 0.1234375
3 0.26640625 0.940625 0.128125 0.1015625
3 0.48828125 0.77734375 0.0703125 0.0859375
3 0.5453125 0.8328125 0.09375 0.1203125
3 0.5890625 0.78671875 0.0953125 0.1
3 0.70703125 0.87578125 0.0765625 0.09375
3 0.70859375 0.446875 0.1015625 0.1203125
3 0.49609375 0.5453125 0.1234375 0.159375
3 0.3046875 0.36953125 0.075 0.075
3 0.23984375 0.34609375 0.078125 0.090625
3 0.3796875 0.0921875 0.103125 0.184375
3 0.609375 0.22734375 0.1296875 0.146875
5 0.1609375 0.60859375 0.2125 0.2625
5 0.21015625 0.4375 0.1484375 0.209375
5 0.11171875 0.3890625 0.178125 0.2015625
5 0.27734375 0.2578125 0.1375 0.2078125
5 0.2234375 0.1671875 0.1515625 0.20625
5 0.41796875 0.24375 0.1703125 0.2296875
5 0.4859375 0.08203125 0.175 0.1640625
5 0.5578125 0.38203125 0.1703125 0.221875
5 0.70859375 0.325 0.209375 0.215625
5 0.55703125 0.6375 0.2015625 0.221875
5 0.69375 0.725 0.2140625 0.2671875
5 0.42734375 0.91875 0.2140625 0.1625
5 0.4125 0.79140625 0.18125 0.20625
5 0.25078125 0.74375 0.1578125 0.1703125
5 0.19453125 0.86171875 0.196875 0.1890625