6 1 0.1416015625 0.9443359375 0.09375 0.8017578125 0.025390625 0.7314453125 0.001953125 0.4501953125 0.001953125 0.3427734375 0.0234375 0.2021484375 0.072265625 0.0712890625 0.140625 0.0185546875 0.1796875 0 0.1982421875 0 0.7880859375 0.0634765625 0.8515625 0.2099609375 0.904296875 0.5595703125 0.974609375 0.7099609375 0.951171875 0.8212890625 0.921875 0.9169921875 0.875 1 0.8095703125 1 0.1416015625
3 0.7953125 0.1484375 0.10859375 0.09609375
3 0.68984375 0.396875 0.1421875 0.14375
3 0.628125 0.27734375 0.11953125 0.09375
3 0.95234375 0.28984375 0.0953125 0.1234375
3 0.77734375 0.503125 0.08359375 0.065625
3 0.8296875 0.5625 0.115625 0.08671875
3 0.78203125 0.60390625 0.09453125 0.090625
3 0.8640625 0.7265625 0.0890625 0.0734375
3 0.4359375 0.70546875 0.1140625 0.09609375
3 0.5453125 0.4984375 0.1546875 0.11484375
3 0.3796875 0.2984375 0.0703125 0.0703125
3 0.36015625 0.23203125 0.0875 0.07265625
3 0.09453125 0.359375 0.18828125 0.09375
3 0.221875 0.5953125 0.13984375 0.12109375
5 0.6265625 0.1671875 0.2515625 0.2
5 0.453125 0.20703125 0.20234375 0.1375
5 0.409375 0.10625 0.19453125 0.1671875
5 0.26953125 0.26484375 0.20078125 0.1265625
5 0.18203125 0.20625 0.19765625 0.14140625
5 0.2484375 0.4046875 0.2203125 0.159375
5 0.08125 0.46484375 0.1625 0.1671875
5 0.37890625 0.5515625 0.21328125 0.15859375
5 0.3140625 0.69921875 0.20703125 0.19765625
5 0.634375 0.5640625 0.2125 0.190625
5 0.71484375 0.70546875 0.25625 0.20234375
5 0.9234375 0.44921875 0.15234375 0.20625
5 0.7953125 0.428125 0.19765625 0.17265625
5 0.75625 0.2640625 0.1640625 0.15078125
5 0.87734375 0.2140625 0.1796875 0.18828125