6 0.71122933125 0 0.6567504578125 0.004766284375000001 0.5917220999999999 0.0133310546875 0.5036790609375 0.060245534375 0.4646508390625 0.14077642968749998 0.4454849703125 0.21303430781250002 0.4292696875 0.31901752656250004 0.425636434375 0.4343564203125 0.454106228125 0.6253100828125 0.511210459375 0.7850033015625 0.57087719375 0.88434770625 0.624334353125 0.946330721875 0.69126583125 0.971844346875 0.81705495625 0.95299688125 0.879350053125 0.9031068250000001 0.9129136953125 0.8609586734375 0.954114578125 0.7828518109375 0.97889055625 0.7074889984375 0.997311428125 0.5594869859375 0.9877787687499999 0.45052819062499994 0.9595030140624999 0.30661160625 0.9186123015625001 0.1977821703125 0.86179913125 0.10864457031250001 0.7918685578125 0.0376463359375 0.758240825 0.011833123437499999 0.7176445453125 0 0.71122933125 0
2 0.86171875 0.490625 0.20625 0.45
2 0.7359375 0.83359375 0.115625 0.1984375
2 0.61015625 0.7734375 0.1234375 0.1828125
2 0.49921875 0.58203125 0.084375 0.1203125
2 0.55390625 0.16640625 0.1703125 0.2140625
2 0.70625 0.12265625 0.0859375 0.140625
2 0.75390625 0.18046875 0.11875 0.175
2 0.659375 0.3515625 0.053125 0.1421875
4 0.575 0.30546875 0.165625 0.2671875
4 0.7421875 0.2296875 0.171875 0.1609375
4 0.69921875 0.41015625 0.1515625 0.2421875
4 0.7453125 0.51953125 0.121875 0.178125
4 0.8203125 0.38828125 0.0890625 0.096875
4 0.6609375 0.690625 0.134375 0.1890625
4 0.7515625 0.71015625 0.053125 0.159375
4 0.5625 0.64765625 0.0796875 0.1296875
4 0.48984375 0.47265625 0.071875 0.1484375