6 0.1783854171875 0.927734375 0.2513020828125 0.958984375 0.3971354171875 0.990234375 0.5065104171875 0.990234375 0.65234375 0.974609375 0.7643229171875 0.943359375 0.8580729171874999 0.89453125 0.9348958328125001 0.8310546875 0.9635416671874999 0.7998046875 0.9817708328125001 0.7529296875 0.9765625 0.6337890625 0.9375 0.5419921875 0.8606770828125001 0.49609375 0.7903645828125 0.470703125 0.6861979171875 0.4453125 0.5716145828125 0.431640625 0.37890625 0.443359375 0.21484375 0.486328125 0.1106770828125 0.537109375 0.0442708328125 0.5849609375 0.013020832812499999 0.6494140625 0.0208333328125 0.7763671875 0.06510416718749999 0.8427734375 0.1041666671875 0.8798828125 0.1783854171875 0.927734375
2 0.478125 0.8609375 0.4359375 0.16796875
2 0.146875 0.70625 0.190625 0.1
2 0.21796875 0.5859375 0.17421875 0.109375
2 0.41796875 0.4921875 0.11328125 0.07421875
2 0.82734375 0.5828125 0.20234375 0.1546875
2 0.8578125 0.73828125 0.13359375 0.075
2 0.79609375 0.78046875 0.16796875 0.10546875
2 0.63359375 0.671875 0.13984375 0.040625
4 0.6875 0.59140625 0.25546875 0.14375
4 0.7484375 0.76484375 0.1484375 0.159375
4 0.571875 0.70625 0.23046875 0.13125
4 0.459375 0.74296875 0.16875 0.1078125
4 0.58359375 0.82890625 0.090625 0.08125
4 0.29609375 0.64375 0.17890625 0.1171875
4 0.26875 0.73203125 0.1546875 0.03984375
4 0.34765625 0.54921875 0.12421875 0.06875
4 0.528125 0.4921875 0.14296875 0.06015625