6 0.2823554546875 0 0.24175917500000002 0.011833123437499999 0.20813144218750002 0.0376463359375 0.13820086874999998 0.10864457031250001 0.0813876984375 0.1977821703125 0.0404969859375 0.30661160625 0.01222123125 0.45052819062499994 0.002688571875 0.5594869859375 0.02110944375 0.7074889984375 0.045885421875 0.7828518109375 0.0870863046875 0.8609586734375 0.120649946875 0.9031068250000001 0.18294504375 0.95299688125 0.30873416875 0.971844346875 0.37566564687500004 0.946330721875 0.42912280625 0.88434770625 0.488789540625 0.7850033015625 0.545893771875 0.6253100828125 0.574363565625 0.4343564203125 0.5707303125000001 0.31901752656250004 0.5545150296875 0.21303430781250002 0.5353491609375001 0.14077642968749998 0.49632093906249997 0.060245534375 0.4082779 0.0133310546875 0.34324954218750003 0.004766284375000001 0.28877066875 0 0.2823554546875 0
2 0.13828125 0.490625 0.20625 0.45
2 0.2640625 0.83359375 0.115625 0.1984375
2 0.38984375 0.7734375 0.1234375 0.1828125
2 0.50078125 0.58203125 0.084375 0.1203125
2 0.44609375 0.16640625 0.1703125 0.2140625
2 0.29375 0.12265625 0.0859375 0.140625
2 0.24609375 0.18046875 0.11875 0.175
2 0.340625 0.3515625 0.053125 0.1421875
4 0.425 0.30546875 0.165625 0.2671875
4 0.2578125 0.2296875 0.171875 0.1609375
4 0.30078125 0.41015625 0.1515625 0.2421875
4 0.2546875 0.51953125 0.121875 0.178125
4 0.1796875 0.38828125 0.0890625 0.096875
4 0.3390625 0.690625 0.134375 0.1890625
4 0.2484375 0.71015625 0.053125 0.159375
4 0.4375 0.64765625 0.0796875 0.1296875
4 0.51015625 0.47265625 0.071875 0.1484375