6 0.49667269843749995 0 0 0.0171619046875 0 0.5057055859374999 0.0173680421875 1 0.5087275390625 1 1 0.9828443874999999 1 0.4912724671875 0.9828443874999999 0 0.49667269843749995 0
1 0.046875 0.0578125 0.078125 0.0875
1 0.6046875 0.16953125 0.0953125 0.096875
1 0.60859375 0.46796875 0.09375 0.109375
1 0.68984375 0.6828125 0.084375 0.06875
1 0.69609375 0.83671875 0.1109375 0.11875
1 0.16875 0.9671875 0.071875 0.065625
1 0.07734375 0.84765625 0.090625 0.1
1 0.05390625 0.6078125 0.0734375 0.09375
1 0.01328125 0.440625 0.0265625 0.08125
1 0.04609375 0.3 0.0703125 0.0625
1 0.0984375 0.19296875 0.0609375 0.06875