6 0.4694186875 0 0 0.0576373671875 0 0.5305813046875001 0.057637368749999994 1 0.528980571875 1 1 0.942341346875 1 0.47024924375 0.9421575437499999 0 0.4694186875 0
1 0.9734375 0.90078125 0.053125 0.0921875
1 0.42421875 0.83828125 0.103125 0.1046875
1 0.39453125 0.54140625 0.103125 0.1171875
1 0.29453125 0.334375 0.090625 0.075
1 0.275 0.18125 0.1203125 0.128125
1 0.7890625 0.01953125 0.078125 0.0390625
1 0.890625 0.11640625 0.0984375 0.10625
1 0.934375 0.35390625 0.08125 0.0984375
1 0.9859375 0.51484375 0.028125 0.0828125
1 0.965625 0.65859375 0.06875 0.0671875
1 0.9265625 0.77109375 0.0671875 0.0734375