6 1 0.00021600468750000002 0 0 0.0003665765625 1 1 1 1 0.00021600468750000002
1 0.0421875 0.0625 0.084375 0.0734375
1 0.1734375 0.61640625 0.09375 0.09140625
1 0.471875 0.609375 0.10546875 0.08984375
1 0.6890625 0.68359375 0.065625 0.0828125
1 0.84375 0.684375 0.11640625 0.10703125
1 0.9578125 0.15234375 0.06640625 0.07109375
1 0.8328125 0.065625 0.09609375 0.08671875
1 0.5921875 0.05078125 0.09140625 0.0703125
1 0.42421875 0.0140625 0.07890625 0.02734375
1 0.284375 0.053125 0.05859375 0.06953125
1 0.17890625 0.109375 0.0671875 0.05859375