6 0.7450189359375 1 0.9166045859375 0.9680917390625 0.9703253796875 0.9418272171875 0.9994155109375 0.51181938125 0.898613321875 0.4134022046875 0.809946578125 0.3654336078125 0.32191440781249997 0.260822878125 0.043429678124999996 0.2674545875 0.0105460859375 0.33172355 0 0.48253960625000003 0 0.884046753125 0.159861584375 0.9543330015624999 0.3485107828125 0.987495159375 0.4175560140625 0.9923232734375 0.557634184375 1 0.7450189359375 1
3 0.6765625 0.77265625 0.1875 0.159375
3 0.215625 0.6078125 0.090625 0.0796875
3 0.878125 0.59609375 0.0921875 0.0625
3 0.5046875 0.7890625 0.059375 0.1296875
3 0.82421875 0.80625 0.11875 0.1265625
3 0.08828125 0.6671875 0.159375 0.140625
5 0.1328125 0.5296875 0.16875 0.19375
5 0.3640625 0.71875 0.146875 0.14375
5 0.92109375 0.6953125 0.1203125 0.1328125
5 0.57890625 0.4515625 0.1109375 0.1296875
5 0.28359375 0.53515625 0.1625 0.1171875
2 0.6421875 0.54296875 0.1296875 0.0859375
2 0.46015625 0.4703125 0.0671875 0.0796875
2 0.47890625 0.5703125 0.0515625 0.13125
2 0.5609375 0.80859375 0.05625 0.0625
2 0.46953125 0.703125 0.0734375 0.0984375
2 0.2546875 0.79453125 0.059375 0.09375
2 0.25234375 0.42265625 0.0734375 0.090625