6 0.5043634140625 1 0.6424297937500001 0.9975900421875 0.708331671875 0.9681150953125 0.7295290578125 0.6903590953125 0.6506033234374999 0.197520853125 0.6073409265625 0.1064651421875 0.5143342046875 0.0006503421875 0.0833932203125 0.007195734375 0.054353162499999996 0.05946832656249999 0.003355359375 0.271328128125 0.0040366546875 0.5565647890625 0.0052446015625 0.62576808125 0.028488178125000003 0.815894315625 0.0981794125 1 0.5043634140625 1
3 0.2375 0.309375 0.15 0.18125
3 0.37734375 0.778125 0.075 0.0875
3 0.4234375 0.11796875 0.0578125 0.090625
3 0.2109375 0.4796875 0.128125 0.0515625
3 0.2109375 0.16015625 0.1203125 0.1125
3 0.31171875 0.90234375 0.134375 0.1515625
5 0.45078125 0.86484375 0.1859375 0.159375
5 0.275 0.62421875 0.1375 0.1390625
5 0.3265625 0.06953125 0.1265625 0.1140625
5 0.55234375 0.42421875 0.125 0.1046875
5 0.45390625 0.7140625 0.109375 0.15625
2 0.46484375 0.35625 0.0796875 0.1265625
2 0.52734375 0.54140625 0.0765625 0.0640625
2 0.428125 0.51796875 0.128125 0.04375
2 0.19453125 0.4234375 0.0609375 0.053125
2 0.2953125 0.5203125 0.0953125 0.06875
2 0.19296875 0.7296875 0.0921875 0.0546875
2 0.56484375 0.7515625 0.0875 0.06875