6 1 0.3658854171875 0.9716796875 0.2994791671875 0.6943359375 0.2734375 0.2001953125 0.34375 0.1083984375 0.3854166671875 0.0009765625 0.4765625 0 0.9075520828125001 0.0517578125 0.9375 0.2626953125 0.9921875 0.6083984375 0.9973958328125001 0.8076171875 0.9765625 1 0.9075520828125001 1 0.3658854171875
3 0.3046875 0.759375 0.1765625 0.14765625
3 0.77578125 0.62734375 0.08671875 0.0734375
3 0.11640625 0.56953125 0.0890625 0.05625
3 0.475 0.78828125 0.05 0.12734375
3 0.15546875 0.7828125 0.11171875 0.11875
3 0.89921875 0.6953125 0.15 0.13203125
5 0.8640625 0.55546875 0.15703125 0.18203125
5 0.6203125 0.72734375 0.1375 0.134375
5 0.06640625 0.665625 0.1125 0.12421875
5 0.425 0.44609375 0.10234375 0.12265625
5 0.71328125 0.55 0.15546875 0.10703125
2 0.35546875 0.5328125 0.125 0.0796875
2 0.5421875 0.4734375 0.06328125 0.075
2 0.51640625 0.571875 0.04140625 0.12890625
2 0.41796875 0.80390625 0.05078125 0.059375
2 0.51640625 0.7046875 0.0671875 0.09296875
2 0.72421875 0.8109375 0.053125 0.09140625
2 0.75234375 0.43984375 0.06640625 0.08671875