6 0.5829044109375 1 0.71337890625 0.9411458328125001 0.80908203125 0.8473958328125001 0.90380859375 0.6894097218749999 0.93505859375 0.5782986109375 0.94287109375 0.50538194375 0.93505859375 0.3109375 0.91943359375 0.25538194375 0.86572265625 0.1529513890625 0.77587890625 0.0314236109375 0.6630859390625 0.0046875 0.63212889375 0.0046875 0.39306640625 0.0140625 0.24267578125 0.0869791671875 0.14013671875 0.2588541671875 0.0703125 0.45539641093750005 0.0703125 0.465104165625 0.07958984375 0.6234375 0.09521484375 0.6894097218749999 0.15771484375 0.8526041671875 0.306953125 1 0.5829044109375 1
3 0.36796875 0.46875 0.1546875 0.1875
3 0.43515625 0.284375 0.1640625 0.15625
3 0.6703125 0.32734375 0.159375 0.1796875
3 0.534375 0.5375 0.06875 0.125
3 0.4984375 0.678125 0.059375 0.090625
3 0.5484375 0.70625 0.05625 0.0875
3 0.7359375 0.703125 0.06875 0.10625
3 0.59140625 0.82109375 0.0578125 0.0859375
4 0.53828125 0.3984375 0.1296875 0.134375
4 0.6859375 0.5015625 0.125 0.190625
4 0.67734375 0.8703125 0.1078125 0.096875
4 0.57734375 0.90078125 0.0859375 0.0828125
4 0.4234375 0.68984375 0.11875 0.121875
4 0.30859375 0.62734375 0.128125 0.13125
4 0.33046875 0.81796875 0.0984375 0.0765625
4 0.36796875 0.9375 0.1046875 0.10625
1 0.45546875 0.8515625 0.0453125 0.065625
1 0.48828125 0.83359375 0.04375 0.0671875
1 0.2046875 0.80390625 0.05 0.078125
1 0.35234375 0.66875 0.065625 0.06875
1 0.4890625 0.5609375 0.046875 0.08125
1 0.48359375 0.4734375 0.0578125 0.1125
1 0.49765625 0.3359375 0.0609375 0.071875
1 0.60390625 0.503125 0.0609375 0.115625
1 0.69765625 0.72890625 0.0640625 0.0984375