6 1 0.333255665625 0.88109451875 0.1897488203125 0.7239683109375 0.11326331875 0.6596089421875 0.09194791875 0.5026866875 0.06890621875 0.49301587500000005 0.06806013125 0.2911359515625 0.12048886249999999 0.11097812031250001 0.20765784062499998 0.025231515625 0.3511210765625 0 0.5495747843750001 0 0.6714532796875 0.0091622546875 0.7339899812499999 0.122397184375 0.8340836921875001 0.21975674218750002 0.8965176546875 0.273739084375 0.9169251812500001 0.46676270468750003 0.941654903125 0.5400828062499999 0.9402272375 0.6534947234375 0.918780125 0.8191356125 0.8381834218750001 0.9208699421875 0.751015328125 0.990871753125 0.62616680625 1 0.521830465625 1 0.333255665625
3 0.48046875 0.365625 0.2 0.1703125
3 0.290625 0.41640625 0.1703125 0.1765625
3 0.31328125 0.6546875 0.1921875 0.175
3 0.534375 0.5375 0.13125 0.0796875
3 0.67734375 0.5140625 0.0953125 0.0671875
3 0.7015625 0.56640625 0.0921875 0.0640625
3 0.68203125 0.753125 0.1125 0.078125
3 0.81171875 0.61875 0.090625 0.065625
4 0.3953125 0.52890625 0.1453125 0.140625
4 0.48515625 0.68515625 0.2015625 0.140625
4 0.853125 0.70859375 0.10625 0.115625
4 0.8921875 0.61171875 0.090625 0.0921875
4 0.69609375 0.440625 0.13125 0.1296875
4 0.64375 0.3203125 0.1421875 0.1390625
4 0.83125 0.35859375 0.084375 0.1046875
4 0.94453125 0.40546875 0.1109375 0.1140625
1 0.85390625 0.4859375 0.06875 0.0515625
1 0.83359375 0.5171875 0.0703125 0.05
1 0.828125 0.23203125 0.0828125 0.05625
1 0.68125 0.36796875 0.0734375 0.071875
1 0.56171875 0.49453125 0.084375 0.053125
1 0.475 0.48125 0.1171875 0.0671875
1 0.33671875 0.48359375 0.0765625 0.0671875
1 0.49375 0.60390625 0.1203125 0.0703125
1 0.7109375 0.7171875 0.103125 0.071875