6 0.4169921875 0 0.2861328125 0.059027778125 0.1904296875 0.15277777812499999 0.095703125 0.3107638890625 0.064453125 0.421875 0.056640625 0.4947916671875 0.064453125 0.6892361109375 0.080078125 0.7447916671875 0.1337890625 0.847222221875 0.2236328125 0.96875 0.3408203125 0.996527778125 0.6064453125 0.9861111109375 0.7568359375 0.9131944437499999 0.859375 0.7413194437499999 0.9296875 0.543402778125 0.919921875 0.3767361109375 0.904296875 0.3107638890625 0.841796875 0.14756944375 0.6923828125 0 0.4169921875 0
3 0.63203125 0.53125 0.1546875 0.1875
3 0.56484375 0.715625 0.16328125 0.1546875
3 0.3296875 0.67265625 0.16015625 0.1796875
3 0.465625 0.4625 0.06875 0.12421875
3 0.5015625 0.321875 0.0609375 0.090625
3 0.4515625 0.29375 0.05703125 0.0875
3 0.2640625 0.296875 0.06953125 0.1078125
3 0.40859375 0.17890625 0.05703125 0.0859375
4 0.46171875 0.6015625 0.13046875 0.13359375
4 0.3140625 0.4984375 0.12578125 0.1890625
4 0.32265625 0.1296875 0.10859375 0.0953125
4 0.42265625 0.09921875 0.0859375 0.08359375
4 0.5765625 0.31015625 0.11796875 0.121875
4 0.69140625 0.37265625 0.128125 0.13125
4 0.66953125 0.18203125 0.09765625 0.07734375
4 0.63203125 0.0625 0.10390625 0.1078125
1 0.54453125 0.1484375 0.0453125 0.065625
1 0.51171875 0.16640625 0.04375 0.06796875
1 0.7953125 0.19609375 0.05 0.078125
1 0.64765625 0.33125 0.065625 0.06796875
1 0.5109375 0.4390625 0.0484375 0.08046875
1 0.51640625 0.5265625 0.05859375 0.11328125
1 0.50234375 0.6640625 0.0609375 0.0703125
1 0.39609375 0.496875 0.06171875 0.11640625
1 0.30234375 0.27109375 0.06484375 0.09765625