6 1 0.035838146875 0.9486751968749999 0.0228278984375 0.67430666875 0.120952853125 0.44640461875000004 0.1637652828125 0.31581275 0.0976951578125 0.2284970875 0.33561071249999996 0.3614382640625 0.42080096562499997 0.32793035625 0.569903725 0.0750956109375 0.8326690625 0 0.9268211624999999 0 0.9744822828125 0.486907034375 1 0.840293034375 1 0.9786031734374999 0.9012518890625 1 0.502317028125 1 0.035838146875
2 0.70078125 0.31484375 0.2609375 0.34375
2 0.89296875 0.46171875 0.2 0.2453125
2 0.953125 0.25625 0.09375 0.1375
2 0.8640625 0.70078125 0.13125 0.24375
2 0.7578125 0.89921875 0.171875 0.2015625
2 0.37578125 0.5953125 0.090625 0.1953125
2 0.31328125 0.40078125 0.1453125 0.159375
2 0.22109375 0.275 0.125 0.2015625
2 0.30625 0.915625 0.1609375 0.1578125
3 0.5203125 0.9296875 0.278125 0.140625
3 0.15 0.91015625 0.1484375 0.1515625
3 0.8890625 0.28046875 0.11875 0.159375