6 0 0.842764634375 0.1243461671875 0.998947165625 0.98473705 1 1 0.9230870453125 0.8876501828125001 0.6542299921875 0.8329689531250001 0.42888090468750006 0.89211388125 0.29501016406249997 0.6499546328125 0.22026570156249997 0.571838734375 0.3574832015625 0.421186646875 0.33182465 0.145549071875 0.09308848125 0.0160998875 0.0004945609375 0 0 0 0.842764634375
2 0.6953125 0.690625 0.33125 0.2421875
2 0.55859375 0.890625 0.23671875 0.18671875
2 0.76796875 0.9484375 0.13359375 0.10234375
2 0.31875 0.87421875 0.23671875 0.11875
2 0.1109375 0.77890625 0.19921875 0.1609375
2 0.3984375 0.38125 0.1890625 0.08046875
2 0.5890625 0.30859375 0.153125 0.1375
2 0.71015625 0.209375 0.19609375 0.11484375
2 0.075 0.328125 0.15 0.15234375
3 0.0671875 0.54375 0.134375 0.271875
3 0.071875 0.171875 0.14375 0.140625
3 0.73984375 0.87734375 0.153125 0.1109375