6 0.4905956234375 0 0.090456446875 0.02847253125 0 0.15996268593750002 0 0.5174603875 0.0337424578125 1 0.09089001875 1 0.174797209375 0.93064555 0.4331099515625 0.673263425 0.5816052078125 0.6371584171875 0.6691026296875 0.7685925734375 0.9054580796874999 0.677138009375 0.837118875 0.5477191125 0.8759473453125001 0.31910459375 0.9692689640625 0.0430653359375 0.9575488296874999 0 0.4905956234375 0
2 0.68125 0.29609375 0.346875 0.265625
2 0.53125 0.10625 0.2484375 0.203125
2 0.73515625 0.04453125 0.1390625 0.0890625
2 0.29296875 0.1390625 0.2453125 0.134375
2 0.0984375 0.2484375 0.196875 0.175
2 0.40703125 0.62578125 0.1953125 0.09375
2 0.60234375 0.684375 0.1625 0.1484375
2 0.7296875 0.775 0.203125 0.1296875
2 0.08828125 0.70078125 0.1609375 0.1625
3 0.0703125 0.4859375 0.140625 0.28125
3 0.09609375 0.85703125 0.153125 0.15
3 0.71328125 0.10703125 0.1609375 0.121875