6 0.528800984375 0 0 0.0086596484375 0 0.48265167656249996 0.0048653375 0.783098471875 0.18080379687499998 1 0.467653440625 1 1 0.9913395265625 1 0.5168764875 0.9953050953125 0.22666566718749998 0.9766047859375 0.1625291390625 0.9003129796874999 0 0.528800984375 0
3 0.80078125 0.46015625 0.3421875 0.31875
3 0.7921875 0.10390625 0.271875 0.2078125
3 0.353125 0.1703125 0.3375 0.340625
3 0.0765625 0.32578125 0.153125 0.1140625
3 0.13046875 0.72421875 0.2296875 0.2984375
3 0.3671875 0.6734375 0.103125 0.190625
6 0.41171875 0.44921875 0.2296875 0.253125
8 0.1203125 0.215625 0.240625 0.215625
8 0.09609375 0.49921875 0.1921875 0.2453125
8 0.928125 0.6734375 0.14375 0.178125
8 0.44765625 0.8078125 0.1515625 0.084375
8 0.67265625 0.2140625 0.3078125 0.2203125
8 0.94609375 0.2546875 0.1015625 0.1203125
2 0.66796875 0.21015625 0.109375 0.125
2 0.8265625 0.09140625 0.115625 0.0890625
2 0.18046875 0.02734375 0.134375 0.0453125
2 0.20546875 0.425 0.13125 0.1125
2 0.0890625 0.47265625 0.178125 0.1921875
2 0.32265625 0.44765625 0.0984375 0.084375
2 0.5328125 0.503125 0.2265625 0.2484375
2 0.63125 0.709375 0.3296875 0.2234375
2 0.8171875 0.853125 0.365625 0.284375
2 0.3265625 0.8734375 0.20625 0.20625