6 0.46319873593749994 0 0.150747196875 0.049083646875 0 0.2110065625 0 0.5352375640625 0.07304609375 1 0.5368488109375 1 0.839607409375 0.9524440328124999 0.9005171843750001 0.924999634375 1 0.8600348656250001 1 0.46438715156250004 0.9269617374999999 0 0.46319873593749994 0
3 0.58125 0.7921875 0.3609375 0.3828125
3 0.90546875 0.73515625 0.1890625 0.2984375
3 0.80625 0.309375 0.384375 0.3796875
3 0.61171875 0.0703125 0.1328125 0.140625
3 0.2265625 0.165625 0.3265625 0.26875
3 0.309375 0.3921875 0.203125 0.128125
6 0.53828125 0.40546875 0.2828125 0.2609375
8 0.728125 0.10859375 0.246875 0.2171875
8 0.44375 0.10625 0.26875 0.2125
8 0.38671875 0.9328125 0.1953125 0.134375
8 0.1875 0.490625 0.103125 0.1609375
8 0.80703125 0.63125 0.2609375 0.334375
8 0.8046875 0.90703125 0.1328125 0.1171875
2 0.81015625 0.62578125 0.1390625 0.1265625
2 0.9484375 0.76640625 0.103125 0.1265625
2 0.9234375 0.11796875 0.0640625 0.1390625
2 0.53359375 0.1984375 0.1296875 0.1453125
2 0.46796875 0.09609375 0.2140625 0.1921875
2 0.52734375 0.3171875 0.096875 0.109375
2 0.5015625 0.5328125 0.2765625 0.2578125
2 0.3109375 0.65859375 0.265625 0.35625
2 0.19453125 0.83203125 0.3328125 0.3359375
2 0.1109375 0.38046875 0.221875 0.2328125