6 1 0.2353515625 0.982421875 0.1708984375 0.90625 0.0009765625 0.0009765625 0 0 0.7744140625 0.17578125 0.9990234375 0.9990234375 1 1 0.2353515625
3 0.8015625 0.465625 0.33671875 0.31328125
3 0.8 0.10703125 0.2671875 0.20703125
3 0.359375 0.16796875 0.33203125 0.3359375
3 0.0796875 0.31953125 0.15390625 0.11171875
3 0.1265625 0.71796875 0.22421875 0.29453125
3 0.3640625 0.67109375 0.10078125 0.1890625
6 0.4125 0.44765625 0.22421875 0.25
8 0.121875 0.20859375 0.24375 0.2109375
8 0.0953125 0.49296875 0.190625 0.2421875
8 0.92734375 0.68125 0.14453125 0.1734375
8 0.4421875 0.80703125 0.14921875 0.08125
8 0.67734375 0.2171875 0.30390625 0.21640625
8 0.95 0.2625 0.1 0.11796875
2 0.67265625 0.21328125 0.10859375 0.12265625
2 0.83359375 0.096875 0.11328125 0.0890625
2 0.1890625 0.021875 0.1328125 0.04296875
2 0.20703125 0.41953125 0.13046875 0.11015625
2 0.0890625 0.46640625 0.178125 0.1890625
2 0.3234375 0.44453125 0.09609375 0.08203125
2 0.5328125 0.50390625 0.2203125 0.2453125
2 0.62734375 0.71171875 0.32734375 0.2171875
2 0.815625 0.859375 0.36875 0.27734375
2 0.3203125 0.8703125 0.2046875 0.203125