6 0.1656740109375 0 0.0722715484375 0.1791381875 0.042096403125 0.269774475 0 0.46098863124999995 0 0.896870275 0.0046652171875 0.9118766468749999 0.0546181453125 0.9325270531250001 0.48062556250000005 1 0.521179890625 1 0.5438749671875 0.9720999750000001 0.58924575625 0.9103747625 0.64748401875 0.7923780484375 0.70322158125 0.5653175390625 0.7458110687499999 0.296418096875 0.745831909375 0.1214928671875 0.7282436359375 0.057747215625 0.7114691796875 0.032561728125 0.512946540625 0 0.1656740109375 0
3 0.44453125 0.11484375 0.121875 0.2
3 0.33125 0.28671875 0.2109375 0.1953125
3 0.3796875 0.4671875 0.1046875 0.1421875
3 0.25703125 0.58046875 0.1125 0.171875
3 0.30859375 0.6828125 0.071875 0.1125
3 0.34921875 0.80546875 0.15625 0.325
3 0.44375 0.76640625 0.146875 0.228125
3 0.48359375 0.82890625 0.1703125 0.2515625
3 0.6375 0.58984375 0.1 0.1328125
3 0.62890625 0.50859375 0.0984375 0.134375
3 0.55859375 0.55859375 0.0703125 0.1015625
3 0.615625 0.32734375 0.14375 0.1875
3 0.584375 0.14375 0.103125 0.128125
3 0.50390625 0.38203125 0.0625 0.115625
3 0.43203125 0.50546875 0.053125 0.09375
2 0.4453125 0.61796875 0.1625 0.19375
2 0.534375 0.3625 0.0875 0.23125