6 0.12157670937500001 0 0.08371209375000001 0.008366703125 0.0402414765625 0.0926994140625 0.02361374375 0.150009571875 0.0007842999999999999 0.45070406093750004 0.0090747453125 0.64721375625 0.0230526359375 0.741712934375 0.0970996015625 0.9760252125 0.1056817328125 0.9879569140625 0.14185765 0.9906992906250001 0.242879796875 0.9924626375000001 0.627086684375 0.997058071875 0.6479797125 0.9751680609375001 0.676370096875 0.915445021875 0.70672501875 0.7431736812499999 0.711476459375 0.4709638375 0.6960143203125 0.2376741625 0.6591507437499999 0.11135711562499999 0.6251877078125 0.0426910921875 0.6052997921875 0.00699825 0.595889821875 0.004723075 0.325305053125 0 0.12157670937500001 0
3 0.37890625 0.86953125 0.096875 0.1890625
3 0.296875 0.68046875 0.190625 0.171875
3 0.37578125 0.5109375 0.0875 0.13125
3 0.275 0.37890625 0.0921875 0.1609375
3 0.34375 0.28671875 0.0578125 0.10625
3 0.40390625 0.1734375 0.1140625 0.3140625
3 0.490625 0.228125 0.11875 0.2140625
3 0.540625 0.1734375 0.140625 0.234375
3 0.65078125 0.43515625 0.0828125 0.1234375
3 0.62890625 0.5140625 0.08125 0.125
3 0.56796875 0.453125 0.0578125 0.0953125
3 0.584375 0.68984375 0.121875 0.171875
3 0.52109375 0.865625 0.0875 0.1171875
3 0.4828125 0.6171875 0.046875 0.109375
3 0.43359375 0.4828125 0.040625 0.0890625
2 0.46640625 0.37421875 0.140625 0.178125
2 0.51015625 0.64140625 0.0578125 0.2265625