6 0.25 0.97265625 0.3442408375 0.98828125 0.5405759156250001 1 0.8416230359375 0.982421875 0.899214659375 0.966796875 0.9842931937499999 0.9248046875 0.9973821984375 0.8701171875 0.9973821984375 0.4150390625 0.9947643984375001 0.4033203125 0.959424084375 0.3828125 0.89136125625 0.34765625 0.76570680625 0.30859375 0.5327225125 0.2890625 0.2604712046875 0.2890625 0.08769633437499999 0.31640625 0.027486910937499998 0.34375 0.0052356015625 0.3642578125 0.0026178015625 0.8408203125 0.0052356015625 0.8857421875 0.017015706250000002 0.89453125 0.25 0.97265625
3 0.128125 0.61484375 0.1890625 0.09375
3 0.315625 0.7 0.16953125 0.1890625
3 0.48671875 0.62421875 0.13046875 0.08671875
3 0.6171875 0.72734375 0.1578125 0.08984375
3 0.71015625 0.66015625 0.10546875 0.05625
3 0.825 0.6015625 0.3140625 0.1078125
3 0.771875 0.5140625 0.2140625 0.1140625
3 0.82734375 0.46484375 0.23203125 0.1359375
3 0.5671875 0.35 0.1234375 0.0796875
3 0.48828125 0.37109375 0.12421875 0.08046875
3 0.5484375 0.4328125 0.09296875 0.05546875
3 0.31171875 0.4125 0.1703125 0.1203125
3 0.13515625 0.47265625 0.115625 0.0859375
3 0.3828125 0.51484375 0.1109375 0.0453125
3 0.51640625 0.56640625 0.0890625 0.0390625
2 0.625 0.5359375 0.1765625 0.13671875
2 0.35859375 0.4875 0.225 0.053125