6 0.47063735624999997 0 0.11836556875 0.055794370312499994 0.0968084171875 0.151754328125 0.099274596875 0.2838542765625 0.14113915625 0.3484125359375 0.20131398749999999 0.4120482046875 0.3365241625 0.5082925375 0.5213821796875 0.5600902125 0.6933297703125 0.5803156921875 0.8891651921875001 0.5848928859375 0.9610064140624999 0.555717115625 1 0.5216476359375 1 0.4942822171875 0.9206073171875 0 0.47063735624999997 0
6 1 0.686099721875 0.608914715625 0.6466325078125 0.4011679609375 0.6532854359375 0.3805711625 0.656547646875 0.37384768749999997 0.6690324359375001 0.3924354859375 0.753097140625 0.4570156359375 0.8278999 0.5811486 0.9041465109375 0.8194097515625 0.9435310187500001 1 0.9127203546875 1 0.686099721875
3 0.36875 0.08984375 0.2046875 0.175
3 0.58515625 0.40234375 0.1171875 0.1203125
3 0.415625 0.415625 0.1265625 0.0921875
3 0.8265625 0.26484375 0.1328125 0.1171875
3 0.6734375 0.10546875 0.121875 0.121875
3 0.91015625 0.4546875 0.1609375 0.1078125
3 0.5859375 0.2453125 0.109375 0.08125
2 0.73984375 0.43359375 0.2109375 0.1453125
2 0.684375 0.50390625 0.1296875 0.0953125
2 0.26953125 0.25703125 0.3578125 0.1828125
2 0.80546875 0.10546875 0.1859375 0.2109375
2 0.80703125 0.74375 0.3125 0.19375
2 0.515625 0.68984375 0.1671875 0.0859375
2 0.88359375 0.88984375 0.125 0.0890625
2 0.7609375 0.8828125 0.13125 0.1015625
2 0.92109375 0.37734375 0.1046875 0.11875