6 0.8619791671874999 0.7763671875 0.8307291671874999 0.7060546875 0.78125 0.6337890625 0.6627604171875 0.517578125 0.48828125 0.4375 0.3216145828125 0.390625 0.12890625 0.35546875 0.05338541718749999 0.373046875 0.0052083328125 0.4033203125 0.006510417187500001 1 0.8072916671874999 0.9990234375 0.84375 0.9072265625 0.8619791671874999 0.7763671875
6 0.640625 0.3662109375 0.6510416671875 0.3525390625 0.6458333328125 0.2666015625 0.59375 0.1826171875 0.4830729171875 0.087890625 0.25390625 0.01171875 0.0078125 0.0146484375 0.0052083328125 0.1845703125 0.0299479171875 0.236328125 0.4153645828125 0.337890625 0.640625 0.3662109375
3 0.565625 0.92578125 0.184375 0.1484375
3 0.40078125 0.5828125 0.10234375 0.10625
3 0.5703125 0.596875 0.1171875 0.075
3 0.140625 0.68125 0.1171875 0.09921875
3 0.2671875 0.8625 0.10625 0.1078125
3 0.0875 0.48046875 0.1484375 0.08515625
3 0.375 0.73828125 0.0984375 0.0671875
2 0.25234375 0.528125 0.1953125 0.115625
2 0.31875 0.4671875 0.1171875 0.078125
2 0.68984375 0.77578125 0.3421875 0.13125
2 0.13515625 0.8453125 0.1578125 0.1953125
2 0.23515625 0.2109375 0.2921875 0.15078125
2 0.5140625 0.31015625 0.1578125 0.0625
2 0.18203125 0.0546875 0.115625 0.07265625
2 0.30234375 0.08125 0.12109375 0.08359375
2 0.06484375 0.55546875 0.0890625 0.10625