6 0.0868856765625 0 0 0.486542121875 0 0.5131911234375 0.0380914015625 0.547662959375 0.10941249374999999 0.5780880875000001 0.3052979734375 0.5769293906249999 0.47757235781249996 0.559707890625 0.6633062140625 0.511144321875 0.8001754921875 0.41727438906250003 0.861451753125 0.35469860937500003 0.9044366328125 0.29088081875 0.9092079 0.1588440296875 0.8893287640624999 0.0625224640625 0.534746253125 0 0.0868856765625 0
6 0 0.90527560625 0.17289821249999998 0.9378889984375001 0.4118104296875 0.90266871875 0.5372551750000001 0.8286001390625 0.603130978125 0.7549358515625 0.6231830765625 0.671208353125 0.6166785140625 0.658608125 0.5961417875 0.654986946875 0.38854278125 0.6447093515625 0 0.6770809203125 0 0.90527560625
3 0.63828125 0.0921875 0.2078125 0.178125
3 0.41640625 0.4015625 0.11875 0.121875
3 0.5859375 0.4171875 0.1265625 0.09375
3 0.17734375 0.259375 0.134375 0.11875
3 0.33359375 0.10234375 0.1234375 0.1234375
3 0.090625 0.44765625 0.1625 0.1109375
3 0.41796875 0.24375 0.109375 0.0828125
2 0.2609375 0.4296875 0.2125 0.1484375
2 0.315625 0.50078125 0.13125 0.096875
2 0.73515625 0.26171875 0.359375 0.1890625
2 0.20078125 0.10390625 0.1890625 0.2078125
2 0.1890625 0.7390625 0.3140625 0.1984375
2 0.48125 0.6890625 0.1671875 0.0890625
2 0.109375 0.88359375 0.1265625 0.090625
2 0.2328125 0.878125 0.1328125 0.1046875
2 0.08125 0.36953125 0.10625 0.1203125