6 0.692865671875 1 0.6941517171875 0.9263225015625001 0.650210021875 0.6209993296875 0.6352965203125 0.57776371875 0.6057351515625 0.55087651875 0.5434564671875 0.5283017921875001 0.4366276828125 0.5147165546875 0.0402985 0.48045068750000003 0.0127000546875 0.49071277812499997 0.001610134375 0.52763423125 0 0.6198787640625001 0 0.757004425 0.0315111796875 0.909073546875 0.0901423875 0.991359334375 0.585165784375 1 0.692865671875 1
6 0.668355103125 0.5947495078125 0.7520978140625 0.58449070625 0.8355314734375 0.52619291875 0.8368434265625 0.4510311921875 0.834273721875 0.28998158125 0.814343603125 0.23493787031250002 0.7536599359375 0.19578689375 0.5188792140625 0.1819216671875 0.3647534171875 0.185091659375 0.29524953125 0.20243597812499997 0.2629001078125 0.2604739921875 0.181106209375 0.45829537187499997 0.194765559375 0.4985789578125 0.668355103125 0.5947495078125
3 0.33046875 0.76328125 0.6328125 0.4578125
3 0.53515625 0.34921875 0.54375 0.33125
5 0.22265625 0.62421875 0.240625 0.1625
5 0.515625 0.64296875 0.2578125 0.2
5 0.39765625 0.80859375 0.334375 0.2046875
5 0.66875 0.40390625 0.2375 0.15
5 0.353125 0.378125 0.234375 0.14375
5 0.403125 0.24609375 0.2296875 0.128125
5 0.71875 0.23828125 0.2265625 0.1109375