6 1 0.11861789375000001 0.9631187999999999 0.08485674843749999 0.8057183609375 0.0315584234375 0.5881666953125 0.008692821875 0.550168928125 0.015200487500000002 0.536619925 0.041342584375000005 0.5223300015625 0.438893546875 0.522794825 0.5465816703125 0.5376114203125 0.61114730625 0.56069558125 0.6437650546875 0.6017914234374999 0.6638364875 0.8994836156250001 0.7446601828125 0.9746379890625001 0.7525592249999999 1 0.5112558109374999 1 0.11861789375000001
6 0.22960678125 0.26051177812500004 0.20392135156250002 0.3273838515625 0.181991778125 0.47997449375 0.16714108125 0.7146949421875 0.1986047546875 0.7796975859375 0.2508093078125 0.8061872890625 0.4103453109375 0.82836485 0.48510668125 0.8362225875 0.55313793125 0.7605155421875 0.5735259328125 0.6786472703124999 0.535788271875 0.1968675484375 0.49746960781249994 0.1784006796875 0.2911545921875 0.2354765375 0.22960678125 0.26051177812500004
3 0.76328125 0.3640625 0.4734375 0.66875
3 0.34609375 0.51640625 0.3765625 0.56875
5 0.65703125 0.23984375 0.18125 0.253125
5 0.640625 0.5328125 0.2203125 0.2734375
5 0.81875 0.4359375 0.23125 0.35
5 0.38359375 0.65625 0.16875 0.2484375
5 0.396875 0.3390625 0.1625 0.24375
5 0.259375 0.37265625 0.146875 0.2390625
5 0.21328125 0.68515625 0.1296875 0.234375