6 0.10052219375 1 0.70234986875 0.9990234375 0.70234986875 0.9248046875 0.6527415140625 0.6181640625 0.63707571875 0.5751953125 0.6070496078125001 0.548828125 0.5443864234375 0.52734375 0.43733681406249997 0.515625 0.0404699734375 0.48828125 0.0130548296875 0.4990234375 0.002610965625 0.5361328125 0.002610965625 0.7548828125 0.039164490625 0.9169921875 0.10052219375 1
6 0.7532637078125 0.580078125 0.8381201046875001 0.5185546875 0.8302872062500001 0.2841796875 0.809399478125 0.2294921875 0.748041775 0.19140625 0.5130548296875 0.181640625 0.35900783281250004 0.1875 0.2898172328125 0.2060546875 0.2584856390625 0.2646484375 0.1801566578125 0.4638671875 0.194516971875 0.50390625 0.66971279375 0.591796875 0.7532637078125 0.580078125
3 0.33515625 0.76640625 0.625 0.446875
3 0.5328125 0.3484375 0.53828125 0.321875
5 0.225 0.62890625 0.2375 0.15703125
5 0.51796875 0.64296875 0.2546875 0.19609375
5 0.403125 0.81015625 0.33203125 0.1984375
5 0.6671875 0.40078125 0.23359375 0.1453125
5 0.35078125 0.38046875 0.23125 0.1390625
5 0.3984375 0.24765625 0.2296875 0.1234375
5 0.7140625 0.234375 0.22578125 0.1078125