6 0.1533203125 0 0.1044921875 0.033203125 0.021484375 0.1123046875 0 0.1572265625 0 0.8916015625 0.0068359375 0.8984375 0.1552734375 0.96875 0.2685546875 0.99609375 0.5029296875 1 0.6767578125 0.98828125 0.8525390625 0.927734375 1 0.8154296875 1 0.1943359375 0.8720703125 0.0703125 0.7646484375 0 0.1533203125 0
3 0.09921875 0.69375 0.1671875 0.184375
3 0.8015625 0.146875 0.08203125 0.1203125
1 0.57578125 0.40390625 0.09609375 0.11015625
1 0.29296875 0.3578125 0.13359375 0.12421875
1 0.41640625 0.54375 0.2640625 0.16484375
1 0.88203125 0.35234375 0.184375 0.12109375
1 0.734375 0.5828125 0.1328125 0.1203125
1 0.25390625 0.221875 0.22578125 0.13984375
1 0.078125 0.4359375 0.13671875 0.115625
1 0.29609375 0.77265625 0.13671875 0.1171875
1 0.6265625 0.76953125 0.13984375 0.115625
1 0.415625 0.07265625 0.12265625 0.103125
1 0.5953125 0.221875 0.153125 0.09765625
1 0.7078125 0.10546875 0.08515625 0.08203125
1 0.228125 0.0875 0.1015625 0.0640625