6 0.46503659375 0 0.11805350156250001 0.04876529375 0.0273643515625 0.2104209421875 0 0.35111986875 0 0.5051405531250001 0.00445823125 0.5666853749999999 0.0409451625 0.7982358078125 0.0837885078125 0.9066090984375 0.1452426625 1 0.5349634046875 1 0.9090241406249999 0.9474291921875 0.9505187921875 0.9199019843749999 1 0.850837409375 1 0.46503659218750004 0.958302090625 0.16834055312500001 0.8737236312500001 0.0717497078125 0.781518021875 0 0.46503659375 0
3 0.3640625 0.9140625 0.20625 0.171875
3 0.8078125 0.15234375 0.128125 0.096875
1 0.584375 0.41171875 0.1234375 0.109375
1 0.66953125 0.68515625 0.1421875 0.1484375
1 0.46796875 0.5890625 0.2 0.284375
1 0.59296875 0.10078125 0.1453125 0.2
1 0.38515625 0.2796875 0.1390625 0.146875
1 0.809375 0.7046875 0.1703125 0.24375
1 0.621875 0.90859375 0.134375 0.1515625
1 0.25859375 0.73984375 0.134375 0.1515625
1 0.215625 0.4125 0.134375 0.1546875
1 0.93515625 0.52421875 0.11875 0.134375
1 0.7625 0.3671875 0.1171875 0.165625
1 0.86171875 0.2390625 0.09375 0.0953125
1 0.94609375 0.71171875 0.0765625 0.1078125