6 0.4694186921875 0 0.1356796390625 0.040978003125 0.0281713609375 0.1830687765625 0 0.24030397187500002 0 0.5305813125000001 0.04597655 0.9050302609375 0.0848828359375 0.9494479859375 0.14646890625 1 0.5305813109375 1 0.9496172953125 0.9485488500000001 0.9555691875000001 0.9409307765625 1 0.8069467203125 1 0.4747213796875 0.9959160375 0.436157478125 0.9631003171874999 0.2650531984375 0.8815824031249999 0.097961003125 0.7860112484374999 0 0.4694186921875 0
3 0.74140625 0.87421875 0.203125 0.1890625
3 0.1125 0.24375 0.128125 0.0953125
1 0.3953125 0.43671875 0.121875 0.1078125
1 0.384375 0.72265625 0.140625 0.146875
1 0.55390625 0.57734375 0.196875 0.2828125
1 0.30703125 0.1390625 0.1421875 0.1984375
1 0.55390625 0.25703125 0.1375 0.1453125
1 0.25390625 0.778125 0.1671875 0.2421875
1 0.4875 0.92578125 0.13125 0.1484375
1 0.7953125 0.66953125 0.1328125 0.1484375
1 0.75234375 0.34140625 0.13125 0.153125
1 0.0859375 0.6359375 0.1171875 0.1328125
1 0.2125 0.4390625 0.1140625 0.1640625
1 0.0828125 0.3421875 0.0921875 0.09375
1 0.1234375 0.8203125 0.075 0.10625