6 1 0.380346515625 0.9304240859374999 0.299428728125 0.8493602890625 0.2613961046875 0.7356502578125 0.2157331984375 0.5687608375 0.18189343593750001 0.5588237031250001 0.181546425 0.29841677031249997 0.20046466875000002 0.11983431093750001 0.27761256093750003 0.07786563125 0.33217069375 0.0247048125 0.4553904703125 0.02492995 0.5049076593749999 0.046353721875 0.56298238125 0.06217265625 0.5856836999999999 0.14428818906250002 0.6406663171875 0.33217175781249997 0.688919421875 0.48405916875 0.7046464625 0.650337196875 0.700030003125 0.8534768578125 0.6471914546875001 0.939591290625 0.5876605406250001 0.9895494796875001 0.5281698984375 1 0.42704529999999996 1 0.380346515625
1 0.1328125 0.54609375 0.0515625 0.0421875
1 0.2875 0.45390625 0.06875 0.084375
1 0.2109375 0.43671875 0.065625 0.0796875
1 0.36328125 0.48046875 0.0390625 0.0390625
1 0.45625 0.54296875 0.0421875 0.0453125
1 0.71796875 0.3640625 0.0625 0.0484375
1 0.696875 0.4203125 0.0453125 0.05
1 0.865625 0.51328125 0.0578125 0.046875
1 0.8296875 0.58515625 0.0484375 0.0640625
1 0.646875 0.62109375 0.075 0.046875
1 0.60390625 0.6546875 0.0609375 0.059375
1 0.575 0.60234375 0.05 0.0578125