6 0.8628833640625 0.6221756046875 0.9446353593750001 0.556782665625 0.9903219953125 0.4939520328125 0.9950826328125 0.3504575109375 0.91538445 0.26989244375 0.8318650984374999 0.237607190625 0.715246775 0.19998752656250002 0.546403346875 0.17787181406250002 0.5364662124999999 0.17821882656250002 0.2780132890625 0.21525605625000002 0.10524741093750001 0.3046733046875 0.0671867484375 0.362026121875 0.0227508046875 0.488654053125 0.0264295375 0.538034915625 0.0518522109375 0.5944737234375 0.069216175 0.6160162703125 0.154967071875 0.6651368625 0.34575893281250003 0.7001663296875 0.498373415625 0.70525993125 0.6639243718750001 0.689055746875 0.8628833640625 0.6221756046875
1 0.13671875 0.57109375 0.0515625 0.0421875
1 0.284375 0.46953125 0.06875 0.084375
1 0.20703125 0.45703125 0.065625 0.0796875
1 0.36171875 0.48984375 0.0390625 0.0390625
1 0.459375 0.54609375 0.0421875 0.0453125
1 0.7078125 0.34921875 0.0625 0.0484375
1 0.690625 0.40625 0.0453125 0.05
1 0.865625 0.48828125 0.0578125 0.046875
1 0.83515625 0.56171875 0.0484375 0.0640625
1 0.6546875 0.61015625 0.075 0.046875
1 0.61484375 0.646875 0.0609375 0.059375
1 0.58203125 0.596875 0.05 0.0578125