6 0.2744140625 0.7916666671875 0.4462890625 0.8203125 0.7119140625 0.7916666671875 0.8876953125 0.7083333328125 0.927734375 0.65234375 0.9765625 0.52734375 0.974609375 0.4778645828125 0.951171875 0.4205729171875 0.9345703125 0.3984375 0.8505859375 0.3463541671875 0.6611328125 0.3046875 0.5087890625 0.2942708328125 0.3427734375 0.3046875 0.1416015625 0.3645833328125 0.0576171875 0.4270833328125 0.009765625 0.48828125 0 0.631522215625 0.076837953125 0.7148196328124999 0.1591796875 0.75 0.2744140625 0.7916666671875
1 0.865625 0.44140625 0.04921875 0.040625
1 0.7140625 0.53828125 0.065625 0.08359375
1 0.79140625 0.553125 0.0625 0.078125
1 0.6375 0.51484375 0.0375 0.0375
1 0.5421875 0.45546875 0.040625 0.04375
1 0.28671875 0.64375 0.06171875 0.04765625
1 0.30625 0.58671875 0.04296875 0.04921875
1 0.134375 0.49921875 0.0578125 0.04453125
1 0.1671875 0.4265625 0.0484375 0.06328125
1 0.34921875 0.384375 0.07265625 0.04453125
1 0.390625 0.34921875 0.06015625 0.05859375
1 0.42109375 0.4 0.0484375 0.05703125