6 0.3310402453125 0 0.2243181265625 0.23371551406250002 0.175139203125 0.4713714828125 0.1277897921875 0.906516521875 0.13188985 0.94529 0.5211717234375 1 0.7758058859375 1 0.8236957078125 0.8386448828124999 0.886786365625 0.4984933296875 0.888972271875 0.48293980156250005 0.9008793953125 0.12104901562499999 0.894104775 0.0569826828125 0.5086833984375 0 0.3310402453125 0
5 0.6640625 0.7390625 0.215625 0.4484375
5 0.45625 0.8765625 0.2625 0.246875
5 0.3421875 0.6890625 0.153125 0.2453125
5 0.26953125 0.846875 0.1296875 0.171875
5 0.23828125 0.58046875 0.1453125 0.2578125
5 0.41796875 0.453125 0.128125 0.1953125
5 0.53515625 0.1734375 0.1703125 0.346875
5 0.43515625 0.24140625 0.1515625 0.3453125
5 0.32734375 0.21796875 0.1703125 0.25625
5 0.51640625 0.54765625 0.1875 0.3140625
5 0.65859375 0.2640625 0.240625 0.3578125
4 0.65546875 0.653125 0.1484375 0.296875
4 0.66953125 0.22734375 0.2453125 0.2734375
4 0.60078125 0.11640625 0.1484375 0.2265625
4 0.471875 0.3890625 0.16875 0.303125
4 0.4609375 0.6828125 0.2234375 0.2453125
4 0.271875 0.584375 0.1515625 0.1546875
4 0.3171875 0.44921875 0.11875 0.1375
4 0.37578125 0.09765625 0.1328125 0.1953125
4 0.26015625 0.30625 0.0796875 0.16875
4 0.19375 0.90859375 0.0875 0.115625
0 0.60078125 0.975 0.1140625 0.05
0 0.54921875 0.78046875 0.0921875 0.0984375
0 0.58515625 0.66328125 0.1140625 0.14375
0 0.51953125 0.58046875 0.096875 0.121875
0 0.52734375 0.4421875 0.103125 0.2
0 0.534375 0.296875 0.08125 0.096875
0 0.6078125 0.24453125 0.06875 0.0734375
0 0.75859375 0.32421875 0.0796875 0.0953125
0 0.4046875 0.24921875 0.0703125 0.128125
0 0.428125 0.07265625 0.1015625 0.13125
0 0.31328125 0.13515625 0.059375 0.1046875
0 0.32734375 0.325 0.0640625 0.1328125
0 0.31015625 0.87578125 0.1515625 0.21875
0 0.23515625 0.92421875 0.0859375 0.0953125
0 0.18046875 0.83828125 0.0484375 0.0703125
0 0.2734375 0.73984375 0.0765625 0.0859375
0 0.221875 0.63984375 0.0640625 0.1140625
0 0.20390625 0.4609375 0.0703125 0.0875
0 0.2671875 0.296875 0.046875 0.0640625
0 0.40859375 0.92109375 0.1203125 0.15
0 0.46875 0.8078125 0.08125 0.1