6 0.59453638125 0 0.1638484078125 0.030116637499999998 0.1570536359375 0.06850966093750001 0.1739335234375 0.5058976359375 0.20641460781249998 0.746405234375 0.3014467078125 1 0.4658451640625 1 0.8622414296875001 0.969429509375 0.8734685890625 0.9059918109374999 0.8868346953125 0.544151975 0.8857390734375 0.528483853125 0.8465298734375001 0.1847599109375 0.8054654890625 0 0.59453638125 0
5 0.68046875 0.27265625 0.1875 0.440625
5 0.48359375 0.11875 0.2484375 0.2375
5 0.35625 0.3 0.1375 0.2390625
5 0.29453125 0.1375 0.1203125 0.165625
5 0.24453125 0.40078125 0.1296875 0.253125
5 0.41484375 0.54140625 0.115625 0.1890625
5 0.51171875 0.828125 0.1484375 0.34375
5 0.4171875 0.753125 0.1296875 0.340625
5 0.3078125 0.76953125 0.1546875 0.2484375
5 0.51953125 0.453125 0.1671875 0.30625
5 0.64140625 0.74609375 0.21875 0.346875
4 0.665625 0.35859375 0.1296875 0.290625
4 0.65 0.784375 0.2296875 0.2609375
4 0.5734375 0.88984375 0.134375 0.2203125
4 0.46484375 0.609375 0.15 0.2953125
4 0.4734375 0.31484375 0.2109375 0.2328125
4 0.278125 0.39921875 0.14375 0.146875
4 0.3140625 0.53828125 0.1109375 0.13125
4 0.346875 0.8984375 0.11875 0.203125
4 0.246875 0.6765625 0.06875 0.165625
4 0.2234375 0.07109375 0.08125 0.1109375
0 0.63515625 0.0265625 0.1109375 0.053125
0 0.56875 0.2234375 0.0875 0.0921875
0 0.59609375 0.34296875 0.10625 0.1375
0 0.525 0.42109375 0.090625 0.1171875
0 0.52265625 0.559375 0.090625 0.1953125
0 0.51953125 0.70546875 0.0765625 0.0921875
0 0.58984375 0.7625 0.065625 0.0703125
0 0.7453125 0.69375 0.075 0.090625
0 0.38671875 0.74375 0.0609375 0.125
0 0.3984375 0.92109375 0.09375 0.1265625
0 0.28828125 0.85078125 0.053125 0.1015625
0 0.315625 0.6625 0.05625 0.13125
0 0.33671875 0.11171875 0.1390625 0.2109375
0 0.265625 0.05859375 0.08125 0.090625
0 0.2046875 0.13984375 0.04375 0.06875
0 0.29140625 0.2453125 0.0703125 0.0828125
0 0.23203125 0.340625 0.0578125 0.1109375
0 0.20234375 0.51875 0.0640625 0.084375
0 0.25390625 0.68671875 0.04375 0.0625
0 0.43828125 0.0734375 0.1109375 0.14375
0 0.48984375 0.190625 0.075 0.0953125