6 0.7903645828125 0.8671875 0.9921875 0.8369140625 0.9934895828125001 0.197265625 0.9544270828125001 0.1875 0.5169270828125 0.173828125 0.2747395828125 0.189453125 0.01171875 0.267578125 0.0026041671875 0.2822265625 0.006510417187500001 0.828125 0.06901041718749999 0.84375 0.43359375 0.8828125 0.7903645828125 0.8671875
5 0.7140625 0.69609375 0.43203125 0.15703125
5 0.88515625 0.51015625 0.2296875 0.2328125
5 0.709375 0.3703125 0.23046875 0.1234375
5 0.87578125 0.3203125 0.15703125 0.1078125
5 0.61640625 0.25234375 0.2453125 0.1125
5 0.46484375 0.4125 0.1828125 0.10234375
5 0.1703125 0.4890625 0.3375 0.125
5 0.253125 0.4 0.334375 0.1046875
5 0.24453125 0.28984375 0.23984375 0.13828125
5 0.5453125 0.52265625 0.2984375 0.146875
5 0.24453125 0.62421875 0.334375 0.19609375
4 0.6296875 0.675 0.2859375 0.11015625
4 0.20625 0.6296875 0.24609375 0.2125
4 0.10625 0.54609375 0.2125 0.1203125
4 0.39375 0.45703125 0.28828125 0.1296875
4 0.68671875 0.48671875 0.21953125 0.19453125
4 0.615625 0.2859375 0.1359375 0.1359375
4 0.475 0.31171875 0.12578125 0.103125
4 0.10546875 0.31953125 0.2109375 0.10390625
4 0.34140625 0.23515625 0.1625 0.0578125
4 0.946875 0.25390625 0.10625 0.07421875
0 0.96953125 0.66875 0.0609375 0.10625
0 0.77109375 0.5875 0.0875 0.08046875
0 0.65 0.60703125 0.1296875 0.096875
0 0.57734375 0.53046875 0.1109375 0.08203125
0 0.4390625 0.51875 0.190625 0.07734375
0 0.29375 0.50546875 0.0875 0.0703125
0 0.23203125 0.57109375 0.065625 0.06171875
0 0.28984375 0.73125 0.08671875 0.0671875
0 0.26484375 0.3703125 0.121875 0.053125
0 0.08671875 0.36953125 0.1203125 0.08515625
0 0.16484375 0.2640625 0.0984375 0.0453125
0 0.35078125 0.3046875 0.128125 0.04765625
0 0.8984375 0.3640625 0.203125 0.125
0 0.95703125 0.296875 0.0859375 0.0765625
0 0.8796875 0.23046875 0.0640625 0.0390625
0 0.76875 0.309375 0.07734375 0.06640625
0 0.67734375 0.24375 0.1078125 0.0515625
0 0.50234375 0.2015625 0.07890625 0.059375
0 0.33125 0.24140625 0.059375 0.03828125
0 0.9296875 0.46796875 0.13671875 0.1015625
0 0.809375 0.51171875 0.08984375 0.06875