6 0.24525724218749997 0 0.209683875 0.0676933125 0.029549454687499997 0.535456940625 0.0250539140625 0.6235795109375 0.0432868546875 0.746453471875 0.11225115000000001 0.9504192390625 0.465036596875 1 0.7397962625 1 0.7907970484375 0.9008171640624999 0.8749991874999999 0.6384985953125 0.8996932531249999 0.32245336562500004 0.8530131390625 0.079214565625 0.838292946875 0.043616346875 0.5317367640625 0 0.24525724218749997 0
8 0.44140625 0.8953125 0.2796875 0.209375
8 0.46796875 0.75546875 0.1375 0.153125
8 0.61328125 0.6296875 0.1734375 0.2390625
8 0.70859375 0.73671875 0.125 0.2109375
8 0.64609375 0.921875 0.0828125 0.153125
8 0.78203125 0.54609375 0.1265625 0.190625
8 0.77265625 0.35546875 0.196875 0.23125
8 0.64765625 0.31953125 0.125 0.2609375
8 0.76640625 0.1 0.1046875 0.1453125
8 0.5875 0.06015625 0.1359375 0.1203125
8 0.43203125 0.04375 0.1296875 0.0875
8 0.49296875 0.17109375 0.1875 0.1296875
8 0.5375 0.28046875 0.084375 0.14375
8 0.52265625 0.4015625 0.121875 0.1890625
8 0.4046875 0.6046875 0.1875 0.2328125
8 0.25859375 0.57734375 0.13125 0.15625
8 0.19375 0.71640625 0.125 0.178125
8 0.29921875 0.76953125 0.121875 0.11875
8 0.23515625 0.46015625 0.0984375 0.1
8 0.2421875 0.30390625 0.090625 0.153125
8 0.35859375 0.4203125 0.1171875 0.1078125
8 0.36875 0.23359375 0.125 0.2
2 0.5109375 0.09765625 0.178125 0.146875
2 0.31875 0.64296875 0.125 0.153125