6 0.2237846453125 0 0.2182924375 0.00451515 0.16889916562500001 0.131775121875 0.1125780515625 0.40145820312499997 0.1210549859375 0.7183533375 0.192904759375 0.9553802484375 0.21126533906249997 0.989244778125 0.5049110421874999 1 0.7939117359375001 1 0.8339140953124999 0.8995921671874999 0.9641671078125 0.4155618234375 0.95942670625 0.3274520875 0.9284498203125 0.207157103125 0.8385430906250001 0.011517412500000001 0.508727534375 0 0.2237846453125 0
8 0.515625 0.09609375 0.2625 0.1921875
8 0.50546875 0.2421875 0.125 0.1421875
8 0.3734375 0.3828125 0.1515625 0.2265625
8 0.2671875 0.2859375 0.1046875 0.2015625
8 0.3109375 0.0953125 0.0671875 0.146875
8 0.21484375 0.48359375 0.109375 0.18125
8 0.24375 0.67265625 0.1765625 0.215625
8 0.371875 0.69453125 0.1 0.253125
8 0.27734375 0.925 0.0921875 0.1375
8 0.4578125 0.9453125 0.125 0.109375
8 0.61640625 0.95390625 0.1203125 0.0921875
8 0.54140625 0.8265625 0.178125 0.1125
8 0.4859375 0.72265625 0.0703125 0.1375
8 0.48828125 0.60078125 0.1046875 0.1796875
8 0.58359375 0.3859375 0.1671875 0.2171875
8 0.73203125 0.39765625 0.1171875 0.1453125
8 0.78203125 0.25234375 0.109375 0.16875
8 0.671875 0.2109375 0.1109375 0.1078125
8 0.76796875 0.51171875 0.090625 0.0921875
8 0.77734375 0.66875 0.0765625 0.1484375
8 0.6484375 0.56484375 0.1078125 0.096875
8 0.65859375 0.75078125 0.10625 0.190625
2 0.53125 0.9015625 0.1671875 0.13125
2 0.66484375 0.3390625 0.1109375 0.1421875