6 1 0.2177734375 0.9853515625 0.201171875 0.8564453125 0.15625 0.5849609375 0.109375 0.2685546875 0.12890625 0.0341796875 0.208984375 0.0009765625 0.228515625 0 0.8017578125 0.0087890625 0.810546875 0.1123046875 0.84765625 0.6005859375 0.9609375 0.6884765625 0.953125 0.8076171875 0.91796875 1 0.8212890625 1 0.2177734375
8 0.90625 0.5015625 0.1859375 0.25625
8 0.7578125 0.49609375 0.1375 0.12109375
8 0.6125 0.36953125 0.22109375 0.14375
8 0.70546875 0.26015625 0.1984375 0.0984375
8 0.89765625 0.296875 0.14453125 0.0609375
8 0.50625 0.2140625 0.17890625 0.1015625
8 0.31875 0.25 0.20859375 0.1671875
8 0.30078125 0.37890625 0.25 0.090625
8 0.0671875 0.2921875 0.134375 0.0875
8 0.05234375 0.47421875 0.1046875 0.121875
8 0.046875 0.63203125 0.09375 0.1171875
8 0.175 0.553125 0.1078125 0.1734375
8 0.27734375 0.49375 0.13671875 0.06640625
8 0.39921875 0.49140625 0.1765625 0.09765625
8 0.6171875 0.5796875 0.21171875 0.1578125
8 0.61015625 0.728125 0.14140625 0.1109375
8 0.75703125 0.7734375 0.165625 0.103125
8 0.79453125 0.66171875 0.10546875 0.10703125
8 0.49765625 0.76796875 0.08828125 0.0875
8 0.34140625 0.7828125 0.14609375 0.071875
8 0.440625 0.65078125 0.09375 0.1046875
8 0.2546875 0.6671875 0.18671875 0.10078125
2 0.1 0.5453125 0.1234375 0.16171875
2 0.66640625 0.659375 0.13828125 0.1078125