6 0.5851657796875 0 0 0.01021410625 0 0.325305040625 0.011776845312500001 1 0.48555411875 1 0.7267996640625001 0.9961173609375 0.726954890625 0.9961146515625 0.7355890171875 0.9871737515625 0.8044932515625 0.9058807015625 0.9437630171875 0.49127758750000006 0.96097339375 0.3581444484375 0.9581343109375 0.30740501875000004 0.893361053125 0 0.5851657796875 0
3 0.3640625 0.90859375 0.2140625 0.165625
3 0.38984375 0.1484375 0.1484375 0.165625
5 0.24375 0.23515625 0.2015625 0.2359375
5 0.08125 0.515625 0.1625 0.2125
5 0.7 0.2890625 0.1640625 0.2171875
5 0.73125 0.54375 0.1140625 0.165625
5 0.4515625 0.36796875 0.196875 0.234375
0 0.35390625 0.6078125 0.1265625 0.225
0 0.22734375 0.82578125 0.203125 0.1921875
0 0.11171875 0.76953125 0.103125 0.1328125
0 0.82109375 0.3578125 0.115625 0.1453125