6 0.9990234375 0.099609375 0.6845703125 0.0390625 0.6337890625 0.037109375 0.5009765625 0.056640625 0.0888671875 0.203125 0.0087890625 0.2734375 0 0.2822265625 0.0009765625 1 1 0.9990234375 0.9990234375 0.099609375
3 0.09375 0.64296875 0.16171875 0.21171875
3 0.853125 0.60390625 0.16328125 0.1453125
5 0.76953125 0.7515625 0.2328125 0.196875
5 0.490625 0.91953125 0.209375 0.1609375
5 0.70703125 0.29609375 0.21484375 0.16171875
5 0.45234375 0.26953125 0.16328125 0.11171875
5 0.6328125 0.54609375 0.23046875 0.19140625
0 0.39453125 0.64765625 0.2234375 0.12421875
0 0.17890625 0.778125 0.18984375 0.20078125
0 0.2375 0.89296875 0.1328125 0.10078125
0 0.63671875 0.1765625 0.14375 0.11328125