6 0.4629077125 0 0.2063613421875 0.04027523125 0.20620800468749997 0.0402995171875 0.1989022375 0.050355043749999995 0.1419823796875 0.140446571875 0.0617695796875 0.5703974015625 0.06325524375 0.7046301203125 0.0731282609375 0.7544806328125 0.16199885625 1 0.5293626437500001 1 1 0.9254583656250001 1 0.48062556093750003 0.9238763890625 0 0.4629077125 0
3 0.5765625 0.08671875 0.234375 0.1734375
3 0.6578125 0.8328125 0.16875 0.1828125
5 0.790625 0.7265625 0.23125 0.2609375
5 0.90859375 0.425 0.1828125 0.23125
5 0.33125 0.73671875 0.1921875 0.2359375
5 0.26484375 0.4890625 0.1359375 0.1796875
5 0.56640625 0.62421875 0.2265625 0.2578125
0 0.6296875 0.37265625 0.15625 0.240625
0 0.72421875 0.1390625 0.2265625 0.21875
0 0.846875 0.17890625 0.1203125 0.1453125
0 0.2015625 0.6859375 0.134375 0.159375