6 1 0.2481554375 0.9769254937499999 0.12432497812500001 0.8329689531250001 0.10759113437500001 0.653302490625 0.099782021875 0.5472880578125 0.1310185625 0.4457373234375 0.1310185625 0.41783878906250005 0.0841637515625 0.3408389 0.123209384375 0 0.1700641734375 0 1 1 1 1 0.2481554375
2 0.584375 0.5453125 0.128125 0.14453125
2 0.2703125 0.615625 0.20703125 0.1890625
2 0.1875 0.9453125 0.16796875 0.109375
2 0.5265625 0.8453125 0.14375 0.12421875
2 0.5859375 0.740625 0.13515625 0.115625
2 0.69140625 0.7015625 0.0828125 0.10234375
2 0.69609375 0.9 0.18515625 0.1484375
2 0.91640625 0.81015625 0.1625 0.08984375
2 0.82890625 0.940625 0.09453125 0.10546875
2 0.86328125 0.65625 0.11015625 0.09765625