6 0.5466174234375 0 0 0.028647004687499998 0 0.513092959375 0.017966559375 0.8559153390625 0.3607905421875 0.8848677859375 0.4397283953125 0.9198300453125 0.4651365046875 0.8715793515625 0.5665480671875 0.866264596875 0.6740520046875 0.8919099609375 0.85306354375 0.874708534375 0.9959470156249999 0.850463521875 1 0.8199064281249999 1 0.4869070296875 0.9744822828125 0 0.5466174234375 0
2 0.58203125 0.45 0.1359375 0.15
2 0.26484375 0.396875 0.215625 0.1984375
2 0.16484375 0.071875 0.175 0.11875
2 0.50859375 0.15390625 0.15 0.1328125
2 0.5734375 0.25546875 0.140625 0.121875
2 0.68046875 0.2890625 0.0875 0.1078125
2 0.675 0.090625 0.19375 0.159375
2 0.89921875 0.16875 0.1671875 0.096875
2 0.8046875 0.04921875 0.1 0.0984375
2 0.8546875 0.325 0.115625 0.103125