6 0.2383220609375 0 0.152485771875 0.283814090625 0.10187541874999999 0.3537579 0.143789078125 0.3886426640625 0.12790304218749998 0.488943140625 0.0804667640625 0.5887658890624999 0.0600737078125 0.7674419734375 0.054081765625 0.9122439203124999 0.17277801875 0.9544056921875 0.46064914687499997 1 0.9238763890625 1 1 0.519374434375 1 0.0729596578125 0.53935085625 0 0.2383220609375 0
2 0.53125 0.590625 0.1625 0.1484375
2 0.65 0.29140625 0.2171875 0.2328125
2 0.9609375 0.2609375 0.078125 0.184375
2 0.83671875 0.58046875 0.1453125 0.1609375
2 0.72421875 0.62265625 0.1359375 0.1515625
2 0.66875 0.7203125 0.1140625 0.0984375
2 0.8640625 0.75625 0.1765625 0.2078125
2 0.74140625 0.9359375 0.1140625 0.128125
2 0.88359375 0.89375 0.1203125 0.1109375
2 0.59765625 0.88359375 0.1125 0.125