6 1 0.021241829687499998 0.8466796875 0.0065359484374999995 0.482421875 0.034313725 0.51171875 0.9885620921875 0.7412109375 0.9934640515625001 0.837890625 0.848039215625 0.990234375 0.508169934375 1 0.419934640625 1 0.021241829687499998
6 0.2744140625 0.9901960781250001 0.5048828125 0.9934640515625001 0.482421875 0.063725490625 0.2236328125 0.042483659374999996 0.0908203125 0.06535947656249999 0.0009765625 0.1013071890625 0 0.5473856203125 0.01171875 0.5735294125 0.1513671875 0.813725490625 0.2744140625 0.9901960781250001
5 0.36328125 0.175 0.159375 0.17890625
5 0.18515625 0.203125 0.1734375 0.1390625
5 0.0421875 0.2671875 0.084375 0.16640625
5 0.1109375 0.4828125 0.2109375 0.2328125
5 0.32265625 0.3875 0.2140625 0.19609375
5 0.31640625 0.62734375 0.23828125 0.22421875
5 0.6328125 0.715625 0.2515625 0.2890625
5 0.79765625 0.45546875 0.21640625 0.16875
5 0.915625 0.2828125 0.16796875 0.27109375
5 0.74375 0.23046875 0.16875 0.1984375
5 0.609375 0.1546875 0.1421875 0.1671875
5 0.59765625 0.3640625 0.190625 0.16796875