6 0.905531153125 1 0.9258517171875 0.9266211140625 0.961748653125 0.5630736359374999 0.016910114062500002 0.4262219359375 0 0.5114395953125 0 0.677834846875 0.09865897968750001 0.77184006875 0.40691066875 0.98088705625 0.469105953125 0.9990926437500001 0.4742518265625 1 0.905531153125 1
6 0.5381740703125 0 0.5123383390625 0.0065105515624999995 0.2515416828125 0.102327803125 0.0563852140625 0.19286152343750002 0.0132105359375 0.41892569531249996 0.027139015625000002 0.4213816625 0.93266045625 0.5585891593750001 0.9985178250000001 0.307420290625 0.9990521906250001 0.17265316718749998 0.9792518093749999 0.07793209062499999 0.5428655953125 0 0.5381740703125 0
5 0.84375 0.421875 0.203125 0.1875
5 0.846875 0.24140625 0.165625 0.1953125
5 0.80859375 0.08984375 0.178125 0.1125
5 0.58359375 0.12109375 0.2671875 0.2421875
5 0.64140625 0.34453125 0.23125 0.2453125
5 0.40625 0.296875 0.2609375 0.275
5 0.26484375 0.59296875 0.3265625 0.2984375
5 0.4921875 0.80078125 0.203125 0.24375
5 0.640625 0.91953125 0.296875 0.1609375
5 0.7234375 0.78671875 0.225 0.2
5 0.82109375 0.66796875 0.1875 0.1703125
5 0.6171875 0.61953125 0.2 0.2171875