6 0.9123483531250001 1 0.9332324234374999 0.919124 0.9627791125 0.5550054046875 0.0156960859375 0.43466425312499996 0 0.52169326875 0 0.6836083203125 0.10346436875000001 0.7788030328125 0.41531748281249997 0.982438446875 0.4778210265625 0.9995558046875 0.48062556562500003 1 0.9123483531250001 1
6 0.5272617765625001 0 0.50372388125 0.006370378124999999 0.24463918750000002 0.10672456718750001 0.051092473437499994 0.20065044843750002 0.011869734375 0.42743369062500003 0.0258389546875 0.4296461984375 0.9336170812500001 0.5510292703124999 0.99508091875 0.2987492859375 0.99326319375 0.1639933609375 0.971812715625 0.0696322765625 0.5383161359375 0 0.5272617765625001 0
5 0.8421875 0.415625 0.2015625 0.1859375
5 0.8421875 0.23515625 0.1625 0.1921875
5 0.8015625 0.084375 0.1765625 0.109375
5 0.57734375 0.1203125 0.2640625 0.240625
5 0.6390625 0.3421875 0.228125 0.2421875
5 0.403125 0.2984375 0.2578125 0.2703125
5 0.26640625 0.59765625 0.3234375 0.2953125
5 0.49765625 0.80078125 0.2 0.240625
5 0.64921875 0.91953125 0.2953125 0.1609375
5 0.728125 0.7828125 0.221875 0.1984375
5 0.82421875 0.66171875 0.1859375 0.1671875
5 0.61875 0.61796875 0.196875 0.2140625