6 1 0.10582760625000001 0.91943359375 0.00390625 0.19091796875 0 0.06591796875 0.060546875 0.05517578125 0.0693359375 0.03759765625 0.1337890625 0.03369140625 0.6865234375 0.03955078125 0.7626953125 0.10888671875 0.826171875 0.26708984375 0.935546875 0.35888671875 0.96875 0.49365234375 1 0.72021484375 1 0.82763671875 0.96875 0.87646484375 0.943359375 1 0.8353877031250001 1 0.10582760625000001
5 0.89375 0.16875 0.165625 0.16875
5 0.95234375 0.340625 0.0953125 0.15
5 0.95703125 0.5140625 0.0859375 0.153125
5 0.9484375 0.634375 0.103125 0.121875
5 0.90703125 0.715625 0.1453125 0.159375
5 0.8421875 0.834375 0.146875 0.14375
5 0.69375 0.88828125 0.140625 0.1359375
5 0.5421875 0.8859375 0.134375 0.153125
5 0.378125 0.89296875 0.15625 0.1390625
5 0.240625 0.7875 0.153125 0.15
5 0.10390625 0.59453125 0.1515625 0.2140625
5 0.0859375 0.4015625 0.13125 0.165625
5 0.11171875 0.253125 0.15 0.090625
5 0.2203125 0.178125 0.159375 0.171875
5 0.35078125 0.0734375 0.159375 0.146875
5 0.73046875 0.0578125 0.1796875 0.115625
5 0.496875 0.2515625 0.115625 0.165625
5 0.7953125 0.54296875 0.159375 0.1859375
5 0.39296875 0.52109375 0.1609375 0.1703125
3 0.53125 0.671875 0.390625 0.240625
3 0.2375 0.50625 0.14375 0.325
3 0.32578125 0.1953125 0.2046875 0.134375
3 0.56484375 0.1125 0.2171875 0.153125
3 0.64375 0.32109375 0.1875 0.253125
3 0.53984375 0.45625 0.1921875 0.19375