6 1 0.4931640625 0.96875 0.3583984375 0.935546875 0.2666015625 0.826171875 0.1083984375 0.7626953125 0.0390625 0.6865234375 0.033203125 0.1337890625 0.037109375 0.0693359375 0.0546875 0.060546875 0.0654296875 0 0.1904296875 0.00390625 0.9189453125 0.1064453125 1 0.8349609375 1 0.943359375 0.8759765625 0.96875 0.8271484375 1 0.7197265625 1 0.4931640625
5 0.16875 0.89375 0.1671875 0.165625
5 0.340625 0.95234375 0.15 0.0953125
5 0.5140625 0.95703125 0.15234375 0.0859375
5 0.634375 0.9484375 0.121875 0.10234375
5 0.715625 0.90703125 0.16015625 0.1453125
5 0.834375 0.8421875 0.1421875 0.14609375
5 0.88828125 0.69375 0.13515625 0.13984375
5 0.8859375 0.5421875 0.1546875 0.1328125
5 0.89296875 0.378125 0.13984375 0.15546875
5 0.7875 0.240625 0.15 0.15390625
5 0.59453125 0.10390625 0.21484375 0.15078125
5 0.4015625 0.0859375 0.165625 0.13203125
5 0.253125 0.11171875 0.090625 0.15
5 0.178125 0.2203125 0.171875 0.1609375
5 0.0734375 0.35078125 0.146875 0.159375
5 0.0578125 0.73046875 0.115625 0.1796875
5 0.2515625 0.496875 0.1671875 0.11484375
5 0.54296875 0.7953125 0.1859375 0.1578125
5 0.52109375 0.39296875 0.17109375 0.1609375
3 0.671875 0.53125 0.240625 0.39140625
3 0.50625 0.2375 0.32421875 0.14453125
3 0.1953125 0.32578125 0.13515625 0.20390625
3 0.1125 0.56484375 0.15234375 0.21640625
3 0.32109375 0.64375 0.253125 0.18828125
3 0.45625 0.53984375 0.1953125 0.19140625