6 0.49482107500000005 0 0.038925057812500004 0.0423500828125 0 0.10155031562500001 0 0.5218304734375 0.031133615625 0.8776893234375001 0.16360903437500002 0.9744833312500001 0.21446429218750002 0.9955216859375 0.23703966875 1 0.5218304687499999 1 0.5499013734375 0.9975441140625 0.68143055625 0.9546674312500001 0.7699842734375 0.9135900296875 0.9180527296875001 0.7908429234375001 0.981592475 0.721564884375 0.9807907374999999 0.6451721874999999 0.9287253765625 0.0948815859375 0.9055966828124999 0.032205759375 0.8941293546875 0.024386384375 0.8300812593750001 0 0.49482107500000005 0
5 0.084375 0.20390625 0.16875 0.1828125
5 0.04453125 0.38046875 0.0890625 0.1578125
5 0.04765625 0.553125 0.0953125 0.159375
5 0.06484375 0.67265625 0.1140625 0.1296875
5 0.11328125 0.75 0.159375 0.171875
5 0.18828125 0.86328125 0.159375 0.15625
5 0.340625 0.90390625 0.1515625 0.1484375
5 0.49140625 0.88828125 0.146875 0.1640625
5 0.65546875 0.88046875 0.1671875 0.1515625
5 0.78359375 0.7640625 0.165625 0.1625
5 0.903125 0.559375 0.1703125 0.2265625
5 0.90390625 0.365625 0.1453125 0.1765625
5 0.865625 0.2203125 0.1578125 0.103125
5 0.75078125 0.1546875 0.1734375 0.184375
5 0.6109375 0.07109375 0.171875 0.1421875
5 0.23203125 0.0796875 0.1890625 0.13125
5 0.48125 0.25234375 0.1296875 0.175
5 0.209375 0.56875 0.175 0.1984375
5 0.60859375 0.51171875 0.175 0.184375
3 0.48359375 0.67421875 0.409375 0.2734375
3 0.76171875 0.48359375 0.171875 0.3359375
3 0.646875 0.18125 0.215625 0.1515625
3 0.4015625 0.11953125 0.2296875 0.171875
3 0.34140625 0.334375 0.209375 0.26875
3 0.45625 0.46015625 0.2078125 0.209375