6 0.2310571609375 0.7466793515625 0.5829956578125 0.99408328125 0.6366538828125 0.9968953890625001 0.6534729078125 0.9526629281250001 0.7004899 0.6526290859375 0.7149276125 0.489098084375 0.7048788046875 0.23301288125 0.6810211765624999 0.07451580468749999 0.6788668203125 0.07440290000000001 0.6394374671875 0.08224590781249999 0.35289103125 0.2132621140625 0.020934523437499998 0.408395859375 0.014244804687500001 0.4539414984375 0.0132799296875 0.4723524265625 0.2310571609375 0.7466793515625
6 1 0.0302116484375 0.873882634375 0.02360211875 0.7689157390625 0.08590229218749999 0.7680112593749999 0.103160803125 0.8011106874999999 0.26648055312499996 0.895940446875 0.4722463875 0.964789075 0.5579984171875 0.9755846859374999 0.5572603203125001 1 0.41333434375 1 0.0302116484375
5 0.90390625 0.209375 0.0640625 0.1359375
5 0.83828125 0.27265625 0.0859375 0.134375
5 0.940625 0.38828125 0.0859375 0.140625
5 0.965625 0.08359375 0.06875 0.1234375
1 0.16015625 0.53828125 0.1203125 0.16875
1 0.3484375 0.69296875 0.06875 0.096875
1 0.54140625 0.61328125 0.0703125 0.115625
0 0.515625 0.88203125 0.09375 0.128125
0 0.471875 0.75546875 0.125 0.21875
0 0.165625 0.39453125 0.115625 0.08125
0 0.225 0.57265625 0.078125 0.259375