6 0.7648389578125 0.7510802265625001 0.987090234375 0.3827410078125 0.986152484375 0.32901732968749997 0.9408545343749999 0.315324775 0.6382718203125 0.289351615625 0.47413204843749995 0.28635641875 0.2193716265625 0.31424434843750004 0.0629248640625 0.3491000578125 0.0629625140625 0.35125704375 0.0735368703125 0.3900432484375 0.22422239687499998 0.6667524421875 0.44203692187500004 0.9842884796875 0.48793826406249996 0.9877847984375 0.50637165 0.9874630421875 0.7648389578125 0.7510802265625001
6 0 0.16216429375000002 0.0681524 0.260625321875 0.0854319625 0.26032370625 0.246044975 0.21591229531249997 0.444694584375 0.10696003750000001 0.5254350890625 0.032297362499999996 0.5239457265625 0.021579535937499998 0.3387031 0.0033253109375 0 0.0092373953125 0 0.16216429375000002
5 0.18125 0.1171875 0.134375 0.059375
5 0.25 0.17890625 0.13125 0.08125
5 0.3578125 0.06796875 0.1390625 0.08125
5 0.05625 0.05859375 0.1125 0.0734375
1 0.5625 0.83671875 0.1640625 0.115625
1 0.703125 0.6375 0.0953125 0.065625
1 0.61015625 0.45078125 0.1140625 0.065625
0 0.8796875 0.4578125 0.125 0.0890625
0 0.75625 0.51015625 0.2140625 0.1171875
0 0.41875 0.840625 0.0765625 0.1140625
0 0.59140625 0.76953125 0.2578125 0.06875