6 0.56640625 0.982421875 0.7786458328125 0.6611328125 0.9244791671874999 0.3818359375 0.9348958328125001 0.3408203125 0.77734375 0.30859375 0.5221354171875 0.28515625 0.3580729171875 0.291015625 0.05598958281250001 0.322265625 0.010416667187500001 0.3369140625 0.010416667187500001 0.3896484375 0.23958333281250002 0.7548828125 0.50390625 0.98828125 0.56640625 0.982421875
6 0.65234375 0 0.4674479171875 0.021484375 0.4661458328125 0.0322265625 0.5481770828125 0.10546875 0.7486979171875 0.2109375 0.9153645828125001 0.25390625 0.9270833328125001 0.2529296875 0.9973958328125001 0.1474609375 0.99609375 0 0.65234375 0
5 0.81171875 0.11171875 0.1328125 0.05703125
5 0.74453125 0.17421875 0.1296875 0.0796875
5 0.634375 0.065625 0.13828125 0.07890625
5 0.93984375 0.0515625 0.11953125 0.0734375
1 0.44375 0.8375 0.16171875 0.11171875
1 0.29921875 0.64140625 0.09375 0.06328125
1 0.3890625 0.45234375 0.11171875 0.0640625
0 0.11953125 0.4640625 0.12265625 0.0875
0 0.24375 0.51484375 0.21328125 0.1140625
0 0.5875 0.8390625 0.0765625 0.1125
0 0.41328125 0.77109375 0.25625 0.06328125