6 0.10391418593749999 0 0.12715850312500002 0.11491715 0.496490609375 0.541173859375 0.4877214921875 0.5668029046874999 0.0061661609375 0.4191993390625 0 0.46941869062499997 0 0.9423626328125 0.4694186875 1 0.6728754234375 1 0.7806484328125001 0.791115675 0.823182946875 0.6965430593749999 0.849390353125 0.4945482640625 0.8621172093749999 0.379448934375 0.8401286328124999 0.21510896875 0.80842445625 0.11844881874999999 0.7549298109375 0.027546532812500003 0.5305813046875001 0 0.10391418593749999 0
3 0.5953125 0.30625 0.14375 0.246875
3 0.70703125 0.46875 0.1515625 0.0671875
3 0.30625 0.64609375 0.2625 0.190625
3 0.49296875 0.77734375 0.2390625 0.275
3 0.409375 0.05625 0.2359375 0.0984375
3 0.57265625 0.49375 0.08125 0.0828125
5 0.6421875 0.59375 0.1640625 0.178125
5 0.76953125 0.60859375 0.140625 0.1828125
5 0.665625 0.87109375 0.171875 0.2078125
5 0.46484375 0.96015625 0.1515625 0.0796875
5 0.1953125 0.83203125 0.25 0.2078125
5 0.16484375 0.5109375 0.13125 0.0921875
5 0.415625 0.22734375 0.2171875 0.271875
5 0.70703125 0.10859375 0.1984375 0.1921875
5 0.73828125 0.3390625 0.140625 0.1546875