6 1 0.27622767812500004 0.7547433031249999 0.185546875 0.6556919640625 0.154854909375 0.452008928125 0.153459821875 0.3362165171875 0.154854909375 0.17578125 0.196707590625 0.0837053578125 0.2399553578125 0 0.30412946406249997 0 0.8747209828125 0.004185267187499999 0.8830915171875 0.037667409375 0.9584263390625001 0.163225446875 0.9165736609374999 0.5412946421875 0.498046875 0.5678013390625 0.5036272328125 0.47991071406249997 1 0.9402901781249999 1 1 0.9500558031249999 1 0.27622767812500004
3 0.29609375 0.42890625 0.234375 0.115625
3 0.44375 0.2984375 0.05 0.14765625
3 0.66875 0.67421875 0.16328125 0.24375
3 0.77578125 0.4734375 0.25078125 0.2078125
3 0.0703125 0.64375 0.07109375 0.22734375
3 0.48515625 0.42890625 0.075 0.07421875
5 0.57578125 0.34765625 0.16015625 0.1453125
5 0.575 0.21953125 0.1671875 0.12109375
5 0.8484375 0.290625 0.1921875 0.14921875
5 0.96484375 0.478125 0.0703125 0.14375
5 0.86640625 0.76171875 0.18125 0.22890625
5 0.5515625 0.83125 0.0796875 0.12265625
5 0.23984375 0.6171875 0.25078125 0.18828125
5 0.0859375 0.3421875 0.171875 0.17734375
5 0.3109375 0.2828125 0.1421875 0.12578125