6 0.49563654843749994 0 0.0505503890625 0.007769007812500001 0 0.05157373125 0 0.50436343125 0.0039742140625 0.73204598125 0.2507761546875 0.8184326531250001 0.35034805625 0.847391259375 0.55402441875 0.8452313765625 0.6697748453125 0.8418156453125001 0.8294552484375 0.79716935625 0.9207623390625 0.7523212296875 1 0.6893465187500001 1 0.4956365265625 0.9933767609374999 0.116191421875 0.9890460453125 0.10789520625 0.954254228125 0.0331562015625 0.82944574375 0.07719379531250001 0.4587384296875 0.50225505625 0.43213837968749996 0.497138153125 0.5112424625 0 0.49563654843749994 0
3 0.70546875 0.5671875 0.2359375 0.1203125
3 0.559375 0.70078125 0.053125 0.1484375
3 0.328125 0.32890625 0.1671875 0.246875
3 0.225 0.53125 0.2546875 0.2140625
3 0.92734375 0.3484375 0.0765625 0.2296875
3 0.51640625 0.57109375 0.0765625 0.075
5 0.4265625 0.65390625 0.1640625 0.1484375
5 0.4296875 0.78203125 0.1703125 0.1234375
5 0.15546875 0.715625 0.19375 0.153125
5 0.0359375 0.52890625 0.071875 0.1453125
5 0.12890625 0.24453125 0.1859375 0.2328125
5 0.44296875 0.16953125 0.0796875 0.1234375
5 0.7578125 0.378125 0.2546875 0.1921875
5 0.9140625 0.65 0.171875 0.18125
5 0.69296875 0.7140625 0.1421875 0.128125