6 0.1943359375 0 0.0009765625 0.1588541671875 0 0.62109375 0.1201171875 0.78125 0.2373046875 0.890625 0.3330078125 0.9348958328125001 0.5126953125 0.984375 0.7177734375 0.9869791671874999 0.7783203125 0.9765625 0.8564453125 0.9375 0.9345703125 0.8723958328125001 1 0.7955729171875 1 0.25390625 0.9462890625 0.1796875 0.8955078125 0.1458333328125 0.7568359375 0.06510416718749999 0.5849609375 0 0.1943359375 0
5 0.3359375 0.73359375 0.1578125 0.196875
5 0.10546875 0.3296875 0.16953125 0.14609375
5 0.259375 0.2265625 0.14296875 0.15078125
5 0.3546875 0.15390625 0.11953125 0.14375
5 0.42109375 0.259375 0.1125 0.13203125
5 0.52265625 0.49609375 0.15703125 0.15859375
5 0.6703125 0.74765625 0.19140625 0.15625
5 0.71015625 0.60234375 0.16875 0.1546875
5 0.75859375 0.446875 0.1359375 0.15859375
5 0.58515625 0.32734375 0.125 0.10234375
5 0.66171875 0.23046875 0.11875 0.1421875
5 0.7484375 0.1359375 0.109375 0.12890625
5 0.509375 0.06484375 0.121875 0.12265625
5 0.846875 0.2609375 0.14375 0.14296875
5 0.91171875 0.22734375 0.1140625 0.13828125
5 0.9359375 0.37265625 0.128125 0.1421875
5 0.965625 0.603125 0.06875 0.17421875
5 0.8421875 0.7796875 0.140625 0.1421875
5 0.725 0.8484375 0.19921875 0.171875
3 0.3203125 0.5046875 0.18046875 0.21875
3 0.534375 0.7296875 0.09765625 0.25
3 0.86328125 0.59375 0.13671875 0.1421875
3 0.50703125 0.2390625 0.065625 0.11484375