6 1 0.3970994484375 0.8940680546875001 0.239277034375 0.7827654015625 0.123918809375 0.689510390625 0.07469993124999999 0.5126586859375 0.0158844578125 0.3693961265625 0.0065509671874999995 0.303422225 0.0030934203125 0.24698884062499998 0.0097845125 0.166926534375 0.044704732812499995 0.0855013140625 0.105630928125 0.0161406953125 0.1789242375 0 0.48690704218749997 0 0.7387244828124999 0.0375450703125 0.7967766187499999 0.0864849375 0.833242075 0.220741728125 0.9211181296875001 0.3883009609375 0.994832275 0.4869070296875 1 0.8001812812500001 1 0.9804717203125 0.8670552328125 1 0.5089122734375 1 0.3970994484375
5 0.67578125 0.275 0.16875 0.2046875
5 0.88515625 0.690625 0.178125 0.15625
5 0.72578125 0.7859375 0.1515625 0.1578125
5 0.62734375 0.853125 0.1265625 0.15
5 0.56640625 0.74453125 0.11875 0.1375
5 0.47734375 0.50234375 0.165625 0.165625
5 0.34296875 0.24375 0.1984375 0.165625
5 0.2953125 0.38671875 0.1765625 0.1640625
5 0.2390625 0.53984375 0.14375 0.165625
5 0.40625 0.66796875 0.1296875 0.1078125
5 0.32421875 0.7609375 0.1265625 0.1484375
5 0.2328125 0.85078125 0.115625 0.134375
5 0.46796875 0.934375 0.128125 0.1296875
5 0.14140625 0.7203125 0.1515625 0.1515625
5 0.07421875 0.75078125 0.121875 0.1453125
5 0.0625 0.60390625 0.125 0.1484375
5 0.040625 0.37265625 0.078125 0.178125
5 0.17265625 0.203125 0.1484375 0.1484375
5 0.29375 0.140625 0.209375 0.1828125
3 0.6796875 0.5046875 0.1921875 0.228125
3 0.47734375 0.26875 0.109375 0.2546875
3 0.1421875 0.3875 0.14375 0.15
3 0.4796875 0.76015625 0.071875 0.11875