6 0.26346508125 0 0.21133953437500003 0.0324360390625 0.1740255125 0.080732040625 0.0838197375 0.2134347359375 0.0071925078125 0.379681959375 0 0.4825396125 0 0.7986727499999999 0.1246152828125 0.9739925453125 0.48557859375 1 0.5968200078125 1 0.7538058203125 0.8985582796875 0.8710889749999999 0.78928585625 0.92192788125 0.6969040375 0.9838208843749999 0.5211057390625 0.99565323125 0.378027890625 1 0.31586619374999997 1 0.309531246875 0.994556478125 0.255582815625 0.9610388578125001 0.1749232625 0.9015430062500001 0.0924471328125 0.8294713703125 0.0218179328125 0.5174603921875 0 0.26346508125 0
5 0.721875 0.6796875 0.2078125 0.1734375
5 0.30234375 0.88203125 0.1578125 0.1796875
5 0.21015625 0.72109375 0.159375 0.153125
5 0.14453125 0.62109375 0.1515625 0.128125
5 0.2546875 0.56171875 0.1390625 0.121875
5 0.49765625 0.47734375 0.16875 0.16875
5 0.75859375 0.34765625 0.16875 0.2015625
5 0.61640625 0.29765625 0.165625 0.1796875
5 0.46484375 0.23828125 0.16875 0.146875
5 0.33359375 0.403125 0.109375 0.13125
5 0.2421875 0.31953125 0.15 0.128125
5 0.15390625 0.2265625 0.1359375 0.11875
5 0.06640625 0.46015625 0.13125 0.1296875
5 0.2859375 0.1375 0.153125 0.153125
5 0.25703125 0.0703125 0.146875 0.1234375
5 0.403125 0.0625 0.15 0.125
5 0.63515625 0.04296875 0.1796875 0.08125
5 0.803125 0.178125 0.15 0.15
5 0.86328125 0.3 0.1859375 0.2109375
3 0.4921875 0.6796875 0.23125 0.1953125
3 0.73125 0.48203125 0.25625 0.1140625
3 0.61875 0.14453125 0.153125 0.1453125
3 0.23984375 0.475 0.1203125 0.0734375