6 0 0.16447155156249998 0.0155821109375 0.2753440328125 0.049614584375 0.39614346718750004 0.108740153125 0.4982838 0.29150207968749997 0.719138221875 0.5398547687499999 0.9465530171875001 0.58376925625 0.9670075515625 0.607888271875 0.9616455265624999 0.690776875 0.852366478125 0.7733607234375001 0.661279003125 0.793836275 0.36452575 0.7590649546875 0.1702082734375 0.71758955 0.1494109484375 0.022994578125 0.093682065625 0.020427553125 0.0940428375 0 0.127106753125 0 0.16447155156249998
3 0.40859375 0.62109375 0.15 0.1484375
3 0.41953125 0.34140625 0.16875 0.0734375
3 0.5265625 0.21328125 0.18125 0.08125
5 0.42109375 0.740625 0.1984375 0.16875
5 0.48125 0.46015625 0.1625 0.165625
5 0.58046875 0.31015625 0.159375 0.159375
5 0.62578125 0.49921875 0.165625 0.2546875
5 0.321875 0.42421875 0.134375 0.1765625
5 0.23828125 0.55625 0.215625 0.2140625
5 0.2109375 0.3640625 0.165625 0.159375
5 0.3546875 0.23359375 0.128125 0.1484375
5 0.20625 0.1703125 0.234375 0.196875