6 0.5556640625 0.8866995078125001 0.6650390625 0.9310344828125 0.7919921875 0.9482758625000001 0.9287109375 0.9507389156249999 0.96875 0.9174876843750001 0.81640625 0.23522167500000002 0.7900390625 0.197044334375 0.5927734375 0.189655171875 0.3017578125 0.2512315265625 0.1240234375 0.3596059109375 0.02734375 0.4568965515625 0.025390625 0.48152709375 0.0517578125 0.5221674875 0.3115234375 0.7364532015624999 0.5556640625 0.8866995078125001
3 0.39296875 0.60703125 0.13125 0.13359375
3 0.66796875 0.5578125 0.0515625 0.1625
3 0.78046875 0.43359375 0.0578125 0.175
5 0.27265625 0.61171875 0.14453125 0.1796875
5 0.5421875 0.51328125 0.146875 0.14375
5 0.6765625 0.39375 0.13984375 0.140625
5 0.48359375 0.375 0.2390625 0.13359375
5 0.6 0.665625 0.16171875 0.11171875
5 0.48046875 0.7671875 0.18828125 0.18984375
5 0.675 0.7671875 0.14140625 0.14609375
5 0.784375 0.60703125 0.134375 0.11015625
5 0.8671875 0.7453125 0.16796875 0.21328125