6 0.8837438359374999 0.4236594328125 0.9222938062500001 0.312114015625 0.9326513890625 0.1870403046875 0.9251829671875 0.04453434375 0.893301071875 0.0099946765625 0.8907123718750001 0.0101303453125 0.21951263906250001 0.1973703 0.1827675703125 0.22569940000000002 0.1857126203125 0.42308139687499996 0.2624351671875 0.7104755390624999 0.3799629265625 0.8822944578125 0.4821800578125 0.9737498499999999 0.5068790640625 0.9744112359375 0.546083809375 0.9459532296875001 0.7464807703125 0.67532875625 0.8837438359374999 0.4236594328125
3 0.6125 0.6015625 0.1390625 0.1375
3 0.54921875 0.32890625 0.165625 0.059375
3 0.41875 0.2234375 0.178125 0.0671875
5 0.6234375 0.72109375 0.1875 0.1546875
5 0.5109375 0.45703125 0.1515625 0.1546875
5 0.384375 0.32890625 0.1484375 0.1484375
5 0.37578125 0.52265625 0.146875 0.2453125
5 0.66015625 0.39140625 0.1203125 0.16875
5 0.76796875 0.50546875 0.2 0.1984375
5 0.7578125 0.3109375 0.1546875 0.1484375
5 0.5921875 0.21015625 0.1171875 0.140625
5 0.72578125 0.1203125 0.2203125 0.1796875