6 0.47063735624999997 0 0.104047175 0.05806218125 0.15880189375 0.7883213421875 0.24214779375 0.9965973937499999 0.2461491 1 0.532796090625 1 0.8341253703125 0.95227413125 0.9222553874999999 0.37078154531249996 0.931779871875 0.06276501718750001 0.921217525 0 0.47063735624999997 0
8 0.56875 0.87421875 0.190625 0.121875
8 0.59140625 0.70859375 0.1796875 0.203125
8 0.709375 0.7 0.19375 0.228125
8 0.66015625 0.4640625 0.25625 0.2859375
8 0.52734375 0.1921875 0.2875 0.3140625
8 0.3921875 0.4453125 0.2875 0.2640625
8 0.44140625 0.6890625 0.2171875 0.2515625
8 0.37578125 0.84296875 0.203125 0.278125
8 0.25625 0.6296875 0.184375 0.2
8 0.25859375 0.16640625 0.1515625 0.234375
8 0.68515625 0.18046875 0.1984375 0.2890625
2 0.38671875 0.2375 0.1203125 0.0859375
2 0.35078125 0.8390625 0.1140625 0.0703125
2 0.30703125 0.09375 0.090625 0.125
2 0.715625 0.16796875 0.1171875 0.06875
2 0.32421875 0.7890625 0.0703125 0.0796875