6 1 0.993455496875 0.9990234375 0.17801047187500002 0.2685546875 0.117801046875 0.0498046875 0.1675392671875 0.0009765625 0.209424084375 0.0009765625 0.759162303125 0.5615234375 0.937172775 0.8642578125 0.9947643984375001 1 0.993455496875
8 0.11953125 0.509375 0.0953125 0.17890625
8 0.2796875 0.5578125 0.18203125 0.15234375
8 0.26953125 0.67578125 0.2046875 0.1640625
8 0.51015625 0.6640625 0.2546875 0.21953125
8 0.8 0.575 0.278125 0.24609375
8 0.57109375 0.40234375 0.2265625 0.2546875
8 0.32265625 0.4125 0.225 0.184375
8 0.18046875 0.3234375 0.2546875 0.1671875
8 0.41015625 0.2390625 0.17578125 0.15859375
8 0.8671875 0.3140625 0.21953125 0.11953125
8 0.78671875 0.7328125 0.2671875 0.16015625
2 0.77734375 0.42890625 0.06875 0.11015625
2 0.18828125 0.29921875 0.05546875 0.10625
2 0.93125 0.37265625 0.11640625 0.07421875
2 0.79453125 0.76484375 0.05078125 0.11015625
2 0.2421875 0.28125 0.0703125 0.059375