6 1 0.0862175796875 0.9447039875 0.0759166921875 0.636568146875 0.0800640984375 0.05362604375 0.158032246875 0 0.46216065625 0 0.7495758875 0.20576784374999998 0.8361142390625 0.9349601812499999 0.9036053984375 1 0.5347462578125 1 0.0862175796875
8 0.1265625 0.425 0.125 0.1921875
8 0.29296875 0.4046875 0.2046875 0.1828125
8 0.30390625 0.28671875 0.2296875 0.196875
8 0.53828125 0.33984375 0.2890625 0.259375
8 0.80859375 0.478125 0.3171875 0.2921875
8 0.553125 0.60859375 0.2671875 0.290625
8 0.31015625 0.55546875 0.253125 0.2203125
8 0.1546875 0.61875 0.2796875 0.2078125
8 0.36640625 0.74140625 0.2015625 0.1875
8 0.8296875 0.746875 0.2359375 0.1546875
8 0.82265625 0.3203125 0.290625 0.203125
2 0.7609375 0.61796875 0.0875 0.121875
2 0.1578125 0.64375 0.071875 0.1140625
2 0.90234375 0.7 0.1265625 0.0921875
2 0.8359375 0.290625 0.0703125 0.11875
2 0.2078125 0.6703125 0.08125 0.0703125