6 1 0.4833984375 0.8369140625 0.390625 0.7431640625 0.36328125 0.5927734375 0.3359375 0.4013671875 0.326171875 0.2783203125 0.34375 0.1826171875 0.376953125 0.1064453125 0.423828125 0.056640625 0.4658203125 0.001953125 0.6044921875 0.001953125 0.6396484375 0.0419921875 0.6953125 0.0849609375 0.7265625 0.1845703125 0.7734375 0.4423828125 0.8359375 0.6572265625 0.841796875 0.7822265625 0.818359375 0.8837890625 0.779296875 0.974609375 0.7119140625 1 0.6845703125 1 0.4833984375
3 0.77734375 0.7109375 0.19453125 0.115625
3 0.4609375 0.7265625 0.2421875 0.07734375
3 0.2296875 0.6875 0.16875 0.13203125
3 0.1625 0.6140625 0.06953125 0.0953125
3 0.11171875 0.521875 0.10390625 0.1
3 0.28515625 0.42734375 0.1390625 0.0875
3 0.5875 0.3984375 0.19453125 0.07890625
3 0.72890625 0.52421875 0.11875 0.1609375
3 0.9421875 0.4875 0.10078125 0.065625
3 0.940625 0.57890625 0.11875 0.084375
2 0.69453125 0.5171875 0.1078125 0.0578125
2 0.6453125 0.621875 0.0921875 0.07734375
2 0.65078125 0.559375 0.0703125 0.0515625
2 0.653125 0.4375 0.10078125 0.04765625
2 0.384375 0.459375 0.11875 0.04375
2 0.38125 0.4078125 0.05546875 0.053125
2 0.353125 0.60234375 0.15 0.04921875