6 1 0.385552978125 0.9700293484375001 0.3370782203125 0.9293451578124999 0.3029069953125 0.8332482609375 0.24919778125 0.5804235578125 0.1688659375 0.4092942203125 0.15220046250000002 0.360195365625 0.1487671359375 0.2401814625 0.1626949421875 0.1361415015625 0.1945776453125 0.0408420359375 0.2554610125 0.0141296296875 0.28047649531249996 0.0000405328125 0.4819599734375 0.1557899375 0.5855725703125 0.2474041625 0.61938938125 0.395521040625 0.6571572437500001 0.5857798187500001 0.6802509046874999 0.7097531453125 0.671298915625 0.8075392765625 0.6448525843749999 0.886795434375 0.60340525 0.939408028125 0.564989553125 1 0.43808468749999996 1 0.385552978125
3 0.23828125 0.2703125 0.203125 0.1296875
3 0.5546875 0.2765625 0.2453125 0.0953125
3 0.7828125 0.33203125 0.178125 0.1421875
3 0.84453125 0.409375 0.075 0.1015625
3 0.8890625 0.50546875 0.1109375 0.1078125
3 0.709375 0.5875 0.1453125 0.096875
3 0.40546875 0.5953125 0.1984375 0.0921875
3 0.2734375 0.46015625 0.1296875 0.16875
3 0.0578125 0.48125 0.1046875 0.071875
3 0.065625 0.390625 0.125 0.0921875
2 0.30703125 0.46953125 0.1109375 0.0671875
2 0.36328125 0.36796875 0.0953125 0.084375
2 0.35390625 0.43046875 0.0734375 0.0546875
2 0.34296875 0.5515625 0.103125 0.053125
2 0.6125 0.5484375 0.121875 0.0515625
2 0.61171875 0.6 0.059375 0.05625
2 0.65390625 0.4078125 0.153125 0.059375