6 0.46064914999999995 0 0.40511125156250005 0.0087963390625 0.3391902328125 0.18386165937500001 0.3268488609375 0.2807349453125 0.323368034375 0.43355151718749996 0.343665175 0.62412891875 0.38027565625 0.7429110578125 0.4280412625 0.8322418062500001 0.4862550609375 0.9001430125000001 0.5355214234375001 0.942765496875 0.681041028125 0.9750866421875 0.7157644453125 0.9695869937499999 0.7644797015625 0.9213331 0.7886231687499999 0.8740047890625 0.8193387203125001 0.76828890625 0.8407384812500001 0.5038733515625 0.818481096875 0.33338113125 0.8107815890625 0.2847683453125 0.7702134968750001 0.1709634671875 0.715744046875 0.076762090625 0.637430953125 0 0.46064914999999995 0
3 0.66484375 0.19296875 0.1453125 0.2109375
3 0.7296875 0.503125 0.1140625 0.25
3 0.72734375 0.7375 0.15625 0.1875
3 0.665625 0.815625 0.10625 0.0828125
3 0.58203125 0.88046875 0.115625 0.11875
3 0.46171875 0.7234375 0.1078125 0.1515625
3 0.3859375 0.4296875 0.1078125 0.203125
3 0.48828125 0.2703125 0.178125 0.1421875
3 0.41875 0.06484375 0.0796875 0.109375
3 0.50859375 0.05859375 0.1015625 0.1171875
2 0.48671875 0.30546875 0.075 0.115625
2 0.59765625 0.3375 0.090625 0.1015625
2 0.53515625 0.34140625 0.0609375 0.0765625
2 0.4140625 0.35859375 0.0625 0.10625
2 0.478125 0.6203125 0.0625 0.1234375
2 0.42734375 0.63203125 0.0609375 0.0640625
2 0.62421875 0.62890625 0.071875 0.15625