6 0.48874418750000004 0 0.0638080234375 0.044662590625 0.03325195625 0.14935783593750002 0.0244497375 0.21509113750000003 0.0204487375 0.46664324375 0.0228870234375 0.48984198437500004 0.076801384375 0.8066092984375001 0.1175688609375 0.9515795984375 0.1403321078125 1 0.5079558625 1 0.9328625468749999 0.95426353125 0.9746918656249999 0.8477451578125 0.996711696875 0.6694970609374999 1 0.6241755046875 1 0.4737961046875 0.9745688796875 0.231835165625 0.9233961953125001 0.042052721875 0.9063088828125 0 0.48874418750000004 0
5 0.25078125 0.5265625 0.1484375 0.2
5 0.3828125 0.49375 0.1234375 0.1828125
5 0.3453125 0.22265625 0.1578125 0.1796875
5 0.525 0.0984375 0.1171875 0.171875
5 0.55703125 0.3578125 0.1453125 0.1546875
5 0.43359375 0.33125 0.121875 0.1296875
5 0.6375 0.259375 0.115625 0.153125
5 0.7015625 0.04921875 0.096875 0.0984375
5 0.63203125 0.09453125 0.10625 0.15625
5 0.75390625 0.134375 0.10625 0.1359375
5 0.85234375 0.17109375 0.1 0.1125
5 0.78515625 0.240625 0.08125 0.1
5 0.8625 0.2875 0.10625 0.096875
5 0.88984375 0.3671875 0.103125 0.1015625
5 0.9578125 0.51953125 0.084375 0.1078125
5 0.8234375 0.4734375 0.0953125 0.1640625
5 0.7390625 0.465625 0.0796875 0.13125
5 0.6390625 0.5390625 0.1515625 0.1546875
5 0.7265625 0.5828125 0.1046875 0.109375
5 0.890625 0.640625 0.09375 0.10625
5 0.83046875 0.71875 0.109375 0.1421875
5 0.89609375 0.82421875 0.0875 0.1234375
5 0.82109375 0.88984375 0.103125 0.121875
5 0.75 0.76171875 0.109375 0.1296875
5 0.68515625 0.8296875 0.09375 0.128125
5 0.52734375 0.91015625 0.140625 0.175
5 0.46171875 0.60859375 0.1515625 0.171875
2 0.42421875 0.4078125 0.1625 0.3109375
2 0.7609375 0.1546875 0.0765625 0.109375
2 0.7765625 0.37109375 0.125 0.1546875
2 0.77734375 0.48828125 0.0765625 0.071875
2 0.8296875 0.6234375 0.103125 0.1390625