6 0.1288792046875 0 0.078324575 0.08957473593750001 0.031711698437500005 0.263023565625 0.0033742140625 0.394647615625 0 0.491272471875 0 0.757969746875 0.0169903234375 0.8945652046875001 0.039137031249999996 0.9826476296875001 0.5360439046875001 1 0.8738121624999999 1 0.9134057265625 0.9121885109375001 0.9312705890625 0.8483199546875 0.9702419390625 0.5997727671875 0.9710560234375001 0.57646045 0.9617518421875 0.255272465625 0.941557078125 0.1060392703125 0.9134616171875001 0.015159640625000002 0.4457398859375 0 0.1288792046875 0
5 0.75078125 0.50859375 0.1359375 0.1921875
5 0.61484375 0.52265625 0.1125 0.175
5 0.61484375 0.79609375 0.146875 0.1703125
5 0.41875 0.89453125 0.10625 0.165625
5 0.4234375 0.6328125 0.1359375 0.146875
5 0.5421875 0.6765625 0.1140625 0.121875
5 0.33046875 0.71953125 0.10625 0.146875
5 0.23515625 0.93125 0.0890625 0.121875
5 0.31328125 0.88359375 0.0953125 0.15
5 0.19765625 0.8265625 0.0984375 0.1296875
5 0.1046875 0.77734375 0.0921875 0.10625
5 0.18125 0.7171875 0.075 0.096875
5 0.11171875 0.66015625 0.1 0.090625
5 0.0953125 0.57734375 0.096875 0.0953125
5 0.04765625 0.4171875 0.08125 0.103125
5 0.1765625 0.48203125 0.084375 0.159375
5 0.25859375 0.50078125 0.071875 0.1265625
5 0.3671875 0.4421875 0.1421875 0.1453125
5 0.2875 0.3859375 0.0984375 0.103125
5 0.1328125 0.30625 0.0875 0.1015625
5 0.20390625 0.2375 0.1 0.1359375
5 0.153125 0.1234375 0.08125 0.11875
5 0.2359375 0.06953125 0.0953125 0.115625
5 0.2890625 0.20546875 0.1015625 0.1234375
5 0.3625 0.14765625 0.0859375 0.1234375
5 0.5296875 0.08984375 0.13125 0.1671875
5 0.553125 0.39765625 0.140625 0.1625
2 0.5625 0.6015625 0.1421875 0.303125
2 0.19375 0.80625 0.06875 0.1046875
2 0.20859375 0.5890625 0.115625 0.146875
2 0.2234375 0.4734375 0.071875 0.06875
2 0.190625 0.33203125 0.0953125 0.1328125