6 0.4130859375 0 0.2794621234375 0.023921921875 0.1044921875 0.064453125 0.0029296875 0.1171875 0.0009765625 0.896484375 0.0908203125 0.927734375 0.2392578125 0.953125 0.5751953125 0.974609375 0.8330078125 0.943359375 0.8974609375 0.927734375 1 0.8857421875 0.9990234375 0.056640625 0.9111328125 0.03125 0.7158203125 0 0.4130859375 0
5 0.5 0.75078125 0.1890625 0.13046875
5 0.51875 0.615625 0.17265625 0.10625
5 0.7921875 0.625 0.165625 0.14140625
5 0.896875 0.4328125 0.16171875 0.1
5 0.63515625 0.428125 0.1421875 0.1296875
5 0.675 0.5484375 0.11953125 0.1109375
5 0.725 0.33828125 0.14375 0.10078125
5 0.940625 0.25 0.1171875 0.08359375
5 0.88984375 0.3265625 0.146875 0.09140625
5 0.83671875 0.209375 0.12734375 0.0921875
5 0.790625 0.11484375 0.10234375 0.0890625
5 0.728125 0.1890625 0.0921875 0.07109375
5 0.6734375 0.1171875 0.08828125 0.096875
5 0.59140625 0.0984375 0.09296875 0.09375
5 0.4328125 0.0453125 0.10078125 0.0765625
5 0.49296875 0.17578125 0.15625 0.08046875
5 0.509375 0.25859375 0.1265625 0.06796875
5 0.446875 0.365625 0.13984375 0.1359375
5 0.39375 0.28359375 0.0984375 0.09453125
5 0.31953125 0.1265625 0.09765625 0.08515625
5 0.24765625 0.19453125 0.1328125 0.09609375
5 0.1359375 0.13984375 0.11640625 0.07578125
5 0.07890625 0.22109375 0.1125 0.0921875
5 0.21328125 0.27890625 0.1203125 0.096875
5 0.15234375 0.35 0.11953125 0.0796875
5 0.0890625 0.515625 0.1625 0.1234375
5 0.39609375 0.54921875 0.1578125 0.1359375
2 0.59921875 0.565625 0.29765625 0.1296875
2 0.81640625 0.2046875 0.103125 0.06640625
2 0.59921875 0.21171875 0.14375 0.1109375
2 0.4828125 0.22265625 0.0640625 0.07109375
2 0.34296875 0.18515625 0.12890625 0.090625