6 0.5051776640625001 0 0.4529386515625 0.0007452953125 0.45245433281249997 0.0007537484375 0.44325800937500004 0.99269324375 0.8211784890624999 0.9944631749999999 0.8182149937500001 0.8246846031249999 0.8026678984375 0 0.5051776640625001 0
3 0.61015625 0.47578125 0.0671875 0.08125
3 0.5484375 0.575 0.0734375 0.075
3 0.60703125 0.8859375 0.0515625 0.0703125
3 0.71015625 0.37734375 0.0671875 0.0828125
3 0.7265625 0.125 0.0703125 0.075
3 0.61484375 0.284375 0.0703125 0.0890625
3 0.54140625 0.3703125 0.0515625 0.1
4 0.56171875 0.721875 0.0765625 0.06875
4 0.74296875 0.921875 0.1046875 0.109375
4 0.72890625 0.65625 0.084375 0.0671875
4 0.73203125 0.47265625 0.0859375 0.0984375
4 0.63828125 0.61640625 0.0625 0.0359375
4 0.55859375 0.07109375 0.084375 0.0640625
4 0.6828125 0.18515625 0.0640625 0.0828125
4 0.73046875 0.26875 0.0640625 0.0671875
4 0.521875 0.23515625 0.0734375 0.0609375
2 0.61171875 0.80546875 0.0703125 0.0890625
2 0.68828125 0.746875 0.121875 0.1140625
2 0.63125 0.665625 0.0953125 0.05625
2 0.646875 0.5453125 0.1046875 0.1125
2 0.65234375 0.328125 0.1203125 0.165625
2 0.6046875 0.18671875 0.096875 0.1125
2 0.69453125 0.08984375 0.11875 0.153125
2 0.5171875 0.1703125 0.103125 0.0796875
2 0.53203125 0.465625 0.1109375 0.084375
2 0.48984375 0.6 0.0625 0.1203125
2 0.509375 0.78203125 0.1109375 0.121875
2 0.509375 0.94609375 0.1109375 0.1