6 1 0.461774553125 0.008370534374999999 0.43526785781250005 0 0.8133370531249999 0.9988839281249999 0.8119419640625001 1 0.461774553125
3 0.52265625 0.6109375 0.0796875 0.0640625
3 0.42421875 0.546875 0.07265625 0.07265625
3 0.1125 0.6 0.06875 0.05
3 0.61875 0.7125 0.08203125 0.065625
3 0.87109375 0.7328125 0.07421875 0.06953125
3 0.71328125 0.61875 0.0875 0.06875
3 0.62890625 0.54375 0.09765625 0.05
4 0.27734375 0.5578125 0.0671875 0.075
4 0.07421875 0.7359375 0.10859375 0.1015625
4 0.33984375 0.72578125 0.065625 0.08203125
4 0.5234375 0.7328125 0.09765625 0.08515625
4 0.38125 0.6359375 0.03359375 0.06171875
4 0.928125 0.56640625 0.0625 0.08359375
4 0.81171875 0.68828125 0.08125 0.0625
4 0.72734375 0.734375 0.065625 0.0625
4 0.7640625 0.5265625 0.06015625 0.07109375
2 0.19296875 0.60625 0.0875 0.06875
2 0.25 0.68359375 0.1140625 0.1203125
2 0.33203125 0.628125 0.05546875 0.09375
2 0.45234375 0.64609375 0.11015625 0.103125
2 0.66953125 0.65546875 0.16484375 0.1171875
2 0.81171875 0.61015625 0.11171875 0.09609375
2 0.90703125 0.7015625 0.15078125 0.1171875
2 0.8296875 0.52265625 0.078125 0.1015625
2 0.53359375 0.5328125 0.08203125 0.10859375
2 0.4 0.48828125 0.11875 0.06171875
2 0.21796875 0.5046875 0.1203125 0.11015625
2 0.05390625 0.5015625 0.09921875 0.1078125