6 0 0 0 1 1 1 1 0 0 0
5 0.88828125 0.82890625 0.2234375 0.2921875
5 0.60859375 0.76171875 0.3375 0.27734375
5 0.94453125 0.58125 0.1109375 0.25234375
5 0.765625 0.546875 0.30625 0.2203125
5 0.878125 0.33359375 0.24375 0.16484375
5 0.7171875 0.140625 0.19296875 0.18828125
5 0.86640625 0.06484375 0.2671875 0.1296875
5 0.51953125 0.265625 0.2140625 0.1421875
5 0.48125 0.46328125 0.1453125 0.253125
5 0.27734375 0.25234375 0.22109375 0.18984375
5 0.08515625 0.159375 0.1703125 0.19375
5 0.45234375 0.07734375 0.275 0.1546875
5 0.234375 0.55703125 0.2578125 0.2546875
5 0.28125 0.86875 0.2890625 0.26171875
5 0.0625 0.56796875 0.12421875 0.32421875
0 0.20625 0.11328125 0.315625 0.2265625
0 0.38203125 0.02578125 0.21015625 0.0515625
0 0.7484375 0.03046875 0.15625 0.0609375
0 0.60078125 0.15 0.0953125 0.3
0 0.67265625 0.1171875 0.09453125 0.103125
0 0.71640625 0.22890625 0.225 0.16484375
0 0.61171875 0.36328125 0.2671875 0.14765625
0 0.55234375 0.5109375 0.12890625 0.2
0 0.7015625 0.634375 0.14921875 0.2109375
0 0.6296875 0.7921875 0.10234375 0.1328125
0 0.80078125 0.575 0.14453125 0.175
0 0.2671875 0.6734375 0.18828125 0.2828125
0 0.08984375 0.7 0.17890625 0.34765625
0 0.25 0.9109375 0.07265625 0.12734375
0 0.2625 0.5078125 0.075 0.0546875
4 0.62734375 0.75546875 0.303125 0.16171875
4 0.4765625 0.6578125 0.14375 0.2765625
4 0.23515625 0.6921875 0.2390625 0.359375
4 0.67265625 0.9453125 0.2765625 0.109375
4 0.92109375 0.86171875 0.1421875 0.2765625
4 0.92890625 0.384375 0.14140625 0.25546875