6 0.4606491453125 0 0 0.0729596578125 0 0.5393508546875 0.0729596578125 1 0.5393508546875 1 1 0.9270403421875001 1 0.4606491453125 0.9270403421875001 0 0.4606491453125 0
5 0.76328125 0.0984375 0.3234375 0.196875
5 0.74140625 0.3515625 0.3265625 0.3765625
5 0.51015625 0.0609375 0.2671875 0.121875
5 0.5046875 0.23046875 0.2640625 0.3359375
5 0.2765625 0.15234375 0.2 0.2671875
5 0.1109375 0.34140625 0.215625 0.2203125
5 0.0484375 0.20625 0.096875 0.284375
5 0.265625 0.5171875 0.175 0.234375
5 0.46640625 0.52421875 0.271875 0.18125
5 0.28984375 0.75859375 0.221875 0.246875
5 0.228125 0.93203125 0.21875 0.1359375
5 0.09375 0.61328125 0.1875 0.2953125
5 0.59765625 0.753125 0.2921875 0.2921875
5 0.87265625 0.6578125 0.2546875 0.325
5 0.63515625 0.9171875 0.3390625 0.165625
0 0.16328125 0.83828125 0.2734375 0.3234375
0 0.05 0.690625 0.084375 0.2171875
0 0.01953125 0.32734375 0.0390625 0.1640625
0 0.146875 0.4546875 0.29375 0.140625
0 0.09453125 0.3890625 0.1171875 0.1109375
0 0.1984375 0.32890625 0.196875 0.2484375
0 0.34765625 0.4109375 0.1890625 0.2875
0 0.50234375 0.446875 0.2171875 0.159375
0 0.6015625 0.2796875 0.2328125 0.18125
0 0.76796875 0.3265625 0.1484375 0.1234375
0 0.52734375 0.19140625 0.1953125 0.1703125
0 0.7078125 0.703125 0.3109375 0.2296875
0 0.76171875 0.8734375 0.3703125 0.23125
0 0.93828125 0.6828125 0.1234375 0.090625
0 0.54453125 0.73359375 0.0640625 0.0828125
4 0.73203125 0.334375 0.20625 0.325
4 0.659375 0.4984375 0.296875 0.1859375
4 0.73125 0.73125 0.3921875 0.2921875
4 0.9125 0.26015625 0.1515625 0.290625
4 0.79140625 0.059375 0.2953125 0.11875
4 0.31875 0.09453125 0.275 0.18125