6 0.0729596578125 0 0 0.4606491453125 0 0.9270403421875001 0.4606491453125 1 0.9270403421875001 1 1 0.5393508546875 1 0.0729596578125 0.5393508546875 0 0.0729596578125 0
5 0.23515625 0.0984375 0.3234375 0.196875
5 0.25859375 0.3515625 0.3265625 0.3765625
5 0.48828125 0.0609375 0.2671875 0.121875
5 0.4953125 0.23046875 0.2640625 0.3359375
5 0.7234375 0.15234375 0.2 0.2671875
5 0.8890625 0.34140625 0.215625 0.2203125
5 0.95078125 0.20625 0.0984375 0.284375
5 0.734375 0.5171875 0.175 0.234375
5 0.53359375 0.52421875 0.271875 0.18125
5 0.71015625 0.75859375 0.221875 0.246875
5 0.771875 0.93203125 0.21875 0.1359375
5 0.90625 0.61328125 0.1875 0.2953125
5 0.40234375 0.753125 0.2921875 0.2921875
5 0.1265625 0.6578125 0.253125 0.325
5 0.36328125 0.9171875 0.3390625 0.165625
0 0.83515625 0.83828125 0.2734375 0.3234375
0 0.95 0.690625 0.084375 0.2171875
0 0.9796875 0.32734375 0.040625 0.1640625
0 0.853125 0.4546875 0.29375 0.140625
0 0.90546875 0.3890625 0.1171875 0.1109375
0 0.8015625 0.32890625 0.196875 0.2484375
0 0.65234375 0.4109375 0.1890625 0.2875
0 0.49765625 0.446875 0.2171875 0.159375
0 0.3984375 0.2796875 0.2328125 0.18125
0 0.23203125 0.3265625 0.1484375 0.1234375
0 0.47265625 0.19140625 0.1953125 0.1703125
0 0.2921875 0.703125 0.3109375 0.2296875
0 0.23828125 0.8734375 0.3703125 0.23125
0 0.06171875 0.6828125 0.1234375 0.090625
0 0.45546875 0.73359375 0.0640625 0.0828125
4 0.26796875 0.334375 0.20625 0.325
4 0.340625 0.4984375 0.296875 0.1859375
4 0.26875 0.73125 0.3921875 0.2921875
4 0.0875 0.26015625 0.1515625 0.290625
4 0.20859375 0.059375 0.2953125 0.11875
4 0.68125 0.09453125 0.275 0.18125