6 0.6861979171875 1 0.8606770828125001 0.916015625 0.9479166671874999 0.8349609375 0.9947916671874999 0.7685546875 0.9947916671874999 0.6513671875 0.7955729171875 0.58984375 0.3450520828125 0.548828125 0.05598958281250001 0.564453125 0.0026041671875 0.5849609375 0.0026041671875 0.9091796875 0.1861979171875 1 0.6861979171875 1
5 0.7140625 0.6671875 0.178125 0.12109375
5 0.53125 0.6359375 0.18828125 0.096875
5 0.4546875 0.7234375 0.15 0.1046875
5 0.60859375 0.75390625 0.19375 0.1125
5 0.45625 0.83984375 0.17109375 0.11484375
5 0.87578125 0.78671875 0.16171875 0.13046875
5 0.3078125 0.74765625 0.19921875 0.12734375
5 0.28125 0.65 0.1640625 0.13046875
5 0.0953125 0.66484375 0.17890625 0.1375
5 0.1078125 0.76484375 0.215625 0.1203125
5 0.165625 0.85703125 0.25390625 0.13203125