6 0.62993048125 0 0.5767509046875 0.000928253125 0.5571779203125 0.0546634484375 0.5466001359375 0.343954615625 0.5954721875 0.7936910125 0.660208234375 0.9910287671875 0.7787257234375 0.9889600359375 0.8432108078124999 0.941733675 0.9227306093750001 0.853092778125 1 0.6851242984375 1 0.49563657812499995 0.9944254750000001 0.17627221875000001 0.9033638515625 0 0.62993048125 0
5 0.67109375 0.7109375 0.125 0.1796875
5 0.63671875 0.52890625 0.1 0.1890625
5 0.72265625 0.45078125 0.10625 0.1515625
5 0.75546875 0.60390625 0.115625 0.1953125
5 0.8390625 0.45 0.1171875 0.1734375
5 0.79296875 0.87109375 0.1328125 0.1625
5 0.74453125 0.30390625 0.1296875 0.2015625
5 0.64609375 0.27890625 0.134375 0.1640625
5 0.6578125 0.0921875 0.140625 0.18125
5 0.75703125 0.10546875 0.1234375 0.2109375
5 0.85078125 0.159375 0.1375 0.2546875