6 1 0.318187909375 0.9626108234374999 0.20105702343749998 0.894486359375 0.103385815625 0.8362373828124999 0.048652718750000004 0.7188554203125 0.032155759374999995 0.6305524828125 0.22013324843749998 0.5272356375 0.6605613734375 0.5024788515624999 0.9489853171875 0.5142697390625 1 0.8704374140625 1 0.951287609375 0.8815700703125 1 0.5349634062499999 1 0.318187909375
5 0.6953125 0.3109375 0.1453125 0.19375
5 0.6390625 0.48828125 0.121875 0.1984375
5 0.71484375 0.57578125 0.1234375 0.1625
5 0.76640625 0.428125 0.1390625 0.2078125
5 0.83046875 0.590625 0.1375 0.1859375
5 0.8359375 0.16796875 0.1515625 0.178125
5 0.71875 0.725 0.153125 0.215625
5 0.61796875 0.7375 0.153125 0.1796875
5 0.60703125 0.9125 0.1609375 0.175
5 0.70703125 0.9046875 0.1484375 0.190625
5 0.80703125 0.87265625 0.1671875 0.2546875