6 0.39322424218749996 0 0.32044895156250003 0.0637335546875 0.243626978125 0.3475021046875 0.2131261109375 0.61728024375 0.25370436875 0.8210096828125 0.325842809375 0.9813872015625 0.473718434375 1 0.665628440625 1 0.706616553125 0.9572998046875 0.8457442187499999 0.6575679203125 0.87450926875 0.5012904578125 0.87722375625 0.47918273125 0.8757657234374999 0.24211426875000003 0.8479771203125 0.1265380765625 0.7978275234375001 0.032813709375 0.5305813078125 0 0.39322424218749996 0
6 1 0.1415438484375 0.9353362390625 0.152268846875 0.896514609375 0.17997072812499998 0.9225029062500001 0.39568329375 0.897986221875 0.5953556640625 0.842962053125 0.7657008828125 0.7666128234375 0.896039653125 0.6938675171875001 0.9756583203125 0.70052948125 1 0.9392141640625 1 1 0.5049391 1 0.1415438484375
3 0.546875 0.21875 0.421875 0.35625
3 0.6046875 0.5296875 0.190625 0.3359375
3 0.3 0.446875 0.0640625 0.103125
3 0.35625 0.70390625 0.1140625 0.1515625
3 0.49609375 0.84609375 0.109375 0.1234375
3 0.9578125 0.359375 0.084375 0.09375
3 0.8234375 0.95 0.121875 0.1
2 0.96171875 0.278125 0.0765625 0.10625
2 0.940625 0.3640625 0.05625 0.0578125
2 0.94921875 0.6046875 0.0875 0.1375
2 0.89296875 0.72265625 0.0890625 0.1
2 0.9421875 0.84765625 0.05 0.1140625
2 0.921875 0.98671875 0.046875 0.0265625
2 0.89921875 0.96328125 0.053125 0.053125
2 0.8390625 0.91484375 0.115625 0.065625
2 0.81796875 0.865625 0.0859375 0.0796875