6 1 0.34765625 0.9111328125 0.2682291671875 0.6201171875 0.2265625 0.3486328125 0.22916666718749998 0.1513671875 0.2942708328125 0.0009765625 0.3854166671875 0 0.70703125 0.0712890625 0.7604166671875 0.3857421875 0.8619791671874999 0.5595703125 0.8723958328125001 0.8017578125 0.8411458328125001 0.9130859375 0.7994791671875 1 0.73828125 1 0.34765625
6 0.75 0.9752604171874999 0.7958984375 0.9973958328125001 0.919921875 0.9908854171874999 0.919921875 0.9622395828125001 0.8984375 0.8893229171874999 0.8662109375 0.8541666671874999 0.6552734375 0.90625 0.4541015625 0.90625 0.2783203125 0.8723958328125001 0.1396484375 0.8125 0.0517578125 0.75 0.0009765625 0.7708333328125 0.0009765625 0.9973958328125001 0.7392578125 0.9973958328125001 0.734375 0.98046875 0.75 0.9752604171874999
3 0.78515625 0.5125 0.31171875 0.3875
3 0.48359375 0.6078125 0.3203125 0.15234375
3 0.528125 0.2953125 0.09765625 0.05390625
3 0.2796875 0.38203125 0.14140625 0.09765625
3 0.15625 0.53828125 0.11328125 0.096875
3 0.6953125 0.94375 0.084375 0.08828125
3 0.08046875 0.878125 0.1125 0.11015625
2 0.77890625 0.94921875 0.0953125 0.1015625
2 0.68828125 0.92109375 0.0515625 0.05
2 0.45078125 0.95859375 0.13046875 0.071875
2 0.3265625 0.9171875 0.090625 0.07734375
2 0.20859375 0.98125 0.11171875 0.0375
2 0.03984375 0.98125 0.0796875 0.0375
2 0.0890625 0.95234375 0.046875 0.0484375
2 0.1296875 0.88671875 0.0515625 0.109375
2 0.17578125 0.86015625 0.0703125 0.078125