6 0.4606491453125 0 0.2717004375 0.0299265359375 0.207153125 0.130124753125 0.2115243171875 0.424075596875 0.2565659359375 0.6918101671875 0.351727703125 0.8764625890625 0.45619294374999997 1 0.5344673015625 1 0.7830854 0.961396240625 0.8246614875 0.8826335453124999 0.8757822781250001 0.556163984375 0.8603571125 0.3980117234375 0.8568727296875001 0.3760121984375 0.7901262546875001 0.148529253125 0.7315570203124999 0.045089865624999996 0.6877853265625 0 0.4606491453125 0
6 1 0.4806255640625 0.9534087984375 0.1864602921875 0.9383130625 0.1935287015625 0.9307245640625 0.1789108328125 0.9448027734375 0.1321239890625 0.9417909078125 0.1131078234375 0.9197687875 0.009545384375 0.888317621875 0.014526759375 0.8226243562500001 0.0457444328125 0.7929422828125 0.08307388125000001 0.8773822796875 0.2832667625 0.9088524937500001 0.481961878125 0.9029133734375 0.6608749281249999 0.8654480187500001 0.8072092937500001 0.8174666203125 0.90379499375 0.8459873968749999 0.950691990625 1 0.926298790625 1 0.4806255640625
3 0.46796875 0.21640625 0.43125 0.3671875
3 0.609375 0.49921875 0.2015625 0.340625
3 0.29375 0.50390625 0.0671875 0.1046875
3 0.41796875 0.7359375 0.11875 0.1546875
3 0.59140625 0.83359375 0.1125 0.1265625
3 0.9078125 0.2375 0.1 0.096875
3 0.93828125 0.8546875 0.1234375 0.128125
2 0.9 0.15390625 0.115625 0.109375
2 0.88671875 0.2484375 0.0578125 0.059375
2 0.9578125 0.47578125 0.084375 0.1390625
2 0.9390625 0.60625 0.090625 0.1015625
2 0.99140625 0.834375 0.0171875 0.053125
2 0.93984375 0.80546875 0.115625 0.0703125
2 0.90625 0.7640625 0.0875 0.08125