6 0.7622976671874999 0.33153645468750004 0.6884953453125 0.1919708609375 0.5986673375 0.12237431562500001 0.4835314046875 0.08133174374999999 0.47535425781249996 0.0800366109375 0.338133871875 0.0942930078125 0.2104672546875 0.1637179515625 0.17495905625 0.20687162187500002 0.136110934375 0.2804766796875 0.12058679218749999 0.3784922546875 0.1216399546875 0.443633103125 0.15357166718749998 0.5541557078125 0.23794197499999997 0.676938709375 0.2989416296875 0.728786153125 0.3724383484375 0.7641565421875 0.47245089218749997 0.7694504609374999 0.5781667765625 0.7387349078125001 0.681462303125 0.6733598484375001 0.7255015796875 0.6262841109374999 0.7685882828125 0.5540095359375 0.785698303125 0.44598112343749996 0.7622976671874999 0.33153645468750004
3 0.63671875 0.42890625 0.140625 0.175
3 0.640625 0.52734375 0.125 0.14375
3 0.6078125 0.5953125 0.128125 0.134375
3 0.55390625 0.6578125 0.09375 0.121875
3 0.453125 0.67578125 0.1125 0.1375
3 0.35859375 0.65703125 0.121875 0.15
3 0.2625 0.59140625 0.1140625 0.0984375
3 0.23984375 0.50078125 0.134375 0.1359375
3 0.23359375 0.378125 0.1703125 0.1734375
3 0.3171875 0.26875 0.15625 0.16875
3 0.346875 0.39453125 0.121875 0.1703125
3 0.35234375 0.521875 0.090625 0.096875
3 0.409375 0.58125 0.153125 0.115625
3 0.44296875 0.5078125 0.10625 0.10625
3 0.471875 0.4 0.1703125 0.1484375
3 0.4734375 0.26796875 0.1796875 0.1703125
3 0.584375 0.34140625 0.1453125 0.1453125
3 0.54609375 0.5140625 0.115625 0.115625