6 0.4619140625 0.8880208328125001 0.5869140625 0.9114583328125001 0.7236328125 0.875 0.8388671875 0.7864583328125 0.8671875 0.73828125 0.896484375 0.65234375 0.896484375 0.57421875 0.8828125 0.49609375 0.833984375 0.3919270828125 0.7314453125 0.2838541671875 0.6630859375 0.2421875 0.5849609375 0.21875 0.4853515625 0.22916666718749998 0.3857421875 0.2760416671875 0.2939453125 0.3567708328125 0.2578125 0.41015625 0.2265625 0.48828125 0.2265625 0.59765625 0.267578125 0.70703125 0.3623046875 0.8333333328125001 0.4619140625 0.8880208328125001
3 0.37578125 0.59140625 0.11796875 0.159375
3 0.35703125 0.4953125 0.10625 0.12890625
3 0.37890625 0.42265625 0.1109375 0.11875
3 0.421875 0.35234375 0.078125 0.11171875
3 0.51875 0.31875 0.09296875 0.12578125
3 0.61484375 0.32265625 0.10078125 0.1359375
3 0.7203125 0.37265625 0.103125 0.0828125
3 0.75703125 0.45859375 0.1171875 0.11875
3 0.78203125 0.57890625 0.1484375 0.15078125
3 0.71640625 0.7 0.134375 0.15078125
3 0.66796875 0.58046875 0.0984375 0.15625
3 0.6421875 0.45546875 0.07890625 0.08671875
3 0.5765625 0.40546875 0.1421875 0.0953125
3 0.55546875 0.48359375 0.09296875 0.09140625
3 0.54375 0.59453125 0.15390625 0.12734375
3 0.5625 0.725 0.159375 0.14765625
3 0.44140625 0.66953125 0.12578125 0.12734375
3 0.45234375 0.49296875 0.10234375 0.1015625