6 0.5540095359375 0.2314117171875 0.44598112343749996 0.214301696875 0.33153645468750004 0.2377023328125 0.1919708609375 0.3115046546875 0.12237431562500001 0.40133266250000005 0.08133174374999999 0.5164685953125 0.0800366109375 0.5246457421875 0.0942930078125 0.661866128125 0.1637179515625 0.7895327453125 0.20687162187500002 0.82504094375 0.2804766796875 0.863889065625 0.3784922546875 0.8794132078124999 0.443633103125 0.8783600453125 0.5541557078125 0.8464283328125 0.676938709375 0.762058025 0.728786153125 0.7010583703125 0.7641565421875 0.6275616515625 0.7694504609374999 0.5275491078125001 0.7387349078125001 0.42183322343749996 0.6733598484375001 0.318537696875 0.6262841109374999 0.2744984203125 0.5540095359375 0.2314117171875
3 0.42890625 0.36328125 0.175 0.140625
3 0.52734375 0.359375 0.14375 0.125
3 0.5953125 0.3921875 0.134375 0.128125
3 0.6578125 0.44609375 0.121875 0.09375
3 0.67578125 0.546875 0.1375 0.1125
3 0.65703125 0.64140625 0.15 0.121875
3 0.59140625 0.7375 0.0984375 0.1140625
3 0.50078125 0.76015625 0.1359375 0.134375
3 0.378125 0.76640625 0.1734375 0.1703125
3 0.26875 0.6828125 0.16875 0.15625
3 0.39453125 0.653125 0.1703125 0.121875
3 0.521875 0.64765625 0.096875 0.090625
3 0.58125 0.590625 0.115625 0.153125
3 0.5078125 0.55703125 0.10625 0.10625
3 0.4 0.528125 0.1484375 0.1703125
3 0.26796875 0.5265625 0.1703125 0.1796875
3 0.34140625 0.415625 0.1453125 0.1453125
3 0.5140625 0.45390625 0.115625 0.115625