6 1 0.49506090625 0.9512014234375 0.097628396875 0.927669984375 0.0986974859375 0.878288071875 0.0811473109375 0.8545835765625001 0.0643799296875 0.7787758078125 0.0559778203125 0.6950101046875 0.0308426875 0.59039621875 0.012202976562499999 0.5717246296875 0.0203989359375 0.5133639609375 0.0098545921875 0.4801703 0.01196246875 0.42174091562499993 0.03291124375 0.2939304640625 0.097799209375 0.16567832031250002 0.14306348124999999 0.1159553046875 0.17081441875 0.0227666703125 0.245225909375 0 0.27015972499999996 0 0.5016003953125 0.033740301562500005 0.7673113546875 0.1763427265625 0.806867965625 0.24201596875 0.7968365125 0.3022121296875 0.8543825093749999 0.32666506093750003 0.8612190312499999 0.39835767031249997 0.8681586265625001 0.459201675 0.8508489593749999 0.48834765156250004 0.871867690625 0.559528609375 0.9467589546875 0.638513290625 0.9835991515625 0.83597569375 0.9593538171875 0.85653665 0.9457112203125 0.9355761921875001 0.9163284578124999 1 0.8753438843750001 1 0.49506090625
2 0.353125 0.5875 0.2421875 0.209375
2 0.22421875 0.48125 0.2296875 0.1140625
2 0.028125 0.5328125 0.05625 0.084375
2 0.46796875 0.29296875 0.1875 0.1390625
2 0.73671875 0.240625 0.265625 0.2875
2 0.903125 0.33203125 0.1671875 0.09375
2 0.80625 0.4015625 0.175 0.1015625
2 0.7421875 0.64140625 0.0640625 0.0953125
2 0.65390625 0.61328125 0.1140625 0.1125
2 0.80078125 0.57421875 0.090625 0.0828125