6 0.7724609375 1 0.7998046875 0.986328125 0.8818359375 0.966796875 0.9638671875 0.927734375 1 0.9189453125 0.9990234375 0.15625 0.9736328125 0.154296875 0.9267578125 0.130859375 0.9052734375 0.111328125 0.8310546875 0.09375 0.7509765625 0.05859375 0.6494140625 0.02734375 0.6298828125 0.033203125 0.5732421875 0.015625 0.5400390625 0.013671875 0.4794921875 0.02734375 0.3447265625 0.076171875 0.2119140625 0.10546875 0.1591796875 0.126953125 0.0576171875 0.189453125 0.0029296875 0.236328125 0.0048828125 0.708984375 0.1416015625 0.765625 0.2080078125 0.763671875 0.2607421875 0.828125 0.2841796875 0.837890625 0.3544921875 0.853515625 0.4169921875 0.84375 0.443359375 0.8681640625 0.5048828125 0.951171875 0.5830078125 1 0.7724609375 1
2 0.34375 0.56875 0.22265625 0.18515625
2 0.22890625 0.44765625 0.2203125 0.0875
2 0.02578125 0.47578125 0.0515625 0.078125
2 0.49375 0.290625 0.1765625 0.1203125
2 0.76640625 0.27109375 0.23671875 0.26015625
2 0.9203125 0.38203125 0.159375 0.075
2 0.815625 0.43984375 0.16640625 0.08125
2 0.7234375 0.66953125 0.0515625 0.0890625
2 0.6390625 0.63125 0.103125 0.1015625
2 0.78984375 0.61015625 0.08359375 0.07265625