6 0.1882076140625 0 0.1876738234375 0.0036153875 0.16102358125 0.048741284375 0.140041234375 0.06881089375 0.117328690625 0.1416226625 0.07667211093750001 0.2190533453125 0.0384135921875 0.31818855468749996 0.0428962640625 0.33808095625 0.0214099078125 0.3933574203125 0.0171454078125 0.42634342031249994 0.026560442187499998 0.4876965078125 0.06586885 0.625539928125 0.0858298265625 0.7600725515625 0.103583303125 0.8141771421874999 0.1588464140625 0.9198520203125 0.20179242187500002 0.9776761390625 0.5411868156249999 1 0.67777118125 1 0.7394732171875 0.8762639453125001 0.742157115625 0.8098832140625 0.8101318 0.7617733203125 0.8215085546875001 0.7390741281250001 0.8420002453125001 0.6700228515625 0.8366181875 0.6069938828125 0.8628120609375 0.5823939625000001 0.949909328125 0.5268107265624999 1 0.45788045312500003 1 0.2014915265625 0.9917911875 0.151865784375 0.958546053125 0.067309496875 0.95279698125 0.03357433125 0.472661678125 0 0.1882076140625 0
2 0.5578125 0.6609375 0.2 0.234375
2 0.42890625 0.76640625 0.103125 0.2265625
2 0.44296875 0.97109375 0.08125 0.05625
2 0.290625 0.49140625 0.13125 0.1828125
2 0.290625 0.21796875 0.2765625 0.253125
2 0.41171875 0.07734375 0.0859375 0.1546875
2 0.46171875 0.18125 0.0921875 0.1703125
2 0.684375 0.2890625 0.0921875 0.059375
2 0.640625 0.3703125 0.10625 0.109375
2 0.63046875 0.21875 0.0796875 0.0875