6 0.89405148125 0.3076915921875 0.7600435265625001 0.16985427343749998 0.619312546875 0.097460215625 0.48240992499999996 0.056245618750000004 0.43016833125 0.0488978921875 0.3725596078125 0.055971354687499995 0.3586850734375 0.05824981875 0.21613945 0.1153141234375 0.1239477828125 0.1978452671875 0.09202339375 0.2663828625 0.0598785171875 0.373190709375 0.057765507812500005 0.52666261875 0.059427362500000004 0.540197340625 0.09232199218750001 0.7015271484375 0.17254081875 0.84201275 0.219140575 0.8929964140625 0.3844348609375 0.9570995578125 0.6092354328125 0.9769718031249999 0.76081144375 0.9293485453124999 0.92156416875 0.7961998 0.9395507859375 0.7583856078125 0.9723824984375 0.625118828125 0.9574368796874999 0.4713437625 0.9269095625 0.366956175 0.89405148125 0.3076915921875
5 0.7015625 0.478125 0.1671875 0.1671875
5 0.79921875 0.66484375 0.16875 0.1484375
5 0.65390625 0.77265625 0.121875 0.103125
5 0.528125 0.828125 0.1265625 0.11875
5 0.3578125 0.82421875 0.1078125 0.1390625
5 0.23828125 0.65078125 0.1375 0.1234375
5 0.36640625 0.4453125 0.1640625 0.1515625
5 0.53515625 0.28203125 0.1296875 0.15625
2 0.68125 0.61640625 0.10625 0.1234375
2 0.59609375 0.68046875 0.096875 0.11875
2 0.5140625 0.6421875 0.0953125 0.1234375
2 0.40546875 0.71953125 0.1609375 0.1421875
2 0.55625 0.44296875 0.1359375 0.184375
2 0.3734375 0.55859375 0.13125 0.1453125
2 0.478125 0.5078125 0.084375 0.128125