6 0.2021484375 0.79581151875 0.3330078125 0.8848167546875001 0.4638671875 0.9424083765625 0.5224609375 0.9581151828125 0.5869140625 0.9554973828125 0.7353515625 0.9162303671875 0.8369140625 0.8455497375000001 0.876953125 0.7814136125 0.921875 0.679319371875 0.943359375 0.522251309375 0.9296875 0.3494764390625 0.8671875 0.2002617796875 0.8271484375 0.1439790578125 0.6708984375 0.0602094234375 0.4501953125 0.0130890046875 0.2939453125 0.0418848171875 0.1181640625 0.1544502625 0.095703125 0.1897905765625 0.046875 0.31806282656249996 0.04296875 0.47251308906249995 0.060546875 0.57984293125 0.0859375 0.6426701578125 0.2021484375 0.79581151875
5 0.29765625 0.496875 0.15 0.15
5 0.2234375 0.3 0.1515625 0.1296875
5 0.38046875 0.2109375 0.11171875 0.08984375
5 0.51171875 0.17109375 0.1140625 0.10625
5 0.68046875 0.1953125 0.09296875 0.1265625
5 0.778125 0.38203125 0.1234375 0.109375
5 0.62578125 0.5703125 0.1484375 0.13359375
5 0.43828125 0.71171875 0.1125 0.14375
2 0.334375 0.3625 0.09296875 0.11171875
2 0.4265625 0.309375 0.0828125 0.109375
2 0.503125 0.35703125 0.0828125 0.11484375
2 0.6203125 0.29375 0.1484375 0.125
2 0.4375 0.55 0.11640625 0.171875
2 0.6328125 0.45703125 0.1171875 0.13203125
2 0.52265625 0.49453125 0.0703125 0.11953125