6 0.5113210593749999 0.04180625 0.4046700671875 0.06311942499999999 0.3427672328125 0.09068722031250001 0.193774865625 0.212171921875 0.10939077500000001 0.34605781874999997 0.056401162500000004 0.478847396875 0.0445282421875 0.5302497984375 0.04655385625 0.5882557953124999 0.047614403124999996 0.6022761140624999 0.0920378921875 0.7492527921875001 0.166219946875 0.8482867046875 0.2317143421875 0.8860630578125 0.3353141421875 0.9273945296875 0.48801788437500004 0.9428754578125 0.5016459421875 0.9423995546875 0.6652287968749999 0.92369091875 0.8121713390625 0.856021475 0.8670224328125 0.8140425640625001 0.945287990625 0.6549642296875 0.9846772765624999 0.432751071875 0.9504459593749999 0.2776012140625 0.831814409375 0.1058555234375 0.7957117484375 0.084641628125 0.6658135609375 0.040319884375 0.5113210593749999 0.04180625
5 0.49609375 0.29765625 0.1546875 0.1546875
5 0.68984375 0.21640625 0.1359375 0.1578125
5 0.784375 0.3703125 0.09375 0.1140625
5 0.82890625 0.5 0.1109375 0.1171875
5 0.8109375 0.66953125 0.13125 0.096875
5 0.62734375 0.77421875 0.1140625 0.128125
5 0.434375 0.628125 0.1390625 0.153125
5 0.2859375 0.44609375 0.146875 0.1171875
2 0.63125 0.3296875 0.115625 0.096875
2 0.68828125 0.4203125 0.1125 0.0875
2 0.64296875 0.4984375 0.1171875 0.0859375
2 0.71015625 0.61328125 0.1296875 0.1515625
2 0.44765625 0.4390625 0.1765625 0.121875
2 0.54765625 0.63125 0.1375 0.1203125
2 0.50625 0.52265625 0.1234375 0.075