6 1 0.1348167546875 0.9833984375 0.117801046875 0.9033203125 0.0654450265625 0.7490234375 0 0.1279296875 0.0026178015625 0.0009765625 0.11256544531249998 0 0.64005235625 0.0390625 0.7604712046875 0.0576171875 0.7853403140624999 0.2255859375 0.929319371875 0.3837890625 0.9947643984375001 0.6748046875 0.9921465968750001 0.8662109375 0.9397905765625 0.9384765625 0.9057591625000001 1 0.820680628125 1 0.1348167546875
5 0.53671875 0.62265625 0.33125 0.3375
5 0.13046875 0.3046875 0.26015625 0.2484375
5 0.3859375 0.06796875 0.278125 0.1359375
5 0.66015625 0.1328125 0.2421875 0.19375
5 0.86171875 0.31484375 0.2546875 0.21953125
2 0.478125 0.58203125 0.11953125 0.13671875
2 0.27734375 0.41640625 0.17265625 0.09140625
2 0.31796875 0.33203125 0.09140625 0.1234375
2 0.2234375 0.14375 0.07578125 0.16875
2 0.91953125 0.56953125 0.1609375 0.1609375
2 0.68515625 0.43671875 0.0875 0.09140625
2 0.66484375 0.22421875 0.11953125 0.13984375