6 0.46064914375 0 0.105320928125 0.0562784609375 0.030914237500000004 0.1303536578125 0.008606639062500001 0.207053259375 0 0.285034865625 0 0.49252604531250005 0.01763325 0.6107299765625 0.0307882453125 0.6937873484375 0.11916475625 0.8381530453125 0.2876472953125 0.9815305343749999 0.315112815625 0.995966396875 0.34065941718750004 1 0.5381760640625 1 0.9609997328125001 0.9322286421875001 1 0.8695578828125001 1 0.46683150937500006 0.9650597671875 0.2400452015625 0.954787246875 0.1751870609375 0.866382359375 0.033622984375 0.83591934375 0 0.46064914375 0
5 0.3734375 0.4828125 0.3859375 0.3796875
5 0.75078125 0.834375 0.284375 0.296875
5 0.92734375 0.54453125 0.1453125 0.2953125
5 0.8375 0.284375 0.2296875 0.26875
5 0.62578125 0.128125 0.2578125 0.25625
2 0.42265625 0.534375 0.153125 0.1390625
2 0.6171875 0.70703125 0.11875 0.1859375
2 0.69453125 0.653125 0.1359375 0.1109375
2 0.8953125 0.7171875 0.178125 0.1
2 0.365625 0.096875 0.184375 0.184375
2 0.53359375 0.30703125 0.1046875 0.1015625
2 0.746875 0.29375 0.15625 0.140625