6 0.47816952187500006 0 0.1372347953125 0.029827923437499997 0.05784213125 0.0985323296875 0.0302385796875 0.1734889953125 0 0.3399124390625 0 0.4354895890625 0.0110841375 0.576812040625 0.0184132984375 0.660584734375 0.0965040875 0.8107635984374999 0.25457470312499997 0.9655445734375 0.2809663234375 0.9818611703125001 0.3597068125 1 0.5193769625 1 0.9297260140624999 0.963333471875 1 0.866232975 1 0.488627378125 0.9820604359375 0.27311936875 0.9763372140625 0.20770264374999997 0.8980226859375 0.060316596874999996 0.8505971750000001 0 0.47816952187500006 0
5 0.375 0.47421875 0.365625 0.359375
5 0.7265625 0.85078125 0.26875 0.28125
5 0.93046875 0.57578125 0.1390625 0.2890625
5 0.8515625 0.30859375 0.2140625 0.2578125
5 0.65234375 0.1296875 0.2421875 0.259375
2 0.4203125 0.52890625 0.1453125 0.1296875
2 0.60234375 0.71484375 0.10625 0.18125
2 0.6828125 0.66640625 0.13125 0.103125
2 0.87890625 0.74453125 0.175 0.0890625
2 0.39453125 0.08828125 0.175 0.175
2 0.546875 0.31015625 0.1 0.0953125
2 0.76015625 0.31171875 0.1484375 0.13125