6 1 0.24088541718749998 0.9423828125 0.1875 0.7255859375 0.06510416718749999 0.4970703125 0.0208333328125 0.2001953125 0.0442708328125 0.0478515625 0.0859375 0.00390625 0.12890625 0 0.9049479171874999 0.0341796875 0.9348958328125001 0.1103515625 0.9765625 0.1806640625 0.9895833328125001 0.6220703125 0.9947916671874999 0.6826171875 0.9791666671874999 0.8486328125 0.8932291671874999 0.9365234375 0.8203125 1 0.74609375 1 0.24088541718749998
2 0.43046875 0.6875 0.1671875 0.2375
2 0.3078125 0.534375 0.184375 0.15
2 0.24765625 0.33515625 0.14609375 0.1328125
2 0.1734375 0.2640625 0.16875 0.1515625
2 0.30625 0.17265625 0.121875 0.0671875
2 0.40859375 0.12890625 0.0828125 0.10390625
2 0.50546875 0.2796875 0.165625 0.07421875
2 0.52890625 0.4140625 0.153125 0.18046875
2 0.771875 0.3140625 0.0953125 0.1453125
2 0.8265625 0.44453125 0.109375 0.096875
2 0.86953125 0.5671875 0.2125 0.11953125
2 0.57578125 0.1203125 0.090625 0.08671875