6 0.2747209515625 0 0.252109015625 0.0184308328125 0.1007320375 0.2160836484375 0.025088815625 0.43621406562500004 0.006981209375 0.7334617671875 0.027040228125 0.8901217984375001 0.063474803125 0.93961953125 0.47795535312500004 1 0.882080134375 1 0.9176960453125 0.9521810859375 0.9403757687500001 0.8843650125 1 0.49362548124999994 1 0.3865626828125 0.99991885 0.38584714062500003 0.9379225968749999 0.20948698124999998 0.8779475609375 0.11230366249999998 0.8132853328125 0.0391155953125 0.5349634062499999 0 0.2747209515625 0
2 0.67578125 0.5953125 0.2578125 0.1984375
2 0.50703125 0.6953125 0.1734375 0.203125
2 0.3015625 0.7265625 0.1515625 0.1625
2 0.22109375 0.790625 0.175 0.1890625
2 0.14921875 0.64609375 0.0828125 0.1296875
2 0.11953125 0.5390625 0.115625 0.096875
2 0.2828125 0.4640625 0.096875 0.175
2 0.41875 0.459375 0.2015625 0.1765625
2 0.35390625 0.2046875 0.1578125 0.1125
2 0.490625 0.16875 0.1109375 0.121875
2 0.61796875 0.14375 0.146875 0.2265625
2 0.134375 0.371875 0.1 0.1015625