6 1 0.491272471875 0.9906524453125 0.2235935140625 0.9312072328125 0.1722514296875 0.7102708703125 0.05749625781249999 0.480349421875 0.021227473437499998 0.1844732265625 0.0550114828125 0.0336764265625 0.1019694890625 0 0.1372791984375 0 0.439014490625 0.014437065625 0.9221509828125001 0.049641098437499996 0.9508878 0.1272207171875 0.989870725 0.19506632031249999 1 0.2165393796875 1 0.63926393125 0.9902300609375001 0.6992286171875 0.9725015234375001 0.8621439343749999 0.8808225125 0.9474362640624999 0.8048829265625 1 0.738893859375 1 0.491272471875
2 0.43671875 0.68984375 0.175 0.24375
2 0.309375 0.54140625 0.1890625 0.15625
2 0.2421875 0.34375 0.15 0.1375
2 0.165625 0.27578125 0.1734375 0.159375
2 0.2953125 0.1796875 0.1234375 0.071875
2 0.3953125 0.13203125 0.0859375 0.1078125
2 0.49765625 0.2796875 0.16875 0.08125
2 0.52578125 0.41328125 0.159375 0.1859375
2 0.76484375 0.3046875 0.0984375 0.15
2 0.82421875 0.4328125 0.1125 0.1
2 0.871875 0.55390625 0.2171875 0.1265625
2 0.5625 0.11796875 0.09375 0.090625