6 0.9301282562500001 0.7210114546875 0.9663011484374999 0.654902146875 0.9752828515624999 0.5746504046875 0.9642081609375 0.5331627265625001 0.9000643921875 0.45958390624999995 0.738733003125 0.3539752421875 0.4414959453125 0.322742140625 0.2700809421875 0.3547993265625 0.081998484375 0.4429088109375 0.0490031453125 0.47269851875 0.0112899875 0.5452083546875001 0.0087242484375 0.5577276890625 0.006407281250000001 0.58421073125 0.030310325 0.6527440421875 0.1996514515625 0.756439353125 0.38071897187500003 0.815805709375 0.39017274375 0.8166328078125 0.6588349453125 0.796612703125 0.9301282562500001 0.7210114546875
2 0.44453125 0.44765625 0.09375 0.1125
2 0.4140625 0.54609375 0.171875 0.0953125
2 0.36640625 0.46640625 0.06875 0.053125
5 0.6953125 0.47890625 0.0765625 0.0578125
5 0.703125 0.53203125 0.0671875 0.0609375
5 0.76015625 0.55703125 0.0734375 0.0890625
5 0.61640625 0.58125 0.0890625 0.0609375
5 0.53125 0.60078125 0.084375 0.071875
5 0.35703125 0.5875 0.071875 0.05625
5 0.284375 0.59765625 0.084375 0.0734375
5 0.3296875 0.40390625 0.0484375 0.053125
5 0.37265625 0.40859375 0.0453125 0.04375
5 0.23828125 0.40234375 0.0609375 0.05