6 0.5869140625 0.8255208328125001 0.7763671875 0.78125 0.9541015625 0.6927083328125 0.986328125 0.62109375 0.982421875 0.5872395828125 0.951171875 0.51171875 0.9208984375 0.4791666671875 0.7412109375 0.375 0.5732421875 0.328125 0.2744140625 0.3333333328125 0.1044921875 0.4244791671875 0.0341796875 0.4921875 0.01953125 0.5325520828125 0.021484375 0.61328125 0.0517578125 0.6822916671875 0.3154296875 0.78125 0.5869140625 0.8255208328125001
2 0.56015625 0.45234375 0.084375 0.10625
2 0.58125 0.553125 0.16484375 0.08046875
2 0.6359375 0.478125 0.0671875 0.04609375
5 0.30703125 0.46171875 0.071875 0.05078125
5 0.29453125 0.5140625 0.0625 0.05703125
5 0.2359375 0.534375 0.06484375 0.084375
5 0.3765625 0.57109375 0.0859375 0.053125
5 0.46015625 0.59765625 0.07890625 0.065625
5 0.63515625 0.6 0.0671875 0.0515625
5 0.70625 0.61640625 0.078125 0.0671875
5 0.678125 0.41875 0.04375 0.05078125
5 0.63515625 0.4203125 0.04296875 0.040625
5 0.76953125 0.42578125 0.0578125 0.0453125