6 0.055502534375 0.30953114843749996 0.024029309375 0.37800271093750004 0.020667564062499998 0.4586854953125 0.0346093109375 0.49929958125 0.10372942968750001 0.5682247234375 0.272034709375 0.662322221875 0.5707264249999999 0.6727450312500001 0.7394876734375 0.6288086296875 0.920965765625 0.5277938062499999 0.9518027046875 0.4957750265625 0.9843659640625001 0.4208110828125 0.9860521484375001 0.40814326875000007 0.9865161078125 0.381563115625 0.9578906484375 0.3148641390625 0.781728609375 0.2232340640625 0.5969609734375 0.176642953125 0.587472534375 0.1764773328125 0.3208613125 0.21518959531249998 0.055502534375 0.30953114843749996
2 0.559375 0.5484375 0.0859375 0.1078125
2 0.58203125 0.4484375 0.1671875 0.084375
2 0.63515625 0.52421875 0.0671875 0.0484375
5 0.30625 0.53515625 0.0734375 0.053125
5 0.29453125 0.48203125 0.0640625 0.0578125
5 0.23671875 0.4609375 0.0671875 0.0859375
5 0.378125 0.4265625 0.0859375 0.0546875
5 0.46171875 0.4015625 0.08125 0.0671875
5 0.63671875 0.40234375 0.06875 0.0515625
5 0.70859375 0.3875 0.0796875 0.06875
5 0.6765625 0.584375 0.0453125 0.05
5 0.63359375 0.58203125 0.0421875 0.040625
5 0.76796875 0.57890625 0.059375 0.046875