6 0.2565104171875 0.892578125 0.42578125 0.91796875 0.8684895828125001 0.91796875 0.9700520828125001 0.8984375 0.9947916671874999 0.8857421875 0.99609375 0.5078125 0.7591145828125 0.4296875 0.21744791718749998 0.41796875 0.06640625 0.45703125 0.0052083328125 0.5126953125 0.0026041671875 0.7490234375 0.0052083328125 0.8173828125 0.014322917187500001 0.82421875 0.2565104171875 0.892578125
3 0.5109375 0.75859375 0.2140625 0.153125
3 0.21875 0.559375 0.11328125 0.06953125
3 0.75703125 0.68515625 0.11171875 0.08125
3 0.9390625 0.67734375 0.121875 0.09375
3 0.90859375 0.5828125 0.17265625 0.09375
3 0.653125 0.5484375 0.1265625 0.07265625
3 0.63671875 0.490625 0.16953125 0.065625
2 0.26953125 0.621875 0.175 0.10859375
2 0.4109375 0.51953125 0.1078125 0.06015625
2 0.24765625 0.5046875 0.13359375 0.07109375
2 0.49609375 0.478125 0.13984375 0.08203125
2 0.78671875 0.56796875 0.11875 0.08359375
2 0.684375 0.646875 0.15625 0.065625
2 0.63515625 0.69375 0.13203125 0.053125
2 0.87421875 0.7171875 0.13046875 0.08359375
2 0.95546875 0.5515625 0.0796875 0.0625
2 0.5421875 0.628125 0.10234375 0.05703125