6 1 0.2222515109375 0.7835628796874999 0.1358486578125 0.6178733734375 0.0929035046875 0.1775902421875 0.0466278828125 0.074542540625 0.055435967187500004 0.0486114609375 0.06547574218749999 0.0180119296875 0.3472682875 0.008124621875 0.44133973906249996 0.23532678593749998 0.543667078125 0.772801203125 0.611941215625 0.9270985906250001 0.5888808578125 0.9937797390625001 0.539918653125 1 0.4864147890625 1 0.2222515109375
3 0.51640625 0.24140625 0.2296875 0.175
3 0.7859375 0.4703125 0.11875 0.0796875
3 0.2640625 0.2890625 0.11875 0.0921875
3 0.08203125 0.27734375 0.13125 0.10625
3 0.10234375 0.375 0.1828125 0.1109375
3 0.353125 0.4359375 0.13125 0.084375
3 0.36328125 0.4953125 0.1765625 0.0828125
2 0.7421875 0.403125 0.1859375 0.1265625
2 0.590625 0.48984375 0.115625 0.071875
2 0.7515625 0.521875 0.1390625 0.0859375
2 0.5015625 0.521875 0.146875 0.0953125
2 0.221875 0.40234375 0.1265625 0.0953125
2 0.33203125 0.334375 0.1625 0.08125
2 0.3859375 0.29296875 0.1375 0.0671875
2 0.15078125 0.24453125 0.1375 0.096875
2 0.05234375 0.40078125 0.0859375 0.0703125
2 0.47109375 0.36796875 0.1078125 0.0671875