6 0.157839121875 0 0.130774196875 0.08386704687499999 0.076821621875 0.5232755 0.08139406406250001 0.694378953125 0.1197286671875 0.9430921359375001 0.1254028625 0.9529718734375001 0.1929353296875 0.9638875406249999 0.42781926875 0.9901039390624999 0.49052656875 0.9361459249999999 0.5477052515625 0.7909906203125 0.6020864125000001 0.2519333 0.5534910828124999 0.00753566875 0.492117984375 0 0.157839121875 0
3 0.24453125 0.4578125 0.178125 0.2328125
3 0.40703125 0.771875 0.08125 0.1203125
3 0.34765625 0.22265625 0.09375 0.1203125
3 0.37734375 0.0546875 0.1078125 0.109375
3 0.46796875 0.0875 0.1140625 0.175
3 0.4703125 0.3421875 0.0859375 0.1328125
3 0.52578125 0.365625 0.0859375 0.1765625
2 0.35078125 0.7140625 0.1296875 0.1875
2 0.46953125 0.5859375 0.0734375 0.115625
2 0.46484375 0.75 0.0875 0.140625
2 0.52109375 0.50625 0.096875 0.1484375
2 0.4671875 0.20703125 0.096875 0.128125
2 0.3765625 0.29921875 0.084375 0.1625
2 0.32421875 0.3421875 0.06875 0.1390625
2 0.3296875 0.10234375 0.1 0.1390625
2 0.5046875 0.0421875 0.071875 0.084375
2 0.378125 0.4421875 0.06875 0.109375