6 0.48006937812499995 0 0.3747549046875 0.21238957812499998 0.22170344062499997 0.560758559375 0.2225770796875 0.5662745015625 0.47888401875 1 0.511204815625 1 0.5208341859375001 0.9911173625 0.784477128125 0.6705370187499999 0.8194612093750001 0.5730436859375 0.8101992656249999 0.52705133125 0.5569602234375 0 0.48006937812499995 0
6 0 0.24348193906249999 0.13355481875 0.38501050625 0.18047275625 0.40032035156249995 0.1906243859375 0.39574628437500003 0.1992214125 0.3251731671875 0.20957985781250002 0.1158981 0.2018276453125 0.041982034375 0 0.0730686 0 0.24348193906249999
3 0.5453125 0.7859375 0.128125 0.1421875
3 0.46328125 0.6375 0.1296875 0.1203125
3 0.4828125 0.39453125 0.1140625 0.121875
3 0.5796875 0.19609375 0.0921875 0.1234375
3 0.62734375 0.40078125 0.1109375 0.1078125
3 0.70078125 0.56015625 0.0703125 0.0859375
1 0.67421875 0.46796875 0.1 0.11875
1 0.62421875 0.52578125 0.0953125 0.10625
1 0.61484375 0.70546875 0.1078125 0.1125
1 0.75390625 0.61875 0.096875 0.1078125
1 0.70234375 0.334375 0.0765625 0.0921875
1 0.51015625 0.10625 0.096875 0.103125
1 0.43515625 0.2875 0.109375 0.134375
1 0.3765625 0.4203125 0.1046875 0.1296875
1 0.45625 0.51640625 0.1359375 0.1421875