6 1 0.41848076250000005 0.4567511671875 0.19164160937500002 0.410337109375 0.18479941093750002 0.31480831249999996 0.22483795624999997 0.00846531875 0.5048974640624999 0 0.5150975875 0 0.5463198140625 0.44833551875 0.7805112609375 0.45388962499999996 0.781095021875 0.7937710828125 0.610021084375 1 0.4939367640625 1 0.41848076250000005
6 0.9501928609375 1 0.9729954031249999 0.7737929109375 0.8987749171875 0.769919790625 0.690328775 0.7912166515625 0.6203023078125 0.8034954078125001 0.6162658046875 0.8138725125 0.6340101625 0.8599248953125 0.7989495203125 1 0.9501928609375 1
3 0.21171875 0.46953125 0.1375 0.121875
3 0.36484375 0.54375 0.1140625 0.125
3 0.60625 0.51171875 0.1171875 0.109375
3 0.79921875 0.40390625 0.1203125 0.0859375
3 0.5921875 0.3671875 0.103125 0.10625
3 0.4296875 0.30234375 0.084375 0.0671875
1 0.5234375 0.32421875 0.1140625 0.0953125
1 0.46796875 0.37734375 0.103125 0.090625
1 0.28828125 0.39609375 0.1078125 0.103125
1 0.36796875 0.253125 0.103125 0.0921875
1 0.6546875 0.2890625 0.0890625 0.071875
1 0.89296875 0.46875 0.0984375 0.09375
1 0.715625 0.553125 0.13125 0.1046875
1 0.5859375 0.61875 0.125 0.1
1 0.4859375 0.54453125 0.1359375 0.1296875