6 1 0.5732421875 0.98828125 0.5556640625 0.712890625 0.2451171875 0.6220703125 0.1953125 0.5751953125 0.197265625 0.0009765625 0.369140625 0.0009765625 0.439453125 0.1962890625 0.578125 0.5185546875 0.78515625 1 0.5947265625 1 0.5732421875
6 0.0849609375 1 0.1318359375 0.978515625 0.3291015625 0.84375 0.3515625 0.7998046875 0.3486328125 0.7890625 0.2802734375 0.76953125 0.0751953125 0.7265625 0.0009765625 0.72265625 0 0.9521484375 0.0556640625 1 0.0849609375 1
3 0.78984375 0.5 0.12578125 0.109375
3 0.6296875 0.5578125 0.10234375 0.11640625
3 0.39296875 0.50078125 0.1078125 0.0984375
3 0.2125 0.3734375 0.1140625 0.07421875
3 0.421875 0.35859375 0.0953125 0.096875
3 0.590625 0.3109375 0.07890625 0.06015625
1 0.4953125 0.32265625 0.10625 0.084375
1 0.54453125 0.38125 0.0953125 0.08125
1 0.72109375 0.41875 0.0984375 0.0953125
1 0.65703125 0.26796875 0.09609375 0.08359375
1 0.36796875 0.27421875 0.0828125 0.06484375
1 0.1125 0.428125 0.090625 0.08359375
1 0.2796875 0.53046875 0.12109375 0.09296875
1 0.40234375 0.609375 0.11640625 0.0890625
1 0.509375 0.54609375 0.12578125 0.11796875