6 0.5349634078125 1 0.7708513015625 0.96684811875 0.7924741421875 0.9452694234375001 0.8823116593749999 0.8379722484375 0.9419530437500001 0.7211126265625001 0.9711468546875001 0.6302276484375 0.9564276859374999 0.45084289999999994 0.889053009375 0.2887199984375 0.7957056390624999 0.16574907187500001 0.7247326796875 0.108664809375 0.6675190484375 0.0841623890625 0.5934506953125 0.061042585937500005 0.4779565234375 0.0417724828125 0.42812016249999996 0.0399010890625 0.40825049843750005 0.042693587500000005 0.3079244609375 0.0636966109375 0.1612079984375 0.1395412109375 0.11377997656250001 0.1846670140625 0.0408600421875 0.2816973 0 0.3748107390625 0 0.47940433593750004 0.0359179578125 0.7456248546875 0.0529910296875 0.8671060703125001 0.078429215625 0.903614890625 0.12867907812499998 0.9438884 0.2055278453125 1 0.5349634078125 1
5 0.190625 0.65625 0.1703125 0.159375
5 0.3375 0.896875 0.1765625 0.146875
5 0.1484375 0.45 0.165625 0.1265625
5 0.41484375 0.321875 0.1296875 0.1265625
5 0.51328125 0.21328125 0.125 0.109375
5 0.5765625 0.11640625 0.1125 0.1046875
5 0.6015625 0.40546875 0.1125 0.128125
5 0.3953125 0.61640625 0.1203125 0.13125
5 0.496875 0.584375 0.1265625 0.090625
5 0.5484375 0.74765625 0.134375 0.146875
5 0.57734375 0.90078125 0.115625 0.134375
5 0.66640625 0.8125 0.109375 0.1421875
5 0.76484375 0.86328125 0.103125 0.103125
5 0.640625 0.5890625 0.1296875 0.121875
5 0.79609375 0.42421875 0.1046875 0.0984375
5 0.84921875 0.35546875 0.0859375 0.0921875
5 0.76875 0.24296875 0.0765625 0.0859375
5 0.6734375 0.29375 0.09375 0.11875
5 0.784375 0.6234375 0.1109375 0.0953125
5 0.88828125 0.715625 0.1140625 0.0953125
5 0.88515625 0.55234375 0.0890625 0.0890625
1 0.17578125 0.24140625 0.0671875 0.0546875
1 0.178125 0.309375 0.078125 0.0640625
1 0.0921875 0.33203125 0.071875 0.0671875
1 0.1359375 0.40546875 0.078125 0.075
1 0.23671875 0.5015625 0.0671875 0.065625
1 0.09921875 0.76640625 0.09375 0.0828125
1 0.1828125 0.7453125 0.078125 0.0625
1 0.26484375 0.71875 0.0765625 0.0703125
1 0.21953125 0.80546875 0.06875 0.05625
1 0.21484375 0.85625 0.065625 0.05625
1 0.3703125 0.9859375 0.090625 0.028125
1 0.440625 0.8734375 0.053125 0.059375
1 0.475 0.87890625 0.05625 0.05625
1 0.52578125 0.89609375 0.05625 0.0546875
1 0.54609375 0.94453125 0.0609375 0.0484375
1 0.725 0.88046875 0.0640625 0.0546875
1 0.72734375 0.775 0.0984375 0.0609375
1 0.82109375 0.7640625 0.053125 0.053125
1 0.828125 0.8484375 0.046875 0.0546875
1 0.803125 0.69609375 0.0625 0.05
1 0.79453125 0.565625 0.053125 0.059375
1 0.74921875 0.52421875 0.06875 0.05625
1 0.915625 0.4765625 0.053125 0.04375
1 0.90546875 0.38828125 0.046875 0.046875
1 0.74453125 0.35546875 0.146875 0.075
1 0.83125 0.30234375 0.0609375 0.0515625
1 0.74453125 0.29453125 0.04375 0.04375
1 0.71875 0.16875 0.0609375 0.05
1 0.63046875 0.240625 0.05 0.05625
1 0.5609375 0.3234375 0.0453125 0.053125
1 0.50625 0.27578125 0.05625 0.0546875
1 0.41953125 0.21796875 0.04375 0.0484375
1 0.40234375 0.1984375 0.0578125 0.046875
1 0.46171875 0.1 0.0578125 0.053125
1 0.3375 0.33515625 0.075 0.0625
1 0.39296875 0.40703125 0.0828125 0.05
1 0.42734375 0.49765625 0.05625 0.053125
4 0.51171875 0.4640625 0.1234375 0.1296875
4 0.6140625 0.4984375 0.078125 0.065625
4 0.7140625 0.69296875 0.103125 0.10625
4 0.85703125 0.62578125 0.0640625 0.0921875
4 0.7140625 0.42109375 0.04375 0.0671875
4 0.5796875 0.26171875 0.0796875 0.059375
4 0.45 0.1578125 0.059375 0.0578125
4 0.2171875 0.3609375 0.1078125 0.059375
4 0.32109375 0.4484375 0.1234375 0.125
4 0.3125 0.56328125 0.078125 0.10625
4 0.340625 0.65703125 0.090625 0.0609375
4 0.41171875 0.71796875 0.10625 0.0765625
4 0.36953125 0.81015625 0.0796875 0.05625
4 0.2984375 0.86640625 0.0734375 0.075
4 0.1390625 0.55234375 0.11875 0.1046875
0 0.228125 0.55546875 0.1109375 0.0703125
0 0.32734375 0.72734375 0.084375 0.09375
0 0.45859375 0.9640625 0.10625 0.05625
0 0.653125 0.94296875 0.071875 0.06875
0 0.63828125 0.728125 0.0671875 0.115625
0 0.55 0.665625 0.0703125 0.0484375
0 0.709375 0.5921875 0.0734375 0.125
0 0.915625 0.61875 0.0734375 0.0875
0 0.85 0.43359375 0.0515625 0.059375
0 0.76953125 0.4390625 0.034375 0.0484375
0 0.6921875 0.47109375 0.0515625 0.065625
0 0.50234375 0.096875 0.0671875 0.084375
0 0.37421875 0.25078125 0.065625 0.0671875