6 0 0.7987012984375 0.0341796875 0.8493506500000001 0.1123046875 0.9298701296875 0.1591796875 0.9740259734375 0.2001953125 0.9948051953125001 0.6708984375 0.9922077921874999 0.7802734375 0.9246753249999999 0.8662109375 0.8389610390625 0.904296875 0.7857142859375 0.958984375 0.6298701296875 0.966796875 0.5129870125 0.95703125 0.4584415578125 0.921875 0.346753246875 0.888671875 0.2766233765625 0.8564453125 0.2233766234375 0.7900390625 0.1610389609375 0.6552734375 0.0857142859375 0.4853515625 0.0415584421875 0.3056640625 0.0519480515625 0.2197265625 0.09350649375 0.1123046875 0.16883116874999998 0.0185546875 0.27272727343750003 0 0.297402596875 0 0.7987012984375
5 0.38828125 0.828125 0.1390625 0.15234375
5 0.1296875 0.71640625 0.12578125 0.16171875
5 0.5984375 0.84140625 0.10625 0.1515625
5 0.68828125 0.559375 0.1109375 0.11484375
5 0.78203125 0.446875 0.0953125 0.1109375
5 0.86953125 0.37109375 0.09140625 0.1
5 0.5796875 0.3859375 0.1140625 0.096875
5 0.39921875 0.61953125 0.1171875 0.10390625
5 0.4171875 0.51484375 0.075 0.11640625
5 0.2484375 0.48671875 0.13203125 0.11796875
5 0.0921875 0.47890625 0.12265625 0.1
5 0.1671875 0.37890625 0.13125 0.09296875
5 0.103125 0.28828125 0.08984375 0.09140625
5 0.3921875 0.3734375 0.10703125 0.11484375
5 0.53359375 0.19609375 0.08671875 0.09375
5 0.59453125 0.134375 0.08359375 0.0734375
5 0.7171875 0.1984375 0.07890625 0.065625
5 0.6796875 0.29921875 0.109375 0.0796875
5 0.33828125 0.2359375 0.08203125 0.10078125
5 0.23203125 0.1453125 0.08125 0.1015625
5 0.39453125 0.12578125 0.07890625 0.078125
1 0.8015625 0.78515625 0.04609375 0.06015625
1 0.73359375 0.7921875 0.0546875 0.071875
1 0.7234375 0.88046875 0.06015625 0.06328125
1 0.64453125 0.84765625 0.065625 0.0703125
1 0.53515625 0.7609375 0.0578125 0.059375
1 0.2921875 0.93359375 0.071875 0.084375
1 0.3015625 0.8484375 0.0515625 0.0703125
1 0.31640625 0.76328125 0.06171875 0.06875
1 0.23671875 0.8203125 0.0484375 0.06328125
1 0.18671875 0.83203125 0.04765625 0.059375
1 0.02265625 0.6984375 0.0453125 0.0828125
1 0.13828125 0.6109375 0.053125 0.04765625
1 0.128125 0.57734375 0.04921875 0.05
1 0.10390625 0.5296875 0.04765625 0.05
1 0.053125 0.51640625 0.03984375 0.05625
1 0.0921875 0.33046875 0.0484375 0.05703125
1 0.19609375 0.31328125 0.0484375 0.0921875
1 0.19375 0.21875 0.046875 0.04609375
1 0.109375 0.2234375 0.05078125 0.0390625
1 0.26328125 0.22734375 0.04296875 0.0578125
1 0.39375 0.2171875 0.05234375 0.0453125
1 0.44140625 0.25625 0.0484375 0.0609375
1 0.465625 0.08515625 0.0375 0.04921875
1 0.55390625 0.0828125 0.0421875 0.04140625
1 0.609375 0.2375 0.05625 0.140625
1 0.65 0.14453125 0.04296875 0.05546875
1 0.66953125 0.22890625 0.03828125 0.0390625
1 0.79765625 0.2375 0.04140625 0.05703125
1 0.73828125 0.334375 0.05 0.04453125
1 0.66640625 0.41484375 0.04765625 0.0390625
1 0.72109375 0.4625 0.04921875 0.04921875
1 0.790625 0.540625 0.0421875 0.0390625
1 0.8125 0.5546875 0.040625 0.05390625
1 0.9015625 0.48203125 0.046875 0.05078125
1 0.6859375 0.63828125 0.0546875 0.06875
1 0.60703125 0.59296875 0.03984375 0.078125
1 0.5125 0.571875 0.04609375 0.05
4 0.534375 0.48359375 0.11640625 0.10859375
4 0.4859375 0.38671875 0.05546875 0.06953125
4 0.27890625 0.31484375 0.09453125 0.090625
4 0.32578125 0.1640625 0.08515625 0.0515625
4 0.5484375 0.27734375 0.0625 0.03671875
4 0.725 0.38828125 0.0484375 0.07265625
4 0.84609375 0.5015625 0.05078125 0.0515625
4 0.67734375 0.7609375 0.0453125 0.103125
4 0.57578125 0.6703125 0.1109375 0.11015625
4 0.46328125 0.69453125 0.0984375 0.065625
4 0.36640625 0.6796875 0.05 0.084375
4 0.29609375 0.61796875 0.0640625 0.0984375
4 0.2109375 0.67265625 0.0484375 0.07421875
4 0.16484375 0.75078125 0.0671875 0.06484375
4 0.4984375 0.86484375 0.09140625 0.1078125
0 0.4828125 0.77734375 0.05703125 0.10546875
0 0.29921875 0.70234375 0.084375 0.07265625
0 0.04609375 0.60546875 0.04140625 0.10078125
0 0.03984375 0.41015625 0.06015625 0.06328125
0 0.2546875 0.39453125 0.109375 0.053125
0 0.32890625 0.4734375 0.0390625 0.0640625
0 0.3796875 0.30546875 0.11875 0.05859375
0 0.32421875 0.1046875 0.0796875 0.06171875
0 0.5171875 0.14453125 0.05390625 0.04453125
0 0.52265625 0.225 0.04453125 0.02890625
0 0.5015625 0.30546875 0.0609375 0.04375
0 0.89921875 0.44140625 0.07734375 0.05859375
0 0.7640625 0.58984375 0.0609375 0.05703125