6 0.2028445078125 0 0.1675111921875 0.022089553125 0.08431424062500001 0.097356871875 0.03854938125 0.1426623 0.0170667578125 0.1816301359375 0.012785459374999999 0.3042304859375 0.0025199109375 0.6534347890625 0.0661941046875 0.765100009375 0.148857003125 0.85397654375 0.2007421390625 0.8938975656249999 0.35458279375 0.953990634375 0.4565546484375 0.9643916734375001 0.476607359375 0.9650919296874999 0.5259750984375 0.9580214703125 0.6388223078124999 0.9267845015624999 0.710068228125 0.8960490999999999 0.7644072359375 0.8657004546874999 0.8290244687499999 0.8015102109375001 0.9090065109375001 0.6694554734375 0.95906564375 0.5011781281250001 0.9549533671875 0.321237496875 0.916419415625 0.23390197812500002 0.844889596875 0.1239167484375 0.7443286109375 0.026597937500000002 0.720568634375 0.0073976546875 0.5087275328125 0 0.2028445078125 0
5 0.17578125 0.3765625 0.1578125 0.14375
5 0.296875 0.12265625 0.165625 0.13125
5 0.15546875 0.58671875 0.1546875 0.1109375
5 0.434375 0.6859375 0.11875 0.115625
5 0.54296875 0.78359375 0.115625 0.0984375
5 0.615625 0.8734375 0.103125 0.0953125
5 0.6109375 0.58359375 0.1015625 0.11875
5 0.384375 0.3953125 0.109375 0.1203125
5 0.48828125 0.41640625 0.1203125 0.0796875
5 0.521875 0.24921875 0.121875 0.1359375
5 0.53515625 0.09296875 0.1046875 0.125
5 0.6328125 0.171875 0.096875 0.134375
5 0.72578125 0.1109375 0.0953125 0.09375
5 0.63046875 0.396875 0.11875 0.1109375
5 0.80234375 0.54453125 0.096875 0.0890625
5 0.86171875 0.60703125 0.078125 0.0859375
5 0.79375 0.72734375 0.06875 0.0796875
5 0.69453125 0.68671875 0.0828125 0.1125
5 0.76953125 0.34765625 0.103125 0.0859375
5 0.8640625 0.24453125 0.10625 0.084375
5 0.87734375 0.4078125 0.08125 0.0828125
1 0.2046875 0.79140625 0.0625 0.0484375
1 0.2 0.7234375 0.0734375 0.0578125
1 0.11171875 0.71015625 0.065625 0.0609375
1 0.14765625 0.63203125 0.071875 0.06875
1 0.23828125 0.52578125 0.0609375 0.059375
1 0.07421875 0.27734375 0.0875 0.075
1 0.15859375 0.28984375 0.0734375 0.05625
1 0.24296875 0.30703125 0.0703125 0.0640625
1 0.1890625 0.22578125 0.0640625 0.05
1 0.17890625 0.175 0.0609375 0.05
1 0.31796875 0.0203125 0.0859375 0.040625
1 0.4015625 0.134375 0.0484375 0.0546875
1 0.4359375 0.12578125 0.0515625 0.0515625
1 0.484375 0.103125 0.0515625 0.05
1 0.49921875 0.053125 0.0578125 0.0421875
1 0.68359375 0.0984375 0.059375 0.0484375
1 0.696875 0.203125 0.09375 0.0515625
1 0.79140625 0.20390625 0.0484375 0.0484375
1 0.78984375 0.11953125 0.0421875 0.0515625
1 0.78046875 0.27265625 0.059375 0.04375
1 0.78671875 0.40390625 0.0484375 0.0546875
1 0.7453125 0.45 0.0640625 0.05
1 0.915625 0.48046875 0.05 0.0390625
1 0.91484375 0.56875 0.0421875 0.04375
1 0.75859375 0.61875 0.1421875 0.0609375
1 0.85 0.6625 0.05625 0.0453125
1 0.76484375 0.67890625 0.040625 0.040625
1 0.7515625 0.80625 0.0578125 0.04375
1 0.65703125 0.74375 0.0453125 0.0515625
1 0.5796875 0.66953125 0.040625 0.05
1 0.5296875 0.72265625 0.0515625 0.05
1 0.44921875 0.7890625 0.0390625 0.0453125
1 0.434375 0.81015625 0.0546875 0.0421875
1 0.50390625 0.9015625 0.053125 0.0484375
1 0.35546875 0.68125 0.0703125 0.05625
1 0.403125 0.60390625 0.0796875 0.0421875
1 0.42734375 0.51015625 0.0515625 0.0484375
4 0.51484375 0.53515625 0.1125 0.11875
4 0.6140625 0.48984375 0.071875 0.059375
4 0.69296875 0.28515625 0.09375 0.0984375
4 0.8421875 0.3375 0.05625 0.0875
4 0.72109375 0.55625 0.0375 0.0640625
4 0.60390625 0.72890625 0.075 0.053125
4 0.48671875 0.84609375 0.0546875 0.053125
4 0.2328125 0.66796875 0.1046875 0.0484375
4 0.32734375 0.56953125 0.1125 0.1140625
4 0.30703125 0.45625 0.06875 0.1
4 0.325 0.36015625 0.0859375 0.053125
4 0.3890625 0.2921875 0.1 0.0671875
4 0.3375 0.20546875 0.075 0.05
4 0.2609375 0.15625 0.065625 0.06875
4 0.13515625 0.4859375 0.1109375 0.09375
0 0.2234375 0.4734375 0.10625 0.059375
0 0.3046875 0.2921875 0.0765625 0.0875
0 0.41015625 0.04296875 0.103125 0.0453125
0 0.60546875 0.04296875 0.065625 0.0625
0 0.6140625 0.25859375 0.05625 0.1109375
0 0.5328125 0.3296875 0.0671875 0.040625
0 0.6984375 0.38671875 0.0625 0.1203125
0 0.9015625 0.33828125 0.065625 0.08125
0 0.8546875 0.5296875 0.046875 0.0546875
0 0.77421875 0.53203125 0.0296875 0.046875
0 0.69453125 0.50859375 0.0453125 0.0609375
0 0.54453125 0.90078125 0.0609375 0.078125
0 0.40078125 0.7609375 0.059375 0.0609375