6 0.17258917499999998 0 0.013718112499999999 0.2251498625 0 0.486907034375 0 0.850126853125 0.060388089062500004 0.9766691859375 0.49575428125 1 0.8963887828124999 1 0.95057709375 0.8590343640625001 0.9930283187500001 0.6461205484375 1 0.5130929515625 1 0.1874882046875 0.9894284796875 0.15502474375 0.9361281828125 0.05248532031249999 0.9074806234375 0.02066898125 0.48008110000000004 0 0.17258917499999998 0
5 0.66796875 0.225 0.1953125 0.2890625
5 0.1296875 0.221875 0.146875 0.125
5 0.76171875 0.49609375 0.24375 0.2453125
5 0.64921875 0.77421875 0.2234375 0.146875
5 0.41953125 0.2328125 0.10625 0.2078125
5 0.27578125 0.1546875 0.14375 0.178125
5 0.053125 0.734375 0.10625 0.11875
1 0.515625 0.78046875 0.1078125 0.0984375
1 0.4765625 0.91328125 0.0859375 0.1078125
1 0.31328125 0.90625 0.096875 0.0859375
1 0.25703125 0.925 0.0671875 0.1
1 0.15859375 0.7046875 0.0875 0.0859375
1 0.159375 0.859375 0.0828125 0.1125
1 0.165625 0.596875 0.10625 0.0453125
1 0.0875 0.63984375 0.075 0.1125
1 0.09140625 0.26875 0.0609375 0.0875
1 0.53359375 0.328125 0.196875 0.159375
1 0.3375 0.4453125 0.1203125 0.1390625
1 0.55859375 0.5546875 0.14375 0.1109375
1 0.41015625 0.59765625 0.0765625 0.1671875
1 0.321875 0.59296875 0.0875 0.1
1 0.25703125 0.67109375 0.1375 0.2046875