6 0.6118730640625001 0 0.10949601406250001 0.0067401078125 0.0797555328125 0.0375372796875 0.022909129687499998 0.1381540859375 0 0.2009684171875 0 0.5043634421875 0.0021724859375 0.628825096875 0.037167267187500005 0.8430907375000001 0.0912786609375 1 0.4783991515625 1 0.922708596875 0.991721046875 1 0.8433167703125 1 0.495636559375 0.9955777890625 0.2422882875 0.8369822796875 0 0.6118730640625001 0
5 0.3421875 0.21875 0.1859375 0.2828125
5 0.8796875 0.234375 0.1421875 0.1203125
5 0.2390625 0.48671875 0.2359375 0.2375
5 0.34140625 0.76953125 0.21875 0.1390625
5 0.58984375 0.2359375 0.0984375 0.2046875
5 0.73671875 0.16328125 0.1375 0.1734375
5 0.9390625 0.75078125 0.1046875 0.115625
1 0.47421875 0.7796875 0.1046875 0.0953125
1 0.50859375 0.9140625 0.0828125 0.1046875
1 0.671875 0.9125 0.09375 0.0828125
1 0.728125 0.93359375 0.0640625 0.0984375
1 0.834375 0.7171875 0.084375 0.0828125
1 0.82734375 0.87109375 0.078125 0.1109375
1 0.83046875 0.60859375 0.1046875 0.0421875
1 0.9078125 0.65390625 0.0703125 0.1109375
1 0.91640625 0.28359375 0.0578125 0.0859375
1 0.47265625 0.32734375 0.1921875 0.153125
1 0.6640625 0.45078125 0.115625 0.134375
1 0.4390625 0.55234375 0.140625 0.10625
1 0.5859375 0.60078125 0.071875 0.165625
1 0.67421875 0.59921875 0.084375 0.096875
1 0.73671875 0.6796875 0.1296875 0.2