6 0.2509765625 0 0.0029296875 0.15625 0 0.8818359375 0.0302734375 0.912109375 0.1298828125 0.970703125 0.2060546875 1 0.6201171875 1 0.8349609375 0.96875 1 0.9150390625 0.9990234375 0.0859375 0.8408203125 0 0.2509765625 0
5 0.21640625 0.653125 0.27890625 0.18125
5 0.24140625 0.115625 0.1171875 0.13984375
5 0.48203125 0.7609375 0.2328125 0.23046875
5 0.76640625 0.66328125 0.13515625 0.21640625
5 0.2375 0.40546875 0.20234375 0.09609375
5 0.1671875 0.2578125 0.17265625 0.13359375
5 0.75859375 0.065625 0.11328125 0.103125
1 0.77890625 0.53046875 0.09375 0.103125
1 0.9140625 0.4984375 0.103125 0.08125
1 0.915625 0.33515625 0.0796875 0.0921875
1 0.9375 0.2796875 0.09765625 0.0625
1 0.72265625 0.16953125 0.08125 0.08203125
1 0.8765625 0.17890625 0.11015625 0.0765625
1 0.6140625 0.17109375 0.0421875 0.1046875
1 0.6609375 0.0953125 0.1078125 0.06875
1 0.290625 0.0796875 0.08515625 0.05546875
1 0.3265625 0.52421875 0.15078125 0.18828125
1 0.45390625 0.33515625 0.1328125 0.1140625
1 0.5515625 0.56171875 0.1015625 0.13828125
1 0.60234375 0.415625 0.16484375 0.0671875
1 0.60234375 0.32734375 0.09453125 0.08203125
1 0.68359375 0.26640625 0.1984375 0.12578125