6 0 0.6845703125 0.017578125 0.7626953125 0.056640625 0.8505859375 0.064453125 0.8544921875 0.05859375 0.8818359375 0.078125 0.8916015625 0.111328125 0.9423828125 0.162109375 0.9990234375 0.4072265625 1 0.427734375 0.9404296875 0.458984375 0.8876953125 0.46875 0.8388671875 0.5048828125 0.7578125 0.529296875 0.8251953125 0.544921875 0.8388671875 0.57421875 0.9052734375 0.5908203125 0.916015625 0.59375 0.8857421875 0.576171875 0.7978515625 0.611328125 0.7939453125 0.6064453125 0.78125 0.6171875 0.7744140625 0.6083984375 0.771484375 0.609375 0.7548828125 0.623046875 0.7470703125 0.6142578125 0.69140625 0.623046875 0.6865234375 0.615234375 0.6591796875 0.6171875 0.5751953125 0.607421875 0.5498046875 0.61328125 0.5263671875 0.5625 0.2568359375 0.556640625 0.1689453125 0.509765625 0.0634765625 0.4794921875 0.052734375 0.4521484375 0.056640625 0.3857421875 0.078125 0.2529296875 0.140625 0.1416015625 0.2265625 0.0859375 0.2841796875 0.046875 0.3408203125 0.025390625 0.4052734375 0 0.4443359375 0 0.6845703125
6 0.587890625 0.3701171875 0.595703125 0.3974609375 0.6015625 0.3955078125 0.603515625 0.4365234375 0.6259765625 0.44140625 0.6455078125 0.404296875 0.6689453125 0.40234375 0.6796875 0.4189453125 0.671875 0.4345703125 0.6962890625 0.443359375 0.703125 0.4326171875 0.6875 0.4111328125 0.6875 0.3974609375 0.69921875 0.3759765625 0.701171875 0.3369140625 0.71484375 0.3056640625 0.78125 0.1962890625 0.8828125 0.0693359375 0.890625 0.0400390625 0.8037109375 0.0234375 0.7646484375 0.03125 0.7392578125 0.0234375 0.6533203125 0.0234375 0.5732421875 0.029296875 0.525390625 0.0458984375 0.5234375 0.0888671875 0.560546875 0.1728515625 0.5703125 0.2802734375 0.587890625 0.3701171875
6 1 0.4013671875 0.9580078125 0.373046875 0.8623046875 0.33984375 0.7724609375 0.330078125 0.75 0.3642578125 0.724609375 0.5947265625 0.72265625 0.9248046875 0.7607421875 0.966796875 0.8037109375 0.947265625 1 0.7470703125 1 0.4013671875
4 0.21015625 0.640625 0.19140625 0.21953125
4 0.1140625 0.80859375 0.0875 0.065625
4 0.38125 0.796875 0.11953125 0.0953125
4 0.371875 0.67265625 0.09609375 0.16640625
4 0.34609375 0.57890625 0.059375 0.06640625
4 0.23515625 0.48125 0.15859375 0.12265625
4 0.41171875 0.43515625 0.1125 0.11875
4 0.50234375 0.32109375 0.1375 0.10234375
4 0.4640625 0.22265625 0.14375 0.0734375
4 0.46484375 0.07578125 0.06484375 0.053125
4 0.725 0.14765625 0.1375 0.146875
4 0.6078125 0.2484375 0.0765625 0.1703125
4 0.82890625 0.38984375 0.10859375 0.0734375
4 0.7546875 0.746875 0.06171875 0.11171875
4 0.79375 0.88203125 0.1125 0.08046875
4 0.946875 0.7484375 0.07421875 0.0703125
2 0.86328125 0.70859375 0.08515625 0.05234375
2 0.7953125 0.8140625 0.075 0.04375
2 0.86953125 0.828125 0.04140625 0.04609375
2 0.97734375 0.66171875 0.0453125 0.0578125
2 0.86171875 0.565625 0.04296875 0.02890625
2 0.825 0.534375 0.03046875 0.0390625
2 0.95234375 0.38515625 0.04375 0.025
2 0.97890625 0.575 0.03125 0.0296875
2 0.4640625 0.496875 0.0828125 0.0953125
2 0.51484375 0.69765625 0.06953125 0.0609375
2 0.44609375 0.75859375 0.06328125 0.1125
2 0.22890625 0.78671875 0.0484375 0.06953125
2 0.05078125 0.4515625 0.0609375 0.0546875
2 0.2890625 0.4546875 0.06875 0.08515625
2 0.58046875 0.4765625 0.034375 0.040625
2 0.5546875 0.55625 0.04140625 0.0375
2 0.51015625 0.60390625 0.065625 0.04453125
2 0.61796875 0.359375 0.0515625 0.034375
2 0.51640625 0.3640625 0.06484375 0.0609375
2 0.50078125 0.15859375 0.0515625 0.03671875
2 0.29765625 0.2171875 0.0359375 0.0265625
2 0.559375 0.075 0.04453125 0.03828125
2 0.57421875 0.1515625 0.0265625 0.0375
2 0.64921875 0.22109375 0.0671875 0.0453125
2 0.8578125 0.04765625 0.034375 0.02421875
2 0.8 0.08125 0.0359375 0.0328125
2 0.86484375 0.47421875 0.02109375 0.0296875