6 0.7496875765625 1 0.7764001328125001 0.9928611328124999 0.7814804343749999 0.9857558890625 0.8075709296875001 0.99582063125 0.820271684375 0.9780575234375 0.8756218453125 0.953207121875 0.9376365124999999 0.9131220046875 0.9763561265625 0.668655978125 0.923189609375 0.640390821875 0.8759930593749999 0.6012760875 0.8292937703125001 0.5839922921875 0.7548894171875 0.5356245875 0.8252618359375001 0.522052096875 0.8412096765625 0.5087582187499999 0.911381396875 0.49021026250000005 0.9245883859375 0.47549354218750006 0.89514596875 0.46786411406250006 0.8055875984374999 0.4714767015625 0.807229090625 0.4361422109375 0.7939262375 0.4389789234375 0.7888549109375 0.42729961406249994 0.7845863796875 0.43552216406250005 0.7683419781249999 0.43196056875 0.7631628140625 0.4182867078125 0.7565028984375 0.41723188125000005 0.7064107578125001 0.4172079484375 0.703346059375 0.4088126640625 0.6994343171875 0.40819310625 0.6747337265625 0.41120206406250004 0.5920888734374999 0.39613493437499997 0.5654831687499999 0.40180835937500003 0.5432508328125001 0.392354690625 0.269094021875 0.4003467625 0.1813688671875 0.3923848765625 0.069865746875 0.42218381875000005 0.0545200046875 0.4504040921875 0.054100657812499994 0.4780222671875 0.06493229843750001 0.54697184375 0.1058863671875 0.6879263546875001 0.17335027812499998 0.8113274328125 0.221550325 0.8753194921875 0.27138288906249997 0.9227616140625001 0.3316815921875 0.9540641703125001 0.3660249703125 0.985013003125 0.46064914375 1 0.7496875765625 1
6 0.076526271875 0.1254316171875 0.07813186562499999 0.1652353375 0.06644358125 0.18909121874999998 0.052999993749999995 0.273970684375 0.0462602515625 0.3539795234375 0.0551717890625 0.4038390109375 0.09730598593749999 0.4124898828125 0.186061559375 0.3889754359375 0.293688571875 0.3961345265625 0.385176021875 0.392827475 0.41340526874999994 0.38938866562499996 0.41239279843750004 0.38329589375 0.45320898906249996 0.387783071875 0.4607117140625 0.36850456249999997 0.4611032828125 0.36603229531250003 0.42794821406250005 0.3412665328125 0.42968556874999997 0.3178120515625 0.44776318593750003 0.30979917343749996 0.46197367187499994 0.319959778125 0.47100149062499996 0.30353747656249996 0.47230541875 0.29530479062500004 0.46493317031250003 0.28878898125 0.441269015625 0.30086071406250003 0.42776546406250004 0.2987219625 0.4083788140625 0.2837865921875 0.37010277343750003 0.2757467921875 0.341376265625 0.2573546640625 0.24373607968750002 0.17465596562500002 0.1342338328125 0.054484025000000005 0.1065197953125 0.04218466875 0.076526271875 0.1254316171875
6 0.4720026078125 0 0.4462886390625 0.027578271874999997 0.3985230328125 0.11690901875 0.3748229796875 0.2041189625 0.40506819375 0.23165025 0.6287275218749999 0.2927815296875 0.9544363015625 0.3463462046875 1 0.3165218671875 1 0.308531484375 0.9893004546874999 0.2698030984375 0.8237719921875 0.046629859375 0.5293626421875001 0 0.4720026078125 0
4 0.59375 0.80859375 0.246875 0.2234375
4 0.74453125 0.9296875 0.078125 0.096875
4 0.775 0.6640625 0.1109375 0.13125
4 0.65078125 0.65390625 0.1796875 0.121875
4 0.55390625 0.6640625 0.075 0.06875
4 0.43984375 0.75859375 0.1453125 0.175
4 0.421875 0.57734375 0.134375 0.1296875
4 0.3234375 0.46953125 0.121875 0.1515625
4 0.2203125 0.4921875 0.0953125 0.153125
4 0.07578125 0.46875 0.0625 0.071875
4 0.1875 0.22265625 0.1671875 0.159375
4 0.26875 0.35390625 0.18125 0.1046875
4 0.44296875 0.1578125 0.0890625 0.11875
4 0.78359375 0.28671875 0.1203125 0.0796875
4 0.9234375 0.26953125 0.096875 0.1234375
4 0.815625 0.09765625 0.0828125 0.0859375
2 0.7625 0.1734375 0.0640625 0.0921875
2 0.85625 0.2578125 0.0546875 0.08125
2 0.88203125 0.18671875 0.053125 0.0484375
2 0.734375 0.05390625 0.0640625 0.053125
2 0.62109375 0.153125 0.034375 0.0453125
2 0.58515625 0.184375 0.0421875 0.0375
2 0.45703125 0.03515625 0.03125 0.046875
2 0.64921875 0.0390625 0.0359375 0.0359375
2 0.49140625 0.53515625 0.10625 0.0984375
2 0.69765625 0.51640625 0.071875 0.0796875
2 0.746875 0.59375 0.121875 0.08125
2 0.740625 0.8125 0.0765625 0.059375
2 0.38203125 0.9359375 0.0625 0.06875
2 0.421875 0.7015625 0.09375 0.08125
2 0.4890625 0.4171875 0.0453125 0.040625
2 0.5640625 0.4546875 0.04375 0.0453125
2 0.60390625 0.50625 0.0546875 0.071875
2 0.3796875 0.36171875 0.0421875 0.05625
2 0.36796875 0.4625 0.06875 0.071875
2 0.16328125 0.44609375 0.04375 0.05625
2 0.1890625 0.65546875 0.0328125 0.040625
2 0.08984375 0.375 0.04375 0.0484375
2 0.1671875 0.371875 0.040625 0.0328125
2 0.24765625 0.309375 0.0546875 0.0734375
2 0.109375 0.07578125 0.028125 0.0375
2 0.13359375 0.13828125 0.0375 0.0421875
2 0.53125 0.1359375 0.0328125 0.025