6 0.491272459375 0 0.29771283125000003 0.0067592515625000005 0.22110960156249998 0.026827703125 0.134635778125 0.0689337453125 0.1310045609375 0.0768778125 0.103472978125 0.071976290625 0.0943949328125 0.09183645781250001 0.0448033890625 0.126791596875 0 0.16987354375 0 0.419184675 0.00021480000000000002 0.42533574218750003 0.05779774375 0.4429369375 0.11159060312499999 0.47232749687500003 0.16072979999999998 0.48038309687499997 0.24299612812500002 0.5136651296875 0.1765064015625 0.5404159468749999 0.163388159375 0.5565085703125 0.098044809375 0.5881051421875 0.0878885515625 0.6050714890625 0.1182457921875 0.6069428640625001 0.20546940781249998 0.5863081078125 0.21060021406249999 0.621306615625 0.22311738593750002 0.61598371875 0.2303240546875 0.626480790625 0.232945225 0.6175948375 0.24957075468749998 0.61799141875 0.25726385937499996 0.6304258203125 0.26400268437499996 0.630190496875 0.3131790578125 0.6206559578124999 0.31778934375 0.628312225 0.32174743437500003 0.6281740046875 0.3454200703125 0.620507234375 0.429421446875 0.61952815625 0.45445578906249995 0.6088823609375 0.47808350156249996 0.613920209375 0.7456783203125 0.5537633890625 0.8333109140625 0.5448402453125001 0.9370795015625 0.49431299375000004 0.94675861875 0.4636831015625 0.9419004640624999 0.436492334375 0.9181116328125001 0.37087633124999997 0.851014615625 0.2403259546875 0.761244171875 0.13206482343749998 0.7017194359375 0.07844548125 0.643750053125 0.04138350625 0.578586396875 0.0221616 0.5417380796875 0 0.491272459375 0
6 0.9871643406249999 0.786883909375 0.9779933375000001 0.7481178578125001 0.9849149578124999 0.722470046875 0.9819157828125 0.6365848984375 0.9732652906249999 0.55676004375 0.955003846875 0.5095170171875 0.9119931093750001 0.5090646703124999 0.82935499375 0.5490824515625 0.722339371875 0.5625910968750001 0.6331638203125001 0.583294015625 0.6061093796875 0.5920560390625 0.6082658046875 0.59784368125 0.567343328125 0.6012270421875 0.5636569609375 0.6215829375 0.5637443171875 0.624084496875 0.6010157656249999 0.6420689578125 0.6037856578125 0.6654240171875 0.5875691046875 0.6767390468750001 0.5716809703125 0.6694766109375 0.5659525421875 0.687319778125 0.566243440625 0.69565000625 0.574723515625 0.7006394109375 0.5956494984375 0.6842741359375 0.6093130437500001 0.6837969937499999 0.6311933109375001 0.6947588109375 0.670300178125 0.6953474843749999 0.7020082828125 0.707920421875 0.8136341984375 0.7704690875 0.9440544671875 0.8675391171875001 0.9736061484375 0.8743244125 0.9871643406249999 0.786883909375
6 0.4639561109375 1 0.617152725 0.9946502562499999 0.642866846875 0.9534933999999999 0.6727097546875 0.8566898015625 0.6793339296875 0.7665599671875001 0.6443911875 0.745305565625 0.4131767125 0.7279736515625 0.0832315 0.7375412765625 0.042594071875 0.7770695203125 0.0636130125 0.8193304640625 0.2612251796875 1 0.4639561109375 1
4 0.34921875 0.215625 0.225 0.2
4 0.178125 0.125 0.06875 0.0890625
4 0.19921875 0.39140625 0.0984375 0.121875
4 0.32265625 0.378125 0.1703125 0.103125
4 0.415625 0.34921875 0.06875 0.0609375
4 0.509375 0.234375 0.1265625 0.1625
4 0.56171875 0.409375 0.121875 0.1171875
4 0.67890625 0.49609375 0.10625 0.140625
4 0.77578125 0.4546875 0.078125 0.146875
4 0.92265625 0.45 0.0546875 0.065625
4 0.86015625 0.7125 0.1515625 0.1421875
4 0.75546875 0.59921875 0.175 0.084375
4 0.621875 0.825 0.0765625 0.1109375
4 0.2625 0.76328125 0.1140625 0.065625
4 0.128125 0.80703125 0.0828125 0.115625
4 0.2671875 0.95546875 0.075 0.078125
2 0.30390625 0.8703125 0.0546875 0.0875
2 0.19609375 0.80625 0.046875 0.0765625
2 0.18515625 0.88046875 0.0484375 0.04375
2 0.3546875 0.9796875 0.059375 0.040625
2 0.446875 0.8640625 0.0296875 0.04375
2 0.47734375 0.82578125 0.0390625 0.0328125
2 0.63046875 0.9484375 0.0265625 0.0453125
2 0.44140625 0.98125 0.0328125 0.0328125
2 0.5015625 0.4640625 0.096875 0.0875
2 0.303125 0.521875 0.0640625 0.071875
2 0.23984375 0.45546875 0.1140625 0.0671875
2 0.20390625 0.2390625 0.071875 0.0515625
2 0.5328125 0.04921875 0.0546875 0.0625
2 0.53828125 0.2875 0.0875 0.071875
2 0.5265625 0.5796875 0.0421875 0.0359375
2 0.4453125 0.55625 0.0390625 0.0421875
2 0.396875 0.5140625 0.046875 0.0671875
2 0.64453125 0.61328125 0.0359375 0.053125
2 0.63671875 0.51171875 0.0609375 0.065625
2 0.84140625 0.4890625 0.0375 0.053125
2 0.77578125 0.28828125 0.0296875 0.0375
2 0.9265625 0.54453125 0.0390625 0.0453125
2 0.85078125 0.56171875 0.0390625 0.028125
2 0.78359375 0.6390625 0.046875 0.06875
2 0.96484375 0.8421875 0.025 0.0359375
2 0.92890625 0.78515625 0.0328125 0.0390625
2 0.53828125 0.8640625 0.0296875 0.021875