6 0.151267434375 0 0.1128292484375 0.028192710937499997 0.084738871875 0.0741153453125 0.0258997578125 0.2420860890625 0.0099842703125 0.3607435546875 0.006456535937500001 0.6303159046875 0.0491242546875 0.7568820859375001 0.1868831046875 0.941489759375 0.2513492671875 0.991621696875 0.4912724640625 1 0.8044421546875 1 0.9246968046875 0.8968083203124999 0.9878273921874999 0.7677625609375001 1 0.41918468437499995 1 0.097204115625 0.97960694375 0.0682328328125 0.927034646875 0.014607606249999999 0.415231525 0 0.151267434375 0
5 0.5703125 0.86484375 0.1984375 0.225
5 0.43984375 0.6609375 0.190625 0.1890625
5 0.265625 0.63515625 0.1203125 0.153125
5 0.2140625 0.81484375 0.1328125 0.1453125
5 0.19140625 0.50625 0.1296875 0.1421875
5 0.0734375 0.52109375 0.0921875 0.1125
5 0.12421875 0.2015625 0.0984375 0.1203125
5 0.21875 0.3078125 0.1015625 0.1453125
5 0.49453125 0.42890625 0.184375 0.2078125
5 0.671875 0.32890625 0.1421875 0.240625
5 0.3796875 0.23515625 0.14375 0.1796875
5 0.37890625 0.05703125 0.1453125 0.1140625