6 0.095737409375 0 0.0766688875 0.0129307265625 0.022134315625 0.0645591265625 0 0.5455365640625 0 0.84845465625 0.0215075078125 0.8788776109375 0.0669329046875 0.9077651687499999 0.23385117968750002 0.969526815625 0.352212809375 0.9875107375000001 0.621682534375 0.995742621875 0.7489740953124999 0.955290284375 0.935957875 0.820774265625 0.9872072671875 0.7571928437500001 1 0.5130929546874999 1 0.1980073234375 0.9041598656250001 0.08229313906249999 0.7762355421875 0.01692000625 0.453382584375 0 0.095737409375 0
5 0.86640625 0.4359375 0.228125 0.2015625
5 0.66015625 0.56328125 0.1921875 0.19375
5 0.63046875 0.73671875 0.1546875 0.1234375
5 0.81015625 0.79140625 0.146875 0.1359375
5 0.50078125 0.80859375 0.14375 0.13125
5 0.51328125 0.92734375 0.1140625 0.0953125
5 0.1953125 0.8703125 0.121875 0.1
5 0.303125 0.77734375 0.146875 0.1046875
5 0.42890625 0.50390625 0.2109375 0.1890625
5 0.33125 0.325 0.2421875 0.146875
5 0.23359375 0.615625 0.18125 0.146875
5 0.05703125 0.6125 0.1140625 0.146875