6 1 0.269117646875 0.9521484375 0.2029411765625 0.7724609375 0.0588235296875 0.6474609375 0.01176470625 0.3779296875 0.005882353125 0.2587890625 0.017647059375 0.0888671875 0.0705882359375 0.0419921875 0.0970588234375 0.0048828125 0.144117646875 0 0.9102941171875001 0.0517578125 0.9647058828124999 0.098354065625 1 0.7463440234375 0.9992241500000001 0.881744890625 0.9387460593749999 1 0.8102941171875001 1 0.269117646875
5 0.8625 0.5828125 0.2171875 0.18984375
5 0.66328125 0.4453125 0.18359375 0.184375
5 0.64296875 0.2703125 0.14765625 0.11484375
5 0.825 0.225 0.14140625 0.12734375
5 0.5171875 0.1921875 0.13828125 0.12421875
5 0.5359375 0.07421875 0.109375 0.08984375
5 0.21484375 0.1140625 0.11796875 0.09296875
5 0.31796875 0.2125 0.14140625 0.096875
5 0.42890625 0.4921875 0.20078125 0.178125
5 0.32265625 0.665625 0.23671875 0.134375
5 0.23984375 0.3703125 0.175 0.1375
5 0.05859375 0.3640625 0.11640625 0.14140625