6 1 0.3720703125 0.9599609375 0.31640625 0.7548828125 0.181640625 0.6826171875 0.15625 0.5615234375 0.1328125 0.3681640625 0.12109375 0.2041015625 0.173828125 0.1484375 0.2080078125 0.00390625 0.3759765625 0 0.6728515625 0.1279296875 0.775390625 0.334143184375 0.8762323203125 0.5696068875 0.8840414125 0.7939453125 0.841796875 0.90625 0.7255859375 0.953125 0.6630859375 1 0.5517578125 1 0.3720703125
4 0.55390625 0.62578125 0.49453125 0.3140625
4 0.4140625 0.39375 0.31640625 0.2625
4 0.22421875 0.30625 0.2578125 0.22109375
4 0.1375 0.434375 0.19375 0.1984375
4 0.18203125 0.625 0.1421875 0.1
1 0.44765625 0.72734375 0.08828125 0.08984375
1 0.1484375 0.54375 0.09453125 0.06875
1 0.21875 0.4359375 0.065625 0.0703125
1 0.6234375 0.22890625 0.07109375 0.06484375
1 0.58046875 0.1828125 0.07578125 0.05234375
1 0.50078125 0.16484375 0.0921875 0.05546875
1 0.8546875 0.31015625 0.0828125 0.04765625
1 0.8359375 0.37890625 0.08125 0.05078125
1 0.70234375 0.5984375 0.09609375 0.078125