6 1 0.4562556703125 0.9834935874999999 0.36264315156250004 0.9179987984375 0.261146109375 0.8609829234375 0.2077353828125 0.7302045796875001 0.1127914546875 0.5061717796874999 0.1101937484375 0.4788118203125 0.1150180484375 0.2714082265625 0.1587229625 0.0858385515625 0.29384124375 0 0.39159430624999997 0 0.53467219375 0.0330568328125 0.708723753125 0.204559796875 0.8490430921875 0.2653134375 0.8730375499999999 0.43604068749999997 0.8964816171875001 0.624427559375 0.8513643984374999 0.73961174375 0.8072552578125001 0.80637045625 0.7697015796875 0.984931178125 0.6013719046875 1 0.5700994828125 1 0.4562556703125
4 0.53125 0.36640625 0.5421875 0.3953125
4 0.43359375 0.61953125 0.35625 0.3140625
4 0.26171875 0.7390625 0.2921875 0.2625
4 0.1546875 0.62734375 0.225 0.23125
4 0.16484375 0.43203125 0.1578125 0.1234375
1 0.40859375 0.28515625 0.103125 0.103125
1 0.14609375 0.51796875 0.1046875 0.084375
1 0.234375 0.61171875 0.0765625 0.0828125
1 0.66875 0.7453125 0.08125 0.075
1 0.634375 0.7984375 0.084375 0.065625
1 0.55859375 0.8296875 0.1 0.0703125
1 0.88203125 0.625 0.0921875 0.0625
1 0.8515625 0.5609375 0.0890625 0.065625
1 0.68203125 0.36796875 0.1078125 0.09375