6 0.394301840625 0 0.3484943109375 0.028321574999999998 0.199751440625 0.223499365625 0.1693816703125 0.29381779375 0.13755419062500002 0.41298164843749996 0.11237591875 0.6050525515625 0.15353741406250002 0.7723939671875 0.1837509125 0.8303066890625 0.341228509375 0.9862027765624999 0.50713785 1 0.6470861921875 1 0.74832105625 0.8903431703125 0.8633018328125001 0.691666359375 0.8850877484374999 0.48083053593749997 0.887025725 0.4531161828125 0.8610244453125 0.23058219218749998 0.7529305703125 0.11044460781250001 0.693852653125 0.0593240125 0.5860655515625 0.004797340625 0.51746038125 0 0.394301840625 0
4 0.62890625 0.4546875 0.3484375 0.515625
4 0.38828125 0.578125 0.284375 0.3328125
4 0.2875 0.76171875 0.2390625 0.2734375
4 0.409375 0.85703125 0.2125 0.2078125
4 0.60234375 0.82578125 0.109375 0.1484375
1 0.7234375 0.56796875 0.0953125 0.0953125
1 0.51875 0.85390625 0.075 0.0984375
1 0.41640625 0.77578125 0.0765625 0.0703125
1 0.23828125 0.3578125 0.06875 0.0765625
1 0.1890625 0.39765625 0.0578125 0.0796875
1 0.165625 0.47578125 0.0609375 0.0953125
1 0.33515625 0.1328125 0.0546875 0.0875
1 0.40234375 0.15625 0.0578125 0.084375
1 0.6125 0.3046875 0.084375 0.1