6 0.3738568109375 0 0.34333916875 0.05867295 0.32626628593749996 0.06149614531249999 0.292291071875 0.0897930921875 0.2064199734375 0.26028636875 0.18332896406250002 0.3361628546875 0.1488445796875 0.40867261718750003 0.1209586921875 0.5075738765625 0.07964275 0.779959678125 0.08219728281250001 0.9514712937500001 0.47331225468750004 1 0.8821435578125 1 0.89697194375 0.9826403000000001 0.9036968 0.9559169125 0.907657703125 0.9236579515625 0.8977154171875 0.768242190625 0.9159771890625 0.6996439203125 0.9020317625000001 0.636930065625 0.9060438484375 0.588227871875 0.8914187015625 0.5470762765625 0.8427496265625001 0.502728509375 0.820030353125 0.47140594062499996 0.826049721875 0.4544348921875 0.81458763125 0.41957505 0.7880218609375 0.2352762625 0.7895506109375 0.15872005625000002 0.7748223890625 0.0703287828125 0.7574084062499999 0.027850865625 0.5305813078125 0 0.3738568109375 0
3 0.7828125 0.70625 0.34375 0.5875
3 0.4359375 0.80703125 0.1421875 0.384375
3 0.26328125 0.9109375 0.2375 0.153125
3 0.346875 0.53046875 0.234375 0.26875
3 0.7015625 0.30390625 0.234375 0.1734375
3 0.75703125 0.3015625 0.1375 0.371875
5 0.61171875 0.81640625 0.3328125 0.3671875
5 0.5296875 0.45625 0.240625 0.3046875
5 0.4015625 0.2875 0.190625 0.3328125
5 0.43671875 0.04296875 0.1328125 0.0859375
5 0.571875 0.109375 0.246875 0.21875
5 0.6703125 0.12265625 0.159375 0.2234375
1 0.3296875 0.77109375 0.134375 0.2203125