6 0.463618584375 0 0.0666956765625 0.0633848359375 0.07012836875 0.23488112343749998 0.12092526875000001 0.5056590875 0.152245775 0.6035268968749999 0.1892397046875 0.674789 0.21496469999999998 0.7498134000000001 0.30673361718750003 0.9172059578124999 0.3416756828125 0.9442999500000001 0.35883669375 0.9465255890625001 0.3890668625 1 0.5393508515625001 1 0.7737293671875001 0.9628780906250001 0.789650284375 0.9198183109375 0.801284721875 0.830966875 0.79708513125 0.7545106578125 0.8172027828124999 0.5693970078125 0.8274412999999999 0.5341583796875 0.8208333171875 0.5174077421875001 0.8424456078125001 0.48531136249999995 0.889537321875 0.439292084375 0.9027173890625001 0.3976551484375 0.8970080656249999 0.3491226421875 0.9087563140625001 0.285960303125 0.888111621875 0.218041146875 0.89262391875 0.06237308125 0.8875396078125 0.0302720046875 0.8798862156249999 0.0037995906250000004 0.8764041125 0 0.463618584375 0
3 0.77421875 0.28984375 0.3640625 0.5796875
3 0.425 0.1953125 0.1546875 0.3859375
3 0.2484375 0.09765625 0.240625 0.159375
3 0.3453125 0.47421875 0.2421875 0.275
3 0.7078125 0.6890625 0.2375 0.18125
3 0.7640625 0.6890625 0.15 0.3734375
5 0.6 0.18359375 0.34375 0.3671875
5 0.53125 0.5421875 0.25 0.3109375
5 0.409375 0.71640625 0.2015625 0.3375
5 0.45234375 0.95625 0.1359375 0.0875
5 0.58671875 0.8875 0.2515625 0.225
5 0.68359375 0.87109375 0.165625 0.228125
1 0.3203125 0.23515625 0.140625 0.221875