6 1 0.3212890625 0.9189453125 0.291015625 0.9140625 0.2744140625 0.8818359375 0.244140625 0.7021484375 0.1796875 0.6240234375 0.166015625 0.5478515625 0.140625 0.4462890625 0.125 0.1708984375 0.1171875 0.0009765625 0.140625 0 0.9072265625 0.0693359375 0.953125 0.1162109375 0.958984375 0.2822265625 0.927734375 0.3525390625 0.9375 0.4130859375 0.916015625 0.4619140625 0.9140625 0.5009765625 0.89453125 0.5390625 0.8408203125 0.5673828125 0.814453125 0.5849609375 0.818359375 0.6181640625 0.802734375 0.7978515625 0.75390625 0.8740234375 0.74609375 0.9599609375 0.720703125 1 0.6982421875 1 0.3212890625
3 0.3046875 0.809375 0.609375 0.271875
3 0.1875 0.4734375 0.375 0.0953125
3 0.06328125 0.31484375 0.1265625 0.2234375
3 0.45078125 0.3515625 0.24609375 0.20625
3 0.71953125 0.67578125 0.1484375 0.21796875
3 0.728125 0.73125 0.3640625 0.09453125
5 0.18359375 0.6515625 0.3671875 0.2890625
5 0.546875 0.52421875 0.28046875 0.20859375
5 0.69921875 0.3765625 0.31796875 0.15234375
5 0.9546875 0.38046875 0.08984375 0.12421875
5 0.9 0.52421875 0.2 0.2234375
5 0.8953125 0.6234375 0.20859375 0.1328125
1 0.21015625 0.3640625 0.2078125 0.10859375