6 1 0.47063735468749995 0.9730212921874999 0.300300496875 0.70651370625 0.2616344640625 0.3791454875 0.2422955421875 0.018042253124999998 0.3845199265625 0 0.3979417609375 0 0.5327960968750001 0.0739978296875 1 0.5393508546875 1 0.9804783875 0.9301322624999999 0.9861607875 0.9223111109375 1 0.8689526984375 1 0.47063735468749995
4 0.78515625 0.61171875 0.2390625 0.2359375
4 0.415625 0.5359375 0.2234375 0.2171875
4 0.246875 0.61015625 0.1109375 0.1453125
4 0.1328125 0.9109375 0.16875 0.178125
4 0.13671875 0.73125 0.209375 0.2203125
4 0.62265625 0.91328125 0.1765625 0.1671875
4 0.8109375 0.91171875 0.128125 0.10625
4 0.77734375 0.4140625 0.1578125 0.1390625
6 0.46252193906250005 0 0.088676690625 0.059211270312499995 0 0.1262100109375 0 0.33321561875 0.063436721875 0.3618070015625 0.1484839171875 0.375329328125 0.206766209375 0.36609831875 0.7918257078125001 0.26621622968750003 0.8665266218750001 0.20099305156249997 0.9053868093749999 0.1404577515625 0.9095244578124999 0.11913784062499999 0.9082953687499999 0.1113776828125 0.884019015625 0 0.46252193906250005 0
4 0.23671875 0.08671875 0.1421875 0.1171875
4 0.559375 0.2203125 0.165625 0.14375
4 0.19375 0.26640625 0.1984375 0.1109375
4 0.65625 0.0265625 0.1875 0.053125
4 0.534375 0.11875 0.1296875 0.15625
4 0.9421875 0.60546875 0.115625 0.1671875