6 0.9072265625 1 0.9140625 0.9931640625 1 0.7958984375 0.9990234375 0.376953125 0.7412109375 0.296875 0.4208984375 0.2265625 0.0419921875 0.310546875 0.0009765625 0.33203125 0.0009765625 1 0.9072265625 1
4 0.7640625 0.6546875 0.2078125 0.20625
4 0.4109375 0.52265625 0.196875 0.18828125
4 0.2328125 0.56953125 0.0890625 0.13359375
4 0.0703125 0.86328125 0.140625 0.18671875
4 0.1046875 0.671875 0.18125 0.19375
4 0.55625 0.92734375 0.1546875 0.14453125
4 0.74296875 0.95546875 0.115625 0.0890625
4 0.7875 0.45859375 0.140625 0.11875
6 0.1630859375 0 0.0166015625 0.078125 0 0.0947265625 0 0.2353515625 0.0908203125 0.294921875 0.1748046875 0.322265625 0.8251953125 0.314453125 0.9091796875 0.26171875 0.95703125 0.2080078125 0.96484375 0.1865234375 0.9541015625 0 0.1630859375 0
4 0.3046875 0.05078125 0.1296875 0.09921875
4 0.60234375 0.2328125 0.14921875 0.1203125
4 0.234375 0.22109375 0.18671875 0.08203125
4 0.73203125 0.0359375 0.1796875 0.06953125
4 0.59375 0.12890625 0.11015625 0.140625
4 0.93671875 0.67578125 0.1265625 0.14921875