6 1 0.5064995171875 0.9894999765625 0.30614713125000004 0.9474161578125001 0.2868387921875 0.5646337828125 0.2227999359375 0.24844013125000003 0.30977993593750003 0 0.40145951875 0 0.4832377671875 0.0179252953125 0.825272784375 0.10519357968750001 1 0.5130929625 1 1 0.9744822843750001 1 0.5064995171875
4 0.24453125 0.66796875 0.2203125 0.2171875
4 0.58984375 0.51796875 0.20625 0.1984375
4 0.7703125 0.55546875 0.096875 0.1375
4 0.93671875 0.840625 0.1265625 0.19375
4 0.90390625 0.65078125 0.190625 0.203125
4 0.46640625 0.9265625 0.1640625 0.146875
4 0.28046875 0.959375 0.1203125 0.08125
4 0.2109375 0.4734375 0.146875 0.1265625
6 0.4925048796875 0 0.0207582125 0.024723195312499998 0.019827740625 0.20475939375 0.0202389390625 0.2126055140625 0.028718828125 0.23259926874999998 0.07931582499999999 0.283732240625 0.16594500625 0.3319989421875 0.758986203125 0.308057659375 0.8179141234375 0.30496937812499997 0.898291384375 0.274060240625 0.9854928796875001 0.2100947078125 0.9780992828124999 0.069016475 0.9610621484375 0.053676168749999996 0.8463324140624999 0 0.4925048796875 0
4 0.67109375 0.046875 0.1328125 0.09375
4 0.38359375 0.23828125 0.1546875 0.1296875
4 0.75078125 0.2078125 0.1921875 0.0921875
4 0.24375 0.0484375 0.1828125 0.078125
4 0.38671875 0.134375 0.1171875 0.146875
4 0.0734375 0.6984375 0.134375 0.1546875