6 0.9208984375 1 1 0.9599609375 0.9990234375 0.361328125 0.6630859375 0.173828125 0.5458984375 0.1328125 0.1552734375 0.080078125 0.0009765625 0.125 0.0009765625 1 0.9208984375 1
3 0.321875 0.365625 0.1453125 0.12578125
3 0.38203125 0.53984375 0.23984375 0.18984375
3 0.575 0.725 0.36015625 0.171875
3 0.0984375 0.6234375 0.196875 0.20703125
3 0.17109375 0.35078125 0.14921875 0.1078125
3 0.16796875 0.22890625 0.21875 0.09765625
3 0.5015625 0.30703125 0.2109375 0.11171875
3 0.6765625 0.37421875 0.10078125 0.1578125
3 0.85625 0.47109375 0.20078125 0.1265625
2 0.61640625 0.49140625 0.3484375 0.2875
2 0.17578125 0.503125 0.2453125 0.3140625
2 0.3078125 0.321875 0.296875 0.153125