6 0.044117050000000005 0 0.007439531250000001 0.0694261375 0 0.4956365984375 0 0.990323084375 0.5543901203125 1 0.86743206875 1 0.9133542562500001 0.8519453640625001 0.867445259375 0.46045951562500004 0.828481084375 0.34257404375 0.647215715625 0.004056234375 0.4148342234375 0 0.044117050000000005 0
3 0.63125 0.68046875 0.128125 0.1453125
3 0.4578125 0.6171875 0.19375 0.2421875
3 0.2765625 0.42109375 0.178125 0.3625
3 0.36953125 0.89921875 0.209375 0.2
3 0.64375 0.83125 0.1109375 0.15
3 0.765625 0.83671875 0.1015625 0.2203125
3 0.69296875 0.5015625 0.1140625 0.2109375
3 0.62890625 0.32578125 0.159375 0.103125
3 0.53515625 0.14453125 0.1296875 0.2015625
2 0.5109375 0.38359375 0.29375 0.353125
2 0.49140625 0.82421875 0.3171875 0.25
2 0.675 0.6953125 0.1578125 0.3