6 0 0.92191191875 0.038735171875 0.9984375 0.63853788125 0.9984375 0.82568359375 0.663134765625 0.86669921875 0.545947265625 0.91943359375 0.155322265625 0.87451171875 0.001025390625 0 0.001025390625 0 0.92191191875
3 0.634375 0.321875 0.125 0.14375
3 0.46015625 0.38203125 0.1890625 0.2390625
3 0.275 0.575 0.171875 0.359375
3 0.3765625 0.0984375 0.20625 0.196875
3 0.64921875 0.17109375 0.1078125 0.1484375
3 0.77109375 0.16796875 0.0984375 0.21875
3 0.69296875 0.5015625 0.1109375 0.209375
3 0.62578125 0.6765625 0.1578125 0.1
3 0.52890625 0.85625 0.1265625 0.2
2 0.50859375 0.61640625 0.2875 0.3484375
2 0.496875 0.17578125 0.3125 0.2453125
2 0.678125 0.3078125 0.153125 0.296875