6 0.058602365625 0 0 0.47330100937499997 0 0.9423626328125 0.46941869062499997 1 0.9423626328125 1 1 0.5305813125000001 1 0.1614680375 0.9642768 0.10834930312499999 0.8933988609375 0.04454839375 0.5305813109375 0 0.058602365625 0
5 0.5296875 0.2421875 0.1125 0.1171875
5 0.42890625 0.12578125 0.1140625 0.1
5 0.4109375 0.03984375 0.103125 0.0796875
5 0.4859375 0.03515625 0.103125 0.0703125
5 0.346875 0.078125 0.1125 0.1140625
5 0.41171875 0.2109375 0.096875 0.1125
5 0.33359375 0.16796875 0.1140625 0.09375
5 0.2640625 0.11484375 0.0953125 0.084375
5 0.246875 0.0234375 0.10625 0.046875
5 0.1328125 0.0625 0.103125 0.0984375
5 0.08359375 0.16171875 0.1015625 0.10625
5 0.10703125 0.26640625 0.11875 0.11875
5 0.196875 0.20234375 0.1109375 0.0890625
5 0.3109375 0.2578125 0.1 0.0921875
5 0.4421875 0.34140625 0.0921875 0.1
5 0.184375 0.328125 0.1234375 0.1109375
5 0.04375 0.29453125 0.059375 0.1359375
4 0.40703125 0.51484375 0.18125 0.1765625
4 0.40078125 0.628125 0.078125 0.159375
4 0.4203125 0.75703125 0.121875 0.1390625
4 0.33984375 0.859375 0.128125 0.1375
4 0.24140625 0.925 0.1203125 0.10625
4 0.115625 0.82734375 0.121875 0.153125
4 0.046875 0.775 0.09375 0.146875
4 0.05703125 0.6203125 0.1140625 0.175
4 0.10078125 0.4828125 0.115625 0.121875
4 0.21328125 0.48984375 0.1078125 0.153125
4 0.27734375 0.65390625 0.0890625 0.10625
4 0.21875 0.715625 0.15625 0.1015625
4 0.26171875 0.78984375 0.075 0.0828125
0 0.278125 0.46953125 0.0578125 0.1234375
0 0.384375 0.43203125 0.1671875 0.103125
0 0.128125 0.40078125 0.1390625 0.090625
0 0.16015625 0.6046875 0.1265625 0.153125
0 0.090625 0.6703125 0.128125 0.1203125
0 0.1515625 0.7375 0.0953125 0.0609375
0 0.2796875 0.87109375 0.040625 0.05625
0 0.2359375 0.8984375 0.0421875 0.0578125
0 0.35 0.71484375 0.0640625 0.196875
0 0.32734375 0.76953125 0.096875 0.1046875