6 0.49563658281249995 0 0.039194223437499995 0.00796723125 0 0.0418054265625 0 0.4731785390625 0.0086601625 1 0.5043634390625 1 1 0.99134863125 1 0.4956365671875 0.9939018578125 0.1462742671875 0.9052512484375 0.047545979687500003 0.8347402531249999 0 0.49563658281249995 0
5 0.49375 0.240625 0.1015625 0.1078125
5 0.37734375 0.13984375 0.10625 0.0890625
5 0.34765625 0.05078125 0.0953125 0.0828125
5 0.42109375 0.03828125 0.096875 0.06875
5 0.28984375 0.10390625 0.1015625 0.1046875
5 0.37265625 0.22578125 0.0859375 0.1046875
5 0.2890625 0.19453125 0.10625 0.0828125
5 0.2125 0.15078125 0.0890625 0.0765625
5 0.18203125 0.046875 0.1 0.071875
5 0.075 0.1171875 0.0953125 0.0890625
5 0.04296875 0.221875 0.0859375 0.096875
5 0.078125 0.3234375 0.1078125 0.1078125
5 0.1578125 0.24765625 0.1046875 0.078125
5 0.27890625 0.28671875 0.0921875 0.0828125
5 0.42109375 0.3515625 0.0828125 0.0921875
5 0.16328125 0.3734375 0.1140625 0.1
5 0.02109375 0.359375 0.0421875 0.13125
4 0.41015625 0.52734375 0.165625 0.1609375
4 0.41953125 0.640625 0.0625 0.1546875
4 0.45703125 0.765625 0.109375 0.128125
4 0.39140625 0.878125 0.115625 0.1265625
4 0.30234375 0.95390625 0.1109375 0.0921875
4 0.16484375 0.878125 0.109375 0.1421875
4 0.06796875 0.83984375 0.125 0.134375
4 0.06484375 0.68359375 0.1265625 0.1625
4 0.10234375 0.53828125 0.1046875 0.1109375
4 0.21484375 0.5296875 0.09375 0.1453125
4 0.30078125 0.6828125 0.0796875 0.0984375
4 0.2515625 0.753125 0.1484375 0.0875
4 0.30390625 0.81953125 0.0671875 0.0765625
0 0.27578125 0.50078125 0.0453125 0.11875
0 0.3765625 0.44921875 0.159375 0.0875
0 0.11796875 0.45390625 0.1328125 0.0765625
0 0.178125 0.65078125 0.1140625 0.1421875
0 0.11796875 0.72578125 0.1171875 0.1078125
0 0.1875 0.78359375 0.0921875 0.0515625
0 0.33359375 0.8984375 0.0359375 0.053125
0 0.29453125 0.93125 0.0375 0.053125
0 0.38125 0.73359375 0.04375 0.19375
0 0.36640625 0.790625 0.0875 0.096875