6 0.0478515625 0 0.0009765625 0.0390625 0 1 1 1 1 0.1549479171875 0.9130859375 0.0546875 0.8349609375 0 0.0478515625 0
5 0.4984375 0.240625 0.1 0.10625
5 0.38359375 0.1375 0.1046875 0.0875
5 0.35546875 0.0484375 0.09375 0.08125
5 0.42890625 0.03671875 0.09609375 0.06640625
5 0.296875 0.1 0.0984375 0.103125
5 0.37734375 0.2234375 0.084375 0.10234375
5 0.29453125 0.190625 0.1046875 0.0828125
5 0.21875 0.14609375 0.0890625 0.075
5 0.18984375 0.04140625 0.09921875 0.07109375
5 0.08203125 0.11015625 0.09375 0.0875
5 0.0453125 0.21484375 0.08984375 0.09609375
5 0.08125 0.31640625 0.1046875 0.10625
5 0.1625 0.24140625 0.10234375 0.0765625
5 0.2828125 0.2828125 0.08984375 0.08046875
5 0.4234375 0.35 0.08203125 0.08984375
5 0.165625 0.36796875 0.1109375 0.09765625
5 0.021875 0.3515625 0.04375 0.13125
4 0.409375 0.52578125 0.1609375 0.1578125
4 0.4171875 0.6390625 0.059375 0.1515625
4 0.45234375 0.76484375 0.10859375 0.12578125
4 0.38515625 0.8765625 0.11484375 0.12578125
4 0.2953125 0.953125 0.1109375 0.09375
4 0.15859375 0.871875 0.10625 0.13984375
4 0.06171875 0.83203125 0.1234375 0.1328125
4 0.06171875 0.67578125 0.1234375 0.16171875
4 0.1015625 0.53125 0.1015625 0.10859375
4 0.2140625 0.525 0.09140625 0.1421875
4 0.29765625 0.6796875 0.078125 0.096875
4 0.246875 0.7484375 0.14765625 0.0859375
4 0.2984375 0.81640625 0.0640625 0.075
0 0.27578125 0.496875 0.04375 0.11875
0 0.37734375 0.446875 0.15703125 0.084375
0 0.11875 0.446875 0.1296875 0.07578125
0 0.17578125 0.6453125 0.1109375 0.1390625
0 0.1140625 0.71875 0.1171875 0.10703125
0 0.1828125 0.778125 0.08984375 0.05
0 0.3265625 0.8953125 0.0359375 0.053125
0 0.28671875 0.92734375 0.0359375 0.053125
0 0.37734375 0.73125 0.040625 0.19453125
0 0.36171875 0.78828125 0.0859375 0.09609375