6 0.8408203125 0.9342560546875 0.89453125 0.8217993078125 0.900390625 0.7249134953125 0.876953125 0.5934256062500001 0.8408203125 0.5051903109375 0.7392578125 0.3910034609375 0.6298828125 0.39446366718750003 0.5361328125 0.49134948125 0.5 0.5622837374999999 0.501953125 0.7802768171875 0.5517578125 0.8858131484375 0.5908203125 0.9342560546875 0.8408203125 0.9342560546875
6 0.1513671875 0.9550173015625001 0.2646484375 0.9653979234375001 0.3154296875 0.9411764703125 0.41796875 0.738754325 0.42578125 0.6972318343749999 0.423828125 0.54844290625 0.3896484375 0.467128028125 0.3408203125 0.418685121875 0.2861328125 0.4013840828125 0.2158203125 0.4152249140625 0.1376953125 0.46366782031250003 0.0888671875 0.5190311421875 0.046875 0.5934256062500001 0.025390625 0.6799307953125 0.0234375 0.738754325 0.0390625 0.8148788921874999 0.0791015625 0.8927335640624999 0.1513671875 0.9550173015625001
6 0.443359375 0.26816609062499996 0.451171875 0.1851211078125 0.439453125 0.13321799375 0.4033203125 0.0830449828125 0.3017578125 0.04844290625 0.2373046875 0.0657439453125 0.2021484375 0.09342560625 0.16015625 0.1608996546875 0.138671875 0.22318339062499998 0.146484375 0.28892733593750003 0.1689453125 0.325259515625 0.4052734375 0.3217993078125 0.443359375 0.26816609062499996
6 0.6337890625 0.3183391 0.7314453125 0.31141868437500003 0.765625 0.254325259375 0.74609375 0.126297578125 0.6904296875 0.06920415156250001 0.6298828125 0.0449826984375 0.5634765625 0.0449826984375 0.5146484375 0.079584775 0.48828125 0.1297577859375 0.48828125 0.20588235312499997 0.5 0.24394463593750002 0.5634765625 0.3044982703125 0.6337890625 0.3183391
2 0.359375 0.6234375 0.090625 0.23125
2 0.2203125 0.5 0.13515625 0.1234375
2 0.11796875 0.57109375 0.0796875 0.1125
2 0.18984375 0.65859375 0.0609375 0.18203125
2 0.26640625 0.60234375 0.05234375 0.1046875
2 0.29453125 0.7484375 0.03984375 0.20078125
2 0.31953125 0.8421875 0.03984375 0.221875
2 0.21875 0.74140625 0.06328125 0.115625
2 0.1546875 0.80703125 0.1109375 0.14140625
2 0.08671875 0.78828125 0.07265625 0.08984375
2 0.59375 0.74609375 0.06015625 0.07734375
2 0.621875 0.80546875 0.034375 0.07421875
2 0.6828125 0.75625 0.04375 0.0703125
2 0.81953125 0.7734375 0.07109375 0.08984375
2 0.82109375 0.68125 0.03125 0.09453125
2 0.81953125 0.5640625 0.05703125 0.08125
2 0.796875 0.60703125 0.02578125 0.0921875
2 0.759375 0.58359375 0.02578125 0.1109375
2 0.7125 0.4625 0.03671875 0.0609375
2 0.6875 0.5734375 0.040625 0.10625
2 0.56875 0.57421875 0.06171875 0.0625
2 0.5875 0.4984375 0.03671875 0.0390625
2 0.634375 0.5671875 0.0453125 0.07265625
2 0.64921875 0.66875 0.0484375 0.1328125
0 0.39921875 0.19296875 0.0625 0.12421875
0 0.30625 0.15 0.04375 0.06953125
0 0.190625 0.184375 0.053125 0.1140625
0 0.24921875 0.30390625 0.04296875 0.053125
4 0.340625 0.17421875 0.053125 0.09375
4 0.278125 0.2125 0.05234375 0.06484375
4 0.22109375 0.22265625 0.05234375 0.05703125
4 0.29296875 0.27734375 0.0578125 0.075
4 0.3859375 0.2734375 0.040625 0.0421875
4 0.24453125 0.12578125 0.0515625 0.03828125
8 0.70078125 0.6546875 0.046875 0.08046875
8 0.67578125 0.596875 0.0328125 0.08359375
8 0.653125 0.45234375 0.03515625 0.08515625
8 0.63046875 0.5203125 0.034375 0.06015625
8 0.59921875 0.5125 0.0375 0.115625
8 0.65234375 0.67578125 0.02421875 0.06640625
8 0.6234375 0.67734375 0.02421875 0.071875
8 0.62734375 0.61015625 0.04375 0.05390625
8 0.56171875 0.70703125 0.03359375 0.10078125
8 0.55 0.6828125 0.05546875 0.05859375
8 0.5859375 0.80703125 0.0484375 0.075
8 0.66171875 0.84921875 0.0453125 0.06796875
8 0.65625 0.78515625 0.03203125 0.10234375
8 0.71640625 0.8203125 0.06640625 0.078125
8 0.75078125 0.77265625 0.04453125 0.071875
8 0.73671875 0.71953125 0.07421875 0.06484375
8 0.7921875 0.66796875 0.03984375 0.07265625
8 0.78203125 0.59296875 0.02890625 0.078125
8 0.73359375 0.58515625 0.04296875 0.0625
8 0.7390625 0.51953125 0.0390625 0.06171875