6 0.9624630812499999 0.1979169859375 0.85536836875 0.13475832031249999 0.7705626671875 0.12214323125 0.755481865625 0.12082383125 0.6263316640625 0.1323654765625 0.5352829484375 0.1606705796875 0.41267885781249997 0.2518945640625 0.4065932375 0.36115493593750003 0.494939521875 0.46299234375 0.5624546687499999 0.5051699875 0.7797884453124999 0.5222236437500001 0.88926394375 0.48180657499999996 0.9406444984375 0.44730451875000005 0.9624630812499999 0.1979169859375
6 0.6959698703125 0.9949398578125 0.77316656875 0.9860090093749999 0.8542146140625 0.9529077890625001 0.9225597078125001 0.8863455421875001 0.9378967296875 0.8014098468749999 0.940736528125 0.7689507984375 0.9230705328125 0.721701040625 0.730355534375 0.60190991875 0.6967915812500001 0.5925035203125 0.585796878125 0.5827927421875 0.5412789859375 0.57948610625 0.4572945796875 0.606448671875 0.40478036250000005 0.6508689140625 0.3827788296875 0.7038404265625 0.390438853125 0.7750916734375 0.431888378125 0.8571414624999999 0.4827853734375 0.9106090124999999 0.553236884375 0.9589253125000001 0.6375404078125 0.98786735625 0.6959698703125 0.9949398578125
6 0.2995562359375 0.783182890625 0.314422078125 0.5788524374999999 0.2643123609375 0.5362369859375 0.194571503125 0.5234694609375 0.1769915984375 0.52193141875 0.1295373296875 0.5283668703125 0.076406059375 0.5599893203125 0.0330839 0.658149575 0.04470164375 0.723865321875 0.0692139 0.76130040625 0.13277132656249999 0.8090135515625001 0.1929455671875 0.8358445578125 0.25912024218749996 0.8337917484374999 0.2967877765625 0.814826525 0.2995562359375 0.783182890625
6 0.3271213953125 0.3605456109375 0.33045609531250003 0.32242981406250004 0.33160741875 0.252742103125 0.2804820640625 0.21572349375000002 0.2660783578125 0.2144633328125 0.14846744843749998 0.22201504062500002 0.0867398359375 0.2724912640625 0.0573335453125 0.33069670156250003 0.051545859375 0.3968502546875 0.0817606125 0.44850834375000004 0.1294446484375 0.4791480625 0.20527953906250002 0.48578275625 0.24421833906249998 0.47742594531250004 0.310073896875 0.419468528125 0.3271213953125 0.3605456109375
2 0.6109375 0.65078125 0.2375 0.1109375
2 0.47578125 0.77890625 0.1359375 0.1453125
2 0.5375 0.88671875 0.11875 0.0890625
2 0.63125 0.82265625 0.1875 0.0765625
2 0.58125 0.74140625 0.109375 0.0609375
2 0.7296875 0.7265625 0.203125 0.05625
2 0.825 0.709375 0.225 0.0578125
2 0.715625 0.8015625 0.1203125 0.071875
2 0.77578125 0.87109375 0.1515625 0.121875
2 0.75078125 0.93671875 0.0953125 0.08125
2 0.753125 0.428125 0.08125 0.065625
2 0.81484375 0.40546875 0.0765625 0.040625
2 0.77109375 0.33984375 0.071875 0.05
2 0.8 0.20546875 0.096875 0.078125
2 0.70859375 0.19609375 0.096875 0.0390625
2 0.59140625 0.1875 0.0859375 0.0640625
2 0.6328125 0.21328125 0.09375 0.0328125
2 0.60625 0.24921875 0.1125 0.034375
2 0.48125 0.28515625 0.065625 0.0421875
2 0.58984375 0.31953125 0.109375 0.05
2 0.5796875 0.43828125 0.0671875 0.0671875
2 0.50625 0.4125 0.04375 0.040625
2 0.57890625 0.371875 0.075 0.05
2 0.68125 0.36640625 0.134375 0.059375
0 0.18515625 0.5734375 0.128125 0.0734375
0 0.134375 0.6625 0.071875 0.05
0 0.15859375 0.78046875 0.1171875 0.0625
0 0.2828125 0.7328125 0.05625 0.046875
4 0.16171875 0.63046875 0.0984375 0.0609375
4 0.19453125 0.69609375 0.0703125 0.059375
4 0.19921875 0.75390625 0.0625 0.05625
4 0.26015625 0.68671875 0.0796875 0.0640625
4 0.2640625 0.59375 0.04375 0.04375
4 0.1046875 0.721875 0.04375 0.0546875
8 0.671875 0.31328125 0.084375 0.053125
8 0.61171875 0.33359375 0.0875 0.040625
8 0.465625 0.34296875 0.0890625 0.0421875
8 0.53125 0.371875 0.0625 0.0390625
8 0.52109375 0.40234375 0.11875 0.046875
8 0.68828125 0.36328125 0.06875 0.0296875
8 0.6875 0.3921875 0.0734375 0.03125
8 0.62109375 0.3828125 0.0578125 0.0484375
8 0.71171875 0.45625 0.1046875 0.0421875
8 0.68671875 0.46640625 0.0640625 0.0609375
8 0.81328125 0.44140625 0.078125 0.053125
8 0.86171875 0.36953125 0.0703125 0.0515625
8 0.79765625 0.36953125 0.103125 0.040625
8 0.83828125 0.3125 0.084375 0.0734375
8 0.79375 0.27421875 0.075 0.0515625
8 0.7390625 0.28359375 0.0703125 0.078125
8 0.69296875 0.2234375 0.0765625 0.046875
8 0.6171875 0.22734375 0.0796875 0.0359375
8 0.60546875 0.275 0.065625 0.046875
8 0.540625 0.26328125 0.0640625 0.0453125