6 0.14716218125 0.19753451718749998 0.1445334234375 0.2124429390625 0.144774965625 0.34210760625000003 0.1650369421875 0.43527680625 0.245228140625 0.5653650453125 0.35354234687499997 0.5809501765625 0.46269211875 0.5018157921874999 0.5105935968749999 0.4382335828125 0.5465242453125 0.2232131515625 0.5158023953125 0.11063166093750001 0.4859097390625 0.056439571875000004 0.23937281562499998 0.0129684609375 0.16712056875 0.11415100468749999 0.14716218125 0.19753451718749998
6 1 0.24451727812500001 0.982056175 0.18660679375 0.9217038859375 0.1127204921875 0.83842810625 0.0900391984375 0.8063400796875 0.0843812140625 0.757730428125 0.09786189687499999 0.621598928125 0.279403071875 0.6093030328125 0.312019484375 0.58995538125 0.42174546875 0.5827813390625 0.46580576249999994 0.6023215796875 0.5518205265625 0.6419958734375 0.6080063906250001 0.692848253125 0.6345409734375 0.764495984375 0.6331200531250001 0.8498461125000001 0.5989793671875 0.9075461671875 0.552936053125 0.9618188625 0.486963675 0.9979983109375 0.40550341718749994 1 0.39600611875 1 0.24451727812500001
6 0.5155575625 0.7379490390625 0.49676030468750004 0.8063117484375001 0.49369592500000004 0.8236907062500001 0.4959709765625 0.8715252843749999 0.5228423984375 0.9272104515624999 0.6168533484375 0.9789229875000001 0.6833315796874999 0.9730769578125 0.7227605968749999 0.9519206609375 0.775831575 0.8927635625000001 0.8078050109375001 0.8351567796875001 0.8115275171875 0.76905500625 0.7959174015625 0.7298778796875001 0.76463546875 0.7243620296875 0.5623782 0.691744184375 0.5155575625 0.7379490390625
6 0.2390066140625 0.6462018515625 0.197673003125 0.6939062734375 0.195162271875 0.7081453390625 0.19243477656250002 0.8259668781249999 0.23733900624999998 0.8918588906249999 0.292760028125 0.9262262203124999 0.3581574171875 0.9377575437500001 0.41225232187499994 0.912160065625 0.446931384375 0.867327909375 0.46015027656249996 0.7923598453125 0.45521900625 0.752840875 0.40322182343749996 0.682184596875 0.3460089140625 0.6600664984375 0.30832879687500003 0.6534224765625 0.2390066140625 0.6462018515625
2 0.66015625 0.403125 0.1296875 0.24375
2 0.77578125 0.5484375 0.1546875 0.146875
2 0.88828125 0.49609375 0.0984375 0.125
2 0.8328125 0.39765625 0.0921875 0.190625
2 0.74765625 0.43984375 0.06875 0.1125
2 0.7453125 0.29140625 0.0734375 0.203125
2 0.7375 0.19453125 0.0765625 0.225
2 0.81875 0.3109375 0.08125 0.125
2 0.89375 0.2578125 0.1328125 0.159375
2 0.95625 0.2875 0.0875 0.1
2 0.45078125 0.24140625 0.071875 0.0859375
2 0.4328125 0.178125 0.046875 0.078125
2 0.36484375 0.215625 0.0546875 0.075
2 0.2328125 0.175 0.084375 0.1015625
2 0.215625 0.265625 0.046875 0.0984375
2 0.19609375 0.38125 0.0703125 0.090625
2 0.2265625 0.34296875 0.040625 0.0953125
2 0.259375 0.37265625 0.04375 0.1140625
2 0.284375 0.5 0.0484375 0.06875
2 0.328125 0.3953125 0.0578125 0.1109375
2 0.4453125 0.41484375 0.071875 0.071875
2 0.41328125 0.48671875 0.04375 0.046875
2 0.3796875 0.41015625 0.05625 0.078125
2 0.38203125 0.3078125 0.0703125 0.1375
0 0.54609375 0.81953125 0.0828125 0.1328125
0 0.6296875 0.878125 0.0546875 0.075
0 0.75 0.86484375 0.071875 0.1203125
0 0.71328125 0.73671875 0.05 0.059375
4 0.6 0.8484375 0.06875 0.1015625
4 0.66875 0.821875 0.0640625 0.0734375
4 0.7265625 0.821875 0.0609375 0.065625
4 0.66484375 0.75546875 0.0703125 0.084375
4 0.57265625 0.74296875 0.046875 0.046875
4 0.68671875 0.91328125 0.0578125 0.046875
8 0.32890625 0.3125 0.0609375 0.0875
8 0.34375 0.37421875 0.046875 0.0890625
8 0.340625 0.5203125 0.0484375 0.090625
8 0.375 0.45703125 0.04375 0.0640625
8 0.4046875 0.4703125 0.05625 0.1203125
8 0.38046875 0.30078125 0.034375 0.0703125
8 0.409375 0.30390625 0.0375 0.075
8 0.39375 0.36953125 0.053125 0.0609375
8 0.475 0.28515625 0.05 0.10625
8 0.4828125 0.3109375 0.065625 0.06875
8 0.46875 0.1828125 0.059375 0.08125
8 0.4015625 0.128125 0.05625 0.0734375
8 0.3953125 0.1921875 0.0484375 0.1046875
8 0.3421875 0.146875 0.0796875 0.0890625
8 0.3 0.18828125 0.0578125 0.078125
8 0.3046875 0.24296875 0.0828125 0.0765625
8 0.24140625 0.28359375 0.053125 0.0796875
8 0.23828125 0.359375 0.0421875 0.0828125
8 0.284375 0.37578125 0.053125 0.06875
8 0.26796875 0.4390625 0.05 0.0671875