6 0.7223218859375 1 0.796875 0.8841145828125001 0.85546875 0.7174479171875 0.8359375 0.41796875 0.78515625 0.22265625 0.7099609375 0.09635416718749999 0.5966796875 0.013020832812499999 0.3232421875 0.0052083328125 0.2802734375 0.010416667187500001 0.2431640625 0.03125 0.1650390625 0.09895833281250001 0.10546875 0.18359375 0.06640625 0.2669270828125 0.052734375 0.3450520828125 0.048828125 0.6341145828125 0.064453125 0.7799479171875 0.107421875 0.8841145828125001 0.1853779125 1 0.7223218859375 1
5 0.50859375 0.13359375 0.0875 0.11875
5 0.409375 0.1109375 0.1 0.125
5 0.37734375 0.24609375 0.10078125 0.1265625
5 0.3046875 0.19921875 0.059375 0.15625
5 0.22578125 0.2234375 0.09296875 0.1390625
5 0.15625 0.34453125 0.07734375 0.11796875
5 0.278125 0.3609375 0.08671875 0.1265625
5 0.1609375 0.48125 0.08515625 0.1203125
5 0.12734375 0.625 0.0859375 0.1265625
5 0.17265625 0.7703125 0.08828125 0.12578125
5 0.246875 0.67890625 0.0828125 0.0984375
5 0.265625 0.565625 0.090625 0.13828125
5 0.32734375 0.675 0.08359375 0.12109375
5 0.2765625 0.8765625 0.09296875 0.1265625
5 0.38671875 0.86328125 0.0890625 0.13046875
5 0.4375 0.78203125 0.1015625 0.12265625
5 0.46484375 0.69375 0.0984375 0.13671875
5 0.56328125 0.66796875 0.1046875 0.1328125
5 0.5984375 0.78828125 0.11484375 0.13984375
5 0.71171875 0.678125 0.10625 0.10234375
5 0.7140625 0.5234375 0.09609375 0.13671875
5 0.5875 0.52265625 0.0984375 0.12578125
5 0.471875 0.51328125 0.10078125 0.1265625
5 0.39296875 0.4796875 0.096875 0.1328125
5 0.4796875 0.3359375 0.08828125 0.13671875
5 0.57109375 0.334375 0.0953125 0.11796875
5 0.70546875 0.365625 0.08984375 0.1265625
5 0.64921875 0.2140625 0.0828125 0.12265625