6 1 0.3093401703125 0.99316850625 0.2934852421875 0.9339973734375 0.208710771875 0.8560523906249999 0.14061998125 0.7772587093750001 0.093060765625 0.7009907875 0.0712975 0.41392011562500003 0.0371973890625 0.2672524140625 0.037493059375 0.159164928125 0.069338040625 0.037290876562500005 0.1339451953125 0 0.488744190625 0 0.685099715625 0.0870974515625 0.7550142703125 0.244864046875 0.8298253484375 0.25722219062499996 0.8311242421875 0.5466065453125 0.8425882890624999 0.7461571890625 0.8125009390625 0.8796274265624999 0.7509197171875 0.9743453671875001 0.6469697390625 1 0.4556290625 1 0.3093401703125
5 0.86328125 0.546875 0.1265625 0.1
5 0.89609375 0.45078125 0.134375 0.1125
5 0.765625 0.4046875 0.1359375 0.1140625
5 0.81953125 0.3375 0.1609375 0.075
5 0.80390625 0.25625 0.15 0.10625
5 0.690625 0.17421875 0.125 0.090625
5 0.66171875 0.29375 0.1359375 0.1
5 0.55390625 0.16484375 0.1265625 0.096875
5 0.41484375 0.11640625 0.1328125 0.0984375
5 0.265625 0.14609375 0.134375 0.1015625
5 0.3484375 0.2296875 0.10625 0.090625
5 0.459375 0.26015625 0.146875 0.1046875
5 0.34375 0.31015625 0.1296875 0.0953125
5 0.14921875 0.23828125 0.1375 0.10625
5 0.15078125 0.34921875 0.1390625 0.1015625
5 0.22578125 0.40859375 0.1328125 0.1125
5 0.3109375 0.44453125 0.146875 0.1125
5 0.3265625 0.5453125 0.14375 0.11875
5 0.203125 0.56796875 0.15 0.1296875
5 0.30078125 0.6921875 0.1140625 0.1171875
5 0.4546875 0.71015625 0.146875 0.1109375
5 0.46796875 0.584375 0.1359375 0.1125
5 0.48984375 0.4703125 0.1359375 0.1125
5 0.53125 0.3953125 0.14375 0.1109375
5 0.665625 0.496875 0.1453125 0.1015625
5 0.65703125 0.58828125 0.128125 0.1078125
5 0.6125 0.71875 0.134375 0.1015625
5 0.76875 0.678125 0.1296875 0.0953125