6 0.48223979375 0 0.2177733703125 0.03247239375 0.15863886562500001 0.155045846875 0.1212349515625 0.325597725 0.1227493265625 0.33793131718749997 0.17667641875 0.6224776203125 0.250881759375 0.8101456125000001 0.340908928125 0.9263422562500001 0.4635015765625 0.995248925 0.7358530187500001 0.9696795421875001 0.77786675 0.95927345625 0.8121605734375 0.9340729171875 0.8814516703124999 0.8573482296874999 0.9302634921875 0.766083878125 0.9588790484375 0.6786111781249999 0.962927971875 0.5994023265624999 0.9315772484375 0.312018403125 0.898296103125 0.169176296875 0.8429529125 0.071022646875 0.7813688828124999 0 0.48223979375 0
5 0.5359375 0.86484375 0.1015625 0.128125
5 0.6375 0.875 0.1140625 0.1359375
5 0.65234375 0.73671875 0.115625 0.1375
5 0.73046875 0.775 0.078125 0.1625
5 0.80625 0.74140625 0.109375 0.1515625
5 0.86015625 0.6125 0.0921875 0.1265625
5 0.7375 0.6109375 0.103125 0.1375
5 0.8390625 0.47734375 0.0984375 0.128125
5 0.8546875 0.33046875 0.1 0.134375
5 0.7921875 0.1921875 0.103125 0.134375
5 0.7296875 0.29140625 0.0921875 0.1078125
5 0.725 0.40625 0.10625 0.146875
5 0.65 0.30546875 0.096875 0.13125
5 0.67578125 0.09921875 0.109375 0.1390625
5 0.56796875 0.12578125 0.1046875 0.1390625
5 0.52734375 0.2125 0.1140625 0.134375
5 0.5109375 0.303125 0.1140625 0.1484375
5 0.41640625 0.340625 0.1203125 0.1453125
5 0.3671875 0.22578125 0.13125 0.1515625
5 0.26796875 0.34921875 0.11875 0.115625
5 0.284375 0.503125 0.1125 0.1484375
5 0.41015625 0.48828125 0.1140625 0.1375
5 0.5265625 0.48359375 0.1140625 0.1375
5 0.60859375 0.50703125 0.1125 0.1453125
5 0.53984375 0.66015625 0.103125 0.146875
5 0.45 0.6734375 0.109375 0.1296875
5 0.3125 0.65859375 0.103125 0.134375
5 0.38671875 0.80234375 0.096875 0.13125