6 0.2119140625 0 0.0947265625 0.078125 0.0078125 0.1728515625 0 0.1826171875 0 0.8505859375 0.046875 0.9189453125 0.0986328125 0.96484375 0.1513671875 1 0.8349609375 1 0.8974609375 0.962890625 1 0.8603515625 1 0.1669921875 0.9423828125 0.09765625 0.8271484375 0.01171875 0.7958984375 0 0.2119140625 0
3 0.11796875 0.38984375 0.17421875 0.24375
3 0.3375 0.496875 0.2234375 0.21484375
3 0.340625 0.16484375 0.20390625 0.21796875
3 0.596875 0.175 0.2734375 0.24375
3 0.82734375 0.153125 0.16171875 0.184375
3 0.86875 0.509375 0.196875 0.2234375
3 0.634375 0.43515625 0.2203125 0.23125
3 0.56640625 0.6734375 0.209375 0.16875
3 0.25078125 0.82578125 0.196875 0.21484375
3 0.68359375 0.88046875 0.184375 0.18984375
3 0.8421875 0.72421875 0.17421875 0.18671875