6 0.1396484375 0 0.037109375 0.1025390625 0 0.1650390625 0 0.8486328125 0.03515625 0.9013671875 0.0810546875 0.953125 0.1494140625 1 0.8173828125 1 0.8271484375 0.9921875 0.921875 0.9052734375 1 0.7880859375 1 0.2041015625 0.98828125 0.1728515625 0.90234375 0.0576171875 0.8330078125 0 0.1396484375 0
3 0.61015625 0.88203125 0.24375 0.1734375
3 0.503125 0.6625 0.215625 0.225
3 0.83515625 0.659375 0.2171875 0.203125
3 0.825 0.403125 0.24375 0.275
3 0.846875 0.17265625 0.184375 0.1609375
3 0.490625 0.13125 0.225 0.196875
3 0.56484375 0.365625 0.23125 0.21875
3 0.3265625 0.43359375 0.16875 0.209375
3 0.17421875 0.74921875 0.2140625 0.196875
3 0.11953125 0.31640625 0.1890625 0.184375
3 0.27578125 0.1578125 0.1859375 0.175