6 0.4737961171875 0 0.1320916125 0.035914590625 0.1231961125 0.044705078125 0.038073465625000004 0.14104463750000001 0 0.21359445937500002 0 0.5262038921875 0.0336688609375 0.84654170625 0.0485899296875 0.8763955734375 0.1461019265625 0.9820157671875 0.1730415484375 1 0.5262038890625 1 0.9106417499999999 0.959593953125 1 0.8492457046874999 1 0.473796109375 0.9608188953125 0.10101280312500001 0.9203429921874999 0.052242140625 0.8692858265625001 0.00556555625 0.859009265625 0 0.4737961171875 0
3 0.35078125 0.13125 0.2609375 0.1984375
3 0.4796875 0.3390625 0.2375 0.246875
3 0.15 0.3765625 0.2375 0.225
3 0.18671875 0.63046875 0.271875 0.2984375
3 0.1890625 0.86171875 0.2 0.1796875
3 0.54765625 0.865625 0.24375 0.21875
3 0.44921875 0.640625 0.253125 0.2421875
3 0.6796875 0.54765625 0.1890625 0.2265625
3 0.79765625 0.21796875 0.2328125 0.21875
3 0.896875 0.6421875 0.20625 0.203125
3 0.75859375 0.8171875 0.203125 0.19375