6 0.8056640625 1 0.9052734375 0.9609375 1 0.9072265625 0.9990234375 0.220703125 0.9052734375 0.173828125 0.8232421875 0.146484375 0.5439453125 0.08984375 0.1748046875 0.140625 0.0048828125 0.220703125 0 0.8837890625 0.1552734375 1 0.8056640625 1
8 0.44453125 0.69921875 0.12421875 0.09765625
8 0.09375 0.73984375 0.10625 0.0984375
8 0.15 0.5765625 0.08515625 0.0640625
8 0.18359375 0.290625 0.06640625 0.053125
8 0.9015625 0.47109375 0.13046875 0.08515625
8 0.88359375 0.55546875 0.14140625 0.0859375
8 0.55546875 0.528125 0.059375 0.07109375
8 0.6328125 0.5625 0.0953125 0.06953125
8 0.85859375 0.29296875 0.06875 0.04140625
8 0.49609375 0.36875 0.06796875 0.059375
8 0.53828125 0.40703125 0.07890625 0.06328125
2 0.33046875 0.296875 0.23828125 0.22421875
2 0.14375 0.3640625 0.1703125 0.09140625
2 0.09296875 0.28125 0.08828125 0.1046875
2 0.06015625 0.49453125 0.109375 0.2234375
2 0.1546875 0.47578125 0.1125 0.0578125
2 0.2453125 0.5265625 0.11875 0.10625
2 0.26171875 0.65078125 0.13203125 0.21640625
2 0.1734375 0.83125 0.09375 0.24921875
2 0.09140625 0.67265625 0.1828125 0.07734375
2 0.40546875 0.603125 0.16015625 0.09765625
2 0.39375 0.478125 0.18671875 0.13046875
2 0.51953125 0.25625 0.1359375 0.14375
2 0.51015625 0.103125 0.0859375 0.06640625
2 0.621875 0.17734375 0.13828125 0.10625
2 0.79140625 0.2171875 0.18671875 0.084375
2 0.7015625 0.28046875 0.10703125 0.07421875
2 0.73046875 0.3890625 0.2640625 0.12734375
2 0.68359375 0.459375 0.21015625 0.1125
2 0.75390625 0.54140625 0.16953125 0.13046875
2 0.96484375 0.59765625 0.0703125 0.0625
2 0.98046875 0.33828125 0.03828125 0.04765625
2 0.75625 0.675 0.0671875 0.06328125
2 0.48515625 0.78671875 0.05390625 0.065625