6 1 0.273005225 0.87207305 0.18918744062499998 0.513592259375 0.08752594531249999 0.22913063125000002 0.1047447359375 0.14409218906250001 0.120405834375 0.04473081875 0.153777171875 0 0.468801359375 0 0.8732942390625 0.034547737499999995 0.8998551156250001 0.12448914687499998 0.950561321875 0.4762636203125 1 0.8498392421875 1 0.941748103125 0.9494471921875001 1 0.5115926515625 1 0.273005225
8 0.52734375 0.7046875 0.1359375 0.1140625
8 0.86875 0.79375 0.11875 0.1125
8 0.8359375 0.62421875 0.0921875 0.0765625
8 0.8421875 0.33671875 0.0734375 0.0625
8 0.10625 0.415625 0.1421875 0.103125
8 0.1125 0.5015625 0.153125 0.1046875
8 0.44140625 0.5203125 0.06875 0.0796875
8 0.36015625 0.54375 0.10625 0.08125
8 0.1734375 0.2453125 0.0734375 0.0515625
8 0.521875 0.3703125 0.075 0.06875
8 0.475 0.40234375 0.0875 0.075
2 0.69609375 0.32265625 0.26875 0.25625
2 0.871875 0.41484375 0.1796875 0.1125
2 0.93359375 0.33984375 0.103125 0.1171875
2 0.9328125 0.55546875 0.134375 0.2359375
2 0.8453125 0.52421875 0.11875 0.0734375
2 0.7484375 0.56171875 0.1328125 0.121875
2 0.71484375 0.6828125 0.1625 0.2328125
2 0.7765625 0.87109375 0.128125 0.2578125
2 0.88046875 0.728125 0.1921875 0.1015625
2 0.57890625 0.615625 0.1734375 0.11875
2 0.60859375 0.49296875 0.2046875 0.15625
2 0.51484375 0.25625 0.1546875 0.1609375
2 0.5453125 0.10546875 0.09375 0.0765625
2 0.42421875 0.16328125 0.1515625 0.125
2 0.25078125 0.1796875 0.1953125 0.109375
2 0.33125 0.2546875 0.115625 0.0875
2 0.2875 0.3578125 0.2796875 0.1640625
2 0.32421875 0.434375 0.225 0.140625
2 0.24296875 0.50546875 0.1859375 0.1515625
2 0.03203125 0.53125 0.0640625 0.071875
2 0.046875 0.27265625 0.0453125 0.053125
2 0.221875 0.6375 0.0765625 0.071875
2 0.475 0.7859375 0.0640625 0.071875