6 0.13387468125 0 0.11663251562500002 0.0208765359375 0.0628182875 0.10899353437499999 0 0.4652537453125 0 0.8557310749999999 0.0354098125 0.9257935203125 0.47516726406250004 1 0.714786784375 1 0.7976380578125 0.88269359375 0.9117484234375001 0.5279791171875 0.904467690625 0.24308984687500002 0.8917839296875 0.15755664375 0.861900584375 0.057091159375 0.5407922046875 0 0.13387468125 0
8 0.29453125 0.5203125 0.11875 0.1390625
8 0.19296875 0.85859375 0.115625 0.121875
8 0.3640625 0.83125 0.0796875 0.09375
8 0.6515625 0.84765625 0.0640625 0.075
8 0.5984375 0.109375 0.1078125 0.14375
8 0.51171875 0.1125 0.109375 0.1546875
8 0.48203125 0.440625 0.08125 0.0703125
8 0.46171875 0.35859375 0.084375 0.1078125
8 0.76640625 0.1828125 0.053125 0.075
8 0.62890625 0.5265625 0.0703125 0.0765625
8 0.5984375 0.478125 0.0765625 0.0890625
2 0.6703125 0.70234375 0.2625 0.275
2 0.571875 0.87421875 0.11875 0.18125
2 0.64453125 0.9390625 0.1203125 0.10625
2 0.42890625 0.93046875 0.2390625 0.1390625
2 0.4640625 0.84453125 0.0765625 0.1203125
2 0.4296875 0.74609375 0.125 0.1359375
2 0.31015625 0.70859375 0.2375 0.16875
2 0.12421875 0.76328125 0.2484375 0.1359375
2 0.259375 0.87265625 0.1078125 0.19375
2 0.38203125 0.575 0.1234375 0.175
2 0.503125 0.60859375 0.1625 0.2078125
2 0.74375 0.5234375 0.165625 0.159375
2 0.89296875 0.55859375 0.0796875 0.0953125
2 0.8390625 0.4359375 0.128125 0.153125
2 0.82890625 0.2625 0.115625 0.1984375
2 0.7515625 0.33984375 0.090625 0.1171875
2 0.64921875 0.2921875 0.171875 0.2828125
2 0.571875 0.3265625 0.146875 0.2265625
2 0.503125 0.24296875 0.1578125 0.190625
2 0.48359375 0.03203125 0.0734375 0.0640625
2 0.74296875 0.0546875 0.0546875 0.046875
2 0.371875 0.2171875 0.0734375 0.078125
2 0.21484375 0.46484375 0.0734375 0.065625