6 1 0.3162288875 0.9860871843749999 0.29341844375 0.9432670984374999 0.2334780796875 0.8871046796875 0.185551209375 0.8570219109374999 0.16246077812499998 0.7826921453125 0.1253166296875 0.5523265125 0.0799949875 0.5090077749999999 0.0855479703125 0.4642496828125 0.08124649218749999 0.43643231406250005 0.089567671875 0.3957795546875 0.0815697359375 0.3681666234375 0.08599001875 0.3340890328125 0.10180633593749999 0.2708569375 0.11413892656249999 0.2185097828125 0.1426884140625 0.153020584375 0.16077012968749999 0.1430680515625 0.18274030000000002 0.0941107 0.2212464671875 0.09155108749999999 0.25142730625 0.07625415625000001 0.2447582125 0.0635209859375 0.22648864687499998 0.04781518125 0.2276213453125 0.04124830625 0.240967828125 0.0303675125 0.2433312984375 0.011382415625 0.26971760625 0.0021827359375000003 0.44525795468749996 0.007931862500000001 0.44751505781249995 0.0016716421875000002 0.4550101953125 0.0091667796875 0.46127041562500004 0.0010583312500000001 0.46671288593750004 0.0061941453125 0.4806726796875 0.0001383625 0.4842669203125 0.0054952015625000005 0.568647290625 0.12347939062499999 0.724449690625 0.1963656546875 0.7331590109375 0.1747104328125 0.7545158703125 0.1195867875 0.7614059890625 0.1099409109375 0.7775248171875 0.165588090625 0.8166235609375001 0.22277269687499998 0.8450459484374999 0.35766858125 0.883408428125 0.4382707640625 0.89105526875 0.501660334375 0.894377375 0.5237633421875 0.8862456703125 0.6122490468749999 0.8771923718749999 0.656078878125 0.8618871468749999 0.6873882703125 0.8615721984375 0.7298809640624999 0.8344620656249999 0.7815125890625 0.819565715625 0.808095040625 0.797489178125 0.8682439890625 0.769348565625 0.8972879812500001 0.7376220046874999 0.9263361218749999 0.7244758140625 0.9933503078125 0.6399766375 1 0.513092959375 1 0.3162288875
3 0.5171875 0.465625 0.7828125 0.575
0 0.51484375 0.73359375 0.0875 0.0953125
0 0.63515625 0.64921875 0.09375 0.0953125
0 0.66875 0.48203125 0.0828125 0.0984375
0 0.815625 0.45546875 0.090625 0.0546875
0 0.965625 0.51328125 0.059375 0.05625
0 0.94765625 0.29375 0.071875 0.071875
0 0.74921875 0.24140625 0.059375 0.0671875
0 0.65078125 0.1890625 0.0765625 0.046875
0 0.53671875 0.2375 0.090625 0.0546875
0 0.43359375 0.41796875 0.06875 0.05625
0 0.30859375 0.29296875 0.06875 0.090625
0 0.35546875 0.2078125 0.0625 0.05
0 0.44609375 0.21484375 0.053125 0.059375