6 1 0.2958984375 0.982421875 0.2685546875 0.9716796875 0.265625 0.9658203125 0.251953125 0.9501953125 0.25 0.9365234375 0.267578125 0.9208984375 0.2734375 0.919921875 0.2431640625 0.873046875 0.2021484375 0.8642578125 0.1796875 0.7998046875 0.158203125 0.7490234375 0.126953125 0.6865234375 0.111328125 0.6533203125 0.09375 0.6259765625 0.087890625 0.5849609375 0.09375 0.5576171875 0.083984375 0.5126953125 0.0859375 0.4697265625 0.078125 0.2373046875 0.111328125 0.1611328125 0.14453125 0.1298828125 0.166015625 0.0712890625 0.2109375 0.025390625 0.2685546875 0 0.3056640625 0 0.6142578125 0.0625 0.7021484375 0.0908203125 0.716796875 0.1181640625 0.75 0.1767578125 0.78125 0.2021484375 0.8046875 0.2529296875 0.822265625 0.2939453125 0.8515625 0.3251953125 0.853515625 0.3681640625 0.87109375 0.4560546875 0.884765625 0.4833984375 0.896484375 0.6220703125 0.890625 0.7587890625 0.859375 0.8173828125 0.833984375 0.875 0.7978515625 0.8662109375 0.78125 0.8115234375 0.771484375 0.791015625 0.7490234375 0.8642578125 0.744140625 0.990234375 0.5947265625 1 0.5107421875 0.994140625 0.5068359375 1 0.4931640625 0.9921875 0.4873046875 1 0.4814453125 0.994140625 0.4736328125 1 0.4716796875 1 0.2958984375
3 0.484375 0.46484375 0.75625 0.53671875
0 0.47265625 0.7328125 0.0828125 0.0890625
0 0.35703125 0.6421875 0.08984375 0.090625
0 0.33203125 0.4734375 0.078125 0.09453125
0 0.1875 0.4390625 0.08828125 0.04921875
0 0.034375 0.4890625 0.0578125 0.0515625
0 0.0640625 0.2703125 0.06953125 0.06875
0 0.26484375 0.22890625 0.05625 0.06328125
0 0.365625 0.18125 0.07578125 0.04453125
0 0.47734375 0.2359375 0.0875 0.05078125
0 0.5703125 0.421875 0.065625 0.05390625
0 0.70234375 0.303125 0.0640625 0.0890625
0 0.659375 0.215625 0.059375 0.04765625
0 0.56875 0.21796875 0.0515625 0.05625