6 0.47613676875 0 0.47486234843749997 0.005779584375 0.46648017499999994 0.0007689359374999999 0.46146952656250007 0.009151109374999999 0.454825621875 0.001993878125 0.44184111406250004 0.00925025625 0.4373437921875 0.00383129375 0.354840278125 0.022322178125 0.2194128578125 0.16322665 0.2222126859375 0.236578003125 0.19773114218750001 0.2185303421875 0.18230261406249998 0.1651632109375 0.1648732890625 0.15815763124999999 0.134961053125 0.21923609375000003 0.115834234375 0.2801629046875 0.0990464265625 0.419399209375 0.104102690625 0.5002052765625 0.1107377984375 0.5633341078125 0.12222706093749999 0.5838929109375 0.1450111125 0.6698729625000001 0.1669844 0.7107689109375 0.1721933390625 0.7416435625 0.20561702343750002 0.7793721421875001 0.228406940625 0.8280377937500001 0.254370090625 0.8508394390625 0.2915736140625 0.9058456921875001 0.3274530484375 0.9295689796875 0.34498151875 0.956202971875 0.4226546546875 1 0.5262038875 1 0.745826940625 0.9769166874999999 0.7800789828125 0.9477861687500001 0.8325828453125 0.89611653125 0.87113391875 0.8331481500000001 0.8892340859375001 0.7998236125 0.914293190625 0.7205983421875 0.923019725 0.48597902812499993 0.9107585640625 0.44406229374999995 0.9080053749999999 0.3991823484375 0.8954350468750001 0.373009175 0.8969750234375 0.3316057671875 0.8882895468750001 0.3050242796875 0.8673370453125001 0.273840459375 0.8452646125 0.2133160984375 0.8088777171875 0.1660795484375 0.7807738484375 0.1042252328125 0.7575172484375 0.097832125 0.7118265390625 0.0555012109375 0.6816168640625 0.057694434375000006 0.6858108828125 0.0415425578125 0.7018636140625001 0.026108165625000002 0.69828793125 0.0107729171875 0.6840784796875 0.006374740625 0.6815988234375 0 0.47613676875 0
3 0.53671875 0.51171875 0.6125 0.8078125
0 0.27109375 0.5515625 0.0984375 0.0921875
0 0.3734375 0.65703125 0.1 0.0984375
0 0.54375 0.6640625 0.1015625 0.0875
0 0.59296875 0.8046875 0.059375 0.0921875
0 0.559375 0.96171875 0.059375 0.0609375
0 0.77421875 0.909375 0.075 0.075
0 0.79453125 0.70546875 0.0703125 0.0625
0 0.83125 0.6 0.0515625 0.0796875
0 0.76484375 0.4953125 0.059375 0.0921875
0 0.5703125 0.421875 0.059375 0.0703125
0 0.675 0.278125 0.09375 0.0734375
0 0.76640625 0.31171875 0.053125 0.0640625
0 0.7734375 0.40234375 0.0609375 0.05625