6 0.522251309375 1 0.60863874375 0.958984375 0.6452879578124999 0.95703125 0.67277486875 0.9228515625 0.7120418843749999 0.9033203125 0.7552356015624999 0.859375 0.8416230359375 0.810546875 0.9096858640625 0.796875 0.928010471875 0.77734375 0.9947643984375001 0.7490234375 1 0.2236328125 0.990837696875 0.076171875 0.7159685859375 0.078125 0.6897905765625 0.0859375 0.67146596875 0.080078125 0.5379581156250001 0.08203125 0.39136125625 0.05859375 0.24738219843749998 0.072265625 0.1819371734375 0.0859375 0.0903141359375 0.12890625 0.0052356015625 0.1533203125 0.0026178015625 0.6923828125 0.039267015625 0.7197265625 0.0942408375 0.8095703125 0.11518324531249999 0.8642578125 0.133507853125 0.8837890625 0.15968586406250002 0.9755859375 0.1819371734375 1 0.522251309375 1
8 0.74375 0.2796875 0.334375 0.19921875
8 0.73203125 0.571875 0.278125 0.22890625
8 0.89375 0.5828125 0.2125 0.26953125
8 0.36796875 0.52109375 0.36875 0.28515625
8 0.42109375 0.78984375 0.40703125 0.2953125
8 0.23125 0.31484375 0.26328125 0.190625
8 0.0671875 0.478125 0.134375 0.265625
2 0.15078125 0.41875 0.140625 0.15859375
2 0.06796875 0.2984375 0.1359375 0.1171875
2 0.48125 0.30703125 0.19921875 0.12265625
2 0.71328125 0.41484375 0.3125 0.06796875
2 0.85078125 0.50625 0.16171875 0.09453125
2 0.503125 0.70390625 0.2359375 0.065625
2 0.559375 0.88671875 0.23203125 0.14296875
2 0.4015625 0.9546875 0.1546875 0.08984375