6 1 0.542122471875 0.9938097140625001 0.4388131140625 0.9735760093750001 0.14945765625000001 0.9594312078125 0.04281458125 0.6853679078125 0.0639368484375 0.6597986375 0.073556403125 0.641109940625 0.0689895609375 0.5080635484375 0.080250965625 0.3601888734375 0.0670966375 0.21751424218749998 0.0907786796875 0.153182340625 0.108982465625 0.064779840625 0.15823784531250001 0 0.18183026875 0 0.47121481562499995 0.0166032671875 0.7264591953124999 0.055070609375 0.7511798171875 0.1161777015625 0.83696993125 0.1408839015625 0.890063346875 0.160526303125 0.9082687609375 0.193043971875 0.9980159375 0.1951235484375 1 0.49506102656250006 1 0.5592064609375 0.9955145140624999 0.6397451578125 0.9501374453125001 0.6761688515625 0.9456325578125 0.701204553125 0.9096187406249999 0.7390134859375 0.8873959390625 0.779036515625 0.840544634375 0.8618074359375001 0.7858093687500001 0.9287507640625 0.767422975 0.9456683031249999 0.7466610421875 1 0.7189907328125 1 0.542122471875
8 0.728125 0.26328125 0.346875 0.2234375
8 0.73671875 0.55546875 0.29375 0.246875
8 0.89140625 0.55546875 0.2171875 0.2828125
8 0.36953125 0.53046875 0.3875 0.3109375
8 0.44140625 0.79453125 0.428125 0.3234375
8 0.21875 0.334375 0.275 0.2078125
8 0.07109375 0.5078125 0.1421875 0.275
2 0.14609375 0.44296875 0.1515625 0.16875
2 0.06328125 0.328125 0.1265625 0.125
2 0.46796875 0.30859375 0.2078125 0.1375
2 0.70703125 0.4 0.3171875 0.0890625
2 0.85 0.48203125 0.1671875 0.1046875
2 0.5171875 0.703125 0.2421875 0.0828125
2 0.5859375 0.88125 0.240625 0.1578125
2 0.4328125 0.9546875 0.159375 0.090625