6 0.32176560625 0 0.29670395781250003 0.0312525390625 0.2049963796875 0.0830573703125 0.1496113140625 0.10207845468750001 0.12945244218750002 0.11971026874999999 0.0367978890625 0.14266866875 0.01303198125 0.162856784375 0.0010112046875 0.5070867515625 0.0377211078125 0.5919274437500001 0.0383940046875 0.62862249375 0.07159359062500001 0.657285515625 0.08974254375 0.6972102421875 0.132153646875 0.741911315625 0.17793715000000002 0.829950203125 0.18922533749999998 0.8984487109374999 0.2081051703125 0.9174437859375001 0.2340785515625 0.9851454125 0.509234528125 0.99750034375 0.58081531875 1 0.9067880625000001 1 0.9142981296875 0.7299334546875 0.9074039890625001 0.7034987375 0.9138993140625 0.6853897843750001 0.9166067359375001 0.5518950968749999 0.9451461140624999 0.4062054953125 0.9365073640625001 0.2618370046875 0.9251278171875 0.19595470625 0.8853828406250001 0.1028878953125 0.8639528484375001 0.01700915 0.436412446875 0 0.32176560625 0
8 0.71171875 0.7515625 0.2109375 0.340625
8 0.4203125 0.7296875 0.2375 0.2859375
8 0.40234375 0.88984375 0.2765625 0.2203125
8 0.48359375 0.3671875 0.2984375 0.378125
8 0.21328125 0.4109375 0.309375 0.4171875
8 0.69453125 0.2375 0.2 0.26875
8 0.53671875 0.06953125 0.2703125 0.1390625
2 0.59375 0.15390625 0.1640625 0.146875
2 0.71640625 0.075 0.1203125 0.140625
2 0.69375 0.48828125 0.1296875 0.2046875
2 0.57734375 0.71640625 0.078125 0.3140625
2 0.48125 0.85 0.1 0.1640625
2 0.29609375 0.49609375 0.0734375 0.2390625
2 0.11171875 0.54609375 0.15 0.2359375
2 0.04921875 0.3859375 0.0953125 0.15625