6 0.10593357656249999 0 0.039266982812500004 0.029345860937500003 0 0.47816952968750004 0 0.9581655874999999 0.47816952500000004 1 0.9447794234375 1 0.959209296875 0.9880703375 1 0.5218304687499999 1 0.0418344125 0.5218304734375 0 0.10593357656249999 0
3 0.22265625 0.51796875 0.1640625 0.3296875
3 0.60546875 0.5859375 0.1671875 0.21875
3 0.67265625 0.15234375 0.171875 0.2859375
3 0.85234375 0.1609375 0.2234375 0.2140625
3 0.909375 0.509375 0.16875 0.234375
3 0.40625 0.4671875 0.128125 0.1796875
3 0.2859375 0.83671875 0.2140625 0.165625
3 0.04921875 0.58125 0.0984375 0.25
5 0.05234375 0.25703125 0.090625 0.2859375
5 0.20078125 0.18046875 0.115625 0.1890625
5 0.18046875 0.0265625 0.1109375 0.053125
5 0.2359375 0.325 0.125 0.09375
5 0.353125 0.10078125 0.1125 0.1625
5 0.49453125 0.1640625 0.1375 0.1671875
5 0.5046875 0.35 0.1359375 0.190625
5 0.328125 0.5078125 0.109375 0.153125
5 0.08125 0.88046875 0.115625 0.1515625
5 0.11796875 0.5796875 0.109375 0.1546875
5 0.18984375 0.759375 0.13125 0.1
5 0.28671875 0.9515625 0.1171875 0.071875
5 0.47578125 0.828125 0.1375 0.1921875
5 0.6828125 0.778125 0.15 0.1953125
5 0.77421875 0.56953125 0.1671875 0.2125
5 0.92734375 0.2890625 0.1453125 0.225
5 0.7703125 0.09609375 0.134375 0.1578125