6 0.049797978124999996 0 0 0.4737961140625 0 0.903291325 0.079666125 0.95857526875 0.4737961109375 1 0.9502020218749999 1 1 0.526203884375 1 0.0551075796875 0.9952231265625 0.0492959078125 0.52620389375 0 0.049797978124999996 0
3 0.23125 0.4296875 0.1703125 0.33125
3 0.61953125 0.4359375 0.1703125 0.2203125
3 0.60234375 0.86484375 0.1765625 0.2703125
3 0.78046875 0.8953125 0.2265625 0.209375
3 0.90390625 0.56875 0.171875 0.2359375
3 0.4015625 0.5140625 0.13125 0.18125
3 0.3546875 0.12890625 0.215625 0.16875
3 0.0671875 0.33203125 0.115625 0.2515625
5 0.03046875 0.65234375 0.0609375 0.2859375
5 0.1453125 0.75625 0.11875 0.190625
5 0.09375 0.92109375 0.1125 0.0890625
5 0.2078125 0.621875 0.1265625 0.096875
5 0.2796875 0.8640625 0.115625 0.1640625
5 0.43125 0.82890625 0.140625 0.16875
5 0.47578125 0.6484375 0.1390625 0.1921875
5 0.3328125 0.459375 0.1109375 0.1546875
5 0.16015625 0.0609375 0.1171875 0.121875
5 0.140625 0.34921875 0.1109375 0.15625
5 0.24453125 0.18671875 0.1328125 0.1015625
5 0.3765625 0.02578125 0.11875 0.0515625
5 0.5390625 0.1734375 0.140625 0.1953125
5 0.73203125 0.26171875 0.153125 0.196875
5 0.78203125 0.484375 0.1703125 0.2140625
5 0.89375 0.79140625 0.178125 0.228125
5 0.6875 0.93359375 0.1375 0.1328125