6 0.07129237031249999 0 0 0.1299029265625 0 1 0.9461903546875 1 1 0.9453988359375 1 0 0.07129237031249999 0
3 0.5421875 0.225 0.31953125 0.1359375
3 0.5765625 0.6125 0.20625 0.15
3 0.13828125 0.64140625 0.27421875 0.14921875
3 0.13125 0.82109375 0.196875 0.20703125
3 0.4734375 0.90859375 0.2203125 0.15
3 0.47578125 0.40390625 0.16953125 0.11484375
3 0.85390625 0.31640625 0.14921875 0.20234375
3 0.621875 0.05234375 0.24453125 0.090625
5 0.296875 0.0328125 0.28125 0.065625
5 0.2078125 0.17421875 0.18046875 0.1
5 0.0390625 0.13984375 0.078125 0.10546875
5 0.3484375 0.221875 0.084375 0.1171875
5 0.11484375 0.31875 0.1546875 0.0984375
5 0.165625 0.465625 0.15625 0.125
5 0.35 0.49140625 0.18125 0.1203125
5 0.52265625 0.3296875 0.14453125 0.09765625
5 0.915625 0.115625 0.14375 0.10390625
5 0.6125 0.1265625 0.14609375 0.09609375
5 0.78515625 0.21328125 0.0890625 0.12265625
5 0.96875 0.3265625 0.0625 0.11328125
5 0.82890625 0.5046875 0.18359375 0.1234375
5 0.7609375 0.70625 0.1859375 0.13359375
5 0.5453125 0.77890625 0.20078125 0.15
5 0.2515625 0.921875 0.21171875 0.15546875
5 0.07421875 0.734375 0.1484375 0.12109375