6 0.486907034375 0 0.145927240625 0.01786999375 0.048837790625 0.104124159375 0 0.1911088578125 0 0.3339618078125 0.026143629687499996 0.8328119781250001 0.042730924999999996 0.8867663515625 0.0940184390625 0.9662223125 0.126731621875 1 0.5054549890625 1 1 0.97353219375 1 0.49480985312500003 0.985971071875 0.22712195624999998 0.946125484375 0.141198934375 0.8352773062500001 0.0492179734375 0.7570632125000001 0 0.486907034375 0
3 0.2921875 0.5453125 0.2296875 0.2484375
3 0.4015625 0.41171875 0.215625 0.190625
3 0.59765625 0.43515625 0.215625 0.2265625
3 0.571875 0.21171875 0.221875 0.2234375
3 0.759375 0.26640625 0.1703125 0.190625
3 0.9203125 0.53125 0.159375 0.203125
3 0.92265625 0.671875 0.125 0.103125
3 0.78359375 0.6625 0.1578125 0.1515625
3 0.515625 0.665625 0.1828125 0.1328125
3 0.634375 0.6015625 0.1625 0.1515625
2 0.4875 0.8734375 0.1671875 0.2296875
2 0.9046875 0.8140625 0.1140625 0.146875
2 0.76875 0.4890625 0.1234375 0.1
2 0.6734375 0.24609375 0.15625 0.2921875
2 0.4265625 0.16953125 0.109375 0.190625
2 0.47890625 0.37109375 0.1078125 0.0859375
2 0.509375 0.56171875 0.0859375 0.1046875