6 0.0009765625 0 0 0.8808823531250001 0.0556640625 0.9294117640625 0.1376953125 0.9764705875 0.1962890625 0.9911764703125 0.8212890625 0.9911764703125 0.9189453125 0.9294117640625 1 0.8279411765625 1 0.23676470625 0.9326171875 0.1411764703125 0.8349609375 0.0352941171875 0.7470703125 0 0.0009765625 0
3 0.465625 0.71015625 0.2359375 0.21796875
3 0.59296875 0.59375 0.18046875 0.20625
3 0.559375 0.39921875 0.215625 0.2046875
3 0.784375 0.41328125 0.2109375 0.21171875
3 0.71953125 0.22890625 0.18359375 0.16015625
3 0.44609375 0.078125 0.19609375 0.15625
3 0.30625 0.08671875 0.09765625 0.1203125
3 0.32265625 0.225 0.14375 0.15
3 0.33359375 0.49296875 0.12421875 0.1765625
3 0.39140625 0.37109375 0.14375 0.1546875
2 0.12734375 0.53203125 0.221875 0.15625
2 0.16484375 0.1125 0.1421875 0.1046875
2 0.496875 0.23125 0.0921875 0.11796875
2 0.74453125 0.31328125 0.284375 0.14140625
2 0.83359375 0.55625 0.18671875 0.1015625
2 0.6296875 0.5140625 0.08125 0.1015625
2 0.4375 0.49375 0.1 0.08125