6 0.46800844062499997 0 0 0.065774296875 0 0.5316212218749999 0.057932106250000004 0.947171759375 0.11980843906250001 0.9874819468749999 0.151040059375 1 0.46760125312499995 1 0.887955128125 0.940923115625 0.9746882953125 0.8673364187500001 1 0.8245670859375 1 0.46503659218750004 0.958556325 0.17014952187500001 0.878525965625 0.08486941718749999 0.7748888593750001 0 0.46800844062499997 0
3 0.4953125 0.71328125 0.265625 0.2484375
3 0.60546875 0.5796875 0.20625 0.2296875
3 0.54453125 0.3921875 0.2421875 0.2328125
3 0.76953125 0.37421875 0.2390625 0.2390625
3 0.6796875 0.20078125 0.203125 0.184375
3 0.3875 0.08984375 0.215625 0.1796875
3 0.25078125 0.11796875 0.1125 0.1328125
3 0.2859375 0.25234375 0.1625 0.16875
3 0.334375 0.51640625 0.146875 0.1921875
3 0.37421875 0.3875 0.1640625 0.1734375
2 0.13515625 0.58359375 0.2421875 0.1859375
2 0.1140625 0.16328125 0.15625 0.125
2 0.459375 0.234375 0.109375 0.13125
2 0.71640625 0.28125 0.3015625 0.1796875
2 0.83828125 0.509375 0.1984375 0.125
2 0.63046875 0.49609375 0.0953125 0.1140625
2 0.4375 0.50234375 0.1109375 0.09375