6 0.4646202 0 0.0609647546875 0.065281259375 0.010793612499999999 0.2541661796875 0.0085310765625 0.3534969515625 0.0820888828125 0.8179226703125 0.0902868359375 0.8684339812499999 0.17787411250000001 0.996939428125 0.18090569843749998 1 0.5332940765624999 1 0.834093359375 0.9513399015624999 0.8734687578125 0.90654276875 0.9128172328125 0.8053919765625001 0.9748414593750001 0.5602492609375 0.9808983343750001 0.486123521875 0.9748655265625 0.39809283125 0.9514710093750001 0.312811965625 0.90594001875 0.2251047609375 0.8684488265624999 0.175673596875 0.7332277046875 0.021095603125 0.7003454828125 0 0.4646202 0
3 0.39921875 0.8671875 0.3171875 0.2546875
3 0.62421875 0.7421875 0.1953125 0.253125
3 0.45078125 0.615625 0.2265625 0.2640625
3 0.2890625 0.43359375 0.24375 0.3875
3 0.421875 0.18828125 0.2484375 0.33125
3 0.55859375 0.37109375 0.203125 0.2359375
3 0.66171875 0.53984375 0.184375 0.171875
3 0.809375 0.625 0.1546875 0.271875
3 0.728125 0.45390625 0.1875 0.2140625
3 0.79765625 0.29921875 0.1828125 0.203125
3 0.696875 0.13828125 0.1578125 0.275
3 0.58515625 0.146875 0.1015625 0.13125
3 0.671875 0.3234375 0.109375 0.1640625
2 0.60546875 0.68203125 0.0796875 0.1109375
2 0.46484375 0.58125 0.153125 0.2625
2 0.3734375 0.64609375 0.1046875 0.1234375
2 0.296875 0.1078125 0.1921875 0.1875
2 0.29921875 0.27109375 0.0828125 0.1
2 0.4 0.31640625 0.0828125 0.109375
2 0.58203125 0.20390625 0.1671875 0.1671875
2 0.69609375 0.2 0.11875 0.178125
2 0.63359375 0.403125 0.1390625 0.190625
2 0.6078125 0.53046875 0.1890625 0.16875
2 0.73515625 0.59375 0.10625 0.1609375
2 0.825 0.66484375 0.084375 0.1109375
2 0.740625 0.45078125 0.0625 0.0734375
2 0.78046875 0.3125 0.0875 0.08125
2 0.8875 0.46953125 0.0953125 0.109375
2 0.5109375 0.80703125 0.065625 0.0734375
2 0.2875 0.80078125 0.0796875 0.103125
2 0.33359375 0.68984375 0.05 0.084375