6 0.2001953125 0.962890625 0.7119140625 0.96484375 0.8193359375 0.9453125 0.998046875 0.8662109375 1 0.2666015625 0.9365234375 0.1953125 0.7626953125 0.0859375 0.7080078125 0.056640625 0.6142578125 0.025390625 0.5263671875 0.015625 0.4384765625 0.0234375 0.3662109375 0.041015625 0.1337890625 0.140625 0.0400390625 0.1953125 0.001953125 0.2412109375 0 0.8330078125 0.00390625 0.8564453125 0.0595703125 0.896484375 0.2001953125 0.962890625
3 0.153125 0.65703125 0.2109375 0.2875
3 0.24140625 0.41484375 0.23125 0.16015625
3 0.39375 0.56640625 0.23828125 0.1921875
3 0.5984375 0.69765625 0.3625 0.18984375
3 0.8203125 0.528125 0.3015625 0.20234375
3 0.61796875 0.421875 0.21171875 0.171875
3 0.43515625 0.346875 0.14765625 0.16328125
3 0.328125 0.2140625 0.25703125 0.115625
3 0.51015625 0.2671875 0.19140625 0.1578125
3 0.6515625 0.175 0.18125 0.1578125
3 0.8265625 0.24921875 0.2609375 0.11875
3 0.83515625 0.3609375 0.11875 0.08515625
3 0.64765625 0.30234375 0.15234375 0.0875
2 0.30390625 0.42421875 0.10078125 0.0640625
2 0.425 0.54765625 0.246875 0.115625
2 0.37578125 0.64765625 0.11015625 0.0890625
2 0.91875 0.6390625 0.1625 0.16875
2 0.7578125 0.6625 0.0921875 0.0671875
2 0.696875 0.5703125 0.09921875 0.06953125
2 0.7796875 0.37265625 0.14765625 0.1453125
2 0.765625 0.259375 0.16484375 0.0921875
2 0.575 0.353125 0.17578125 0.11171875
2 0.453125 0.3984375 0.1421875 0.16875
2 0.3703125 0.2828125 0.14921875 0.08359375
2 0.28671875 0.2046875 0.1015625 0.06875
2 0.5109375 0.2546875 0.0640625 0.0546875
2 0.64140625 0.19375 0.07109375 0.078125
2 0.46953125 0.1125 0.09921875 0.0796875
2 0.1953125 0.5375 0.0671875 0.05546875
2 0.2359375 0.75703125 0.09453125 0.065625
2 0.33828125 0.69375 0.0796875 0.0359375