6 1 0.48317013906249995 0.9682064515625 0.189985809375 0.925531459375 0.148319871875 0.8265786328125 0.1037315 0.5850179734375 0.028962496875 0.5113108125 0.01903448125 0.42308503281250004 0.0204518515625 0.33669666875000004 0.03935105 0.2467267546875 0.080229403125 0.1954011953125 0.11508218750000002 0.0339581203125 0.24202800624999998 0 0.2893166921875 0 0.51992364375 0.042899696875 0.9156821421875 0.2289000015625 0.9756699984375 0.3279762328125 0.98312800625 0.795615190625 0.9339771703125 0.8464863250000001 0.9284340109375 0.9793996234375 0.8476922265625 1 0.82932028125 1 0.48317013906249995
3 0.86171875 0.61953125 0.240625 0.3078125
3 0.7484375 0.38828125 0.246875 0.184375
3 0.6125 0.5546875 0.25625 0.215625
3 0.42265625 0.70703125 0.3796875 0.2265625
3 0.184375 0.56171875 0.3234375 0.234375
3 0.37421875 0.434375 0.228125 0.19375
3 0.5484375 0.340625 0.1640625 0.1765625
3 0.64140625 0.19765625 0.2671875 0.1421875
3 0.465625 0.26953125 0.2078125 0.178125
3 0.315625 0.19296875 0.196875 0.175
3 0.14921875 0.284375 0.2703125 0.1453125
3 0.15234375 0.396875 0.1265625 0.096875
3 0.3328125 0.31875 0.159375 0.103125
2 0.68671875 0.40390625 0.1078125 0.075
2 0.5796875 0.53984375 0.2578125 0.140625
2 0.6390625 0.63359375 0.1203125 0.1
2 0.0984375 0.68203125 0.1796875 0.184375
2 0.2609375 0.68828125 0.096875 0.078125
2 0.31171875 0.590625 0.10625 0.078125
2 0.20859375 0.40234375 0.1609375 0.159375
2 0.2109375 0.28828125 0.175 0.1109375
2 0.41015625 0.36171875 0.1859375 0.1296875
2 0.5359375 0.39375 0.1609375 0.1828125
2 0.60625 0.2703125 0.1578125 0.1
2 0.68125 0.184375 0.1078125 0.0796875
2 0.46328125 0.25703125 0.0703125 0.059375
2 0.32734375 0.21015625 0.078125 0.084375
2 0.48984375 0.11171875 0.10625 0.090625
2 0.80703125 0.50546875 0.071875 0.0625
2 0.78984375 0.728125 0.1 0.075
2 0.68125 0.67578125 0.0828125 0.0453125