6 0.5087890625 0.8671875 0.8662109375 0.87109375 0.95703125 0.8427734375 0.9695870531249999 0.29575892812500004 0.9528459828125 0.28041294687499996 0.908203125 0.2678571421875 0.8356584828125 0.24135044687499999 0.6724330359375 0.2092633921875 0.5008370531249999 0.23158482187499999 0.33482142812500004 0.1813616078125 0.0390625 0.2763671875 0.0390625 0.6572265625 0.1728515625 0.755859375 0.2919921875 0.822265625 0.5087890625 0.8671875
5 0.371875 0.28515625 0.0875 0.06875
5 0.459375 0.28125 0.08671875 0.115625
5 0.5328125 0.259375 0.08125 0.1171875
5 0.66484375 0.290625 0.1546875 0.0875
5 0.75625 0.3375 0.13125 0.08125
5 0.565625 0.35390625 0.140625 0.11328125
4 0.1953125 0.31875 0.10078125 0.11875
4 0.28984375 0.2875 0.146875 0.09453125
4 0.3578125 0.365625 0.1796875 0.12265625
4 0.09765625 0.428125 0.1203125 0.10859375
4 0.25078125 0.4265625 0.209375 0.115625
1 0.553125 0.41328125 0.06875 0.06171875
1 0.85703125 0.63671875 0.1046875 0.0765625
1 0.85 0.33203125 0.0765625 0.10078125