6 0.886805884375 0.34753510468750004 0.9055885484375 0.168829996875 0.8881676078125 0.081796434375 0.42566195 0.02242585625 0.3435766609375 0.013798345312499998 0.32845030625 0.027176096875 0.311296834375 0.0702619578125 0.277352365625 0.1396384890625 0.22837938124999999 0.29861575937499996 0.2326418671875 0.47160494531249997 0.1653404234375 0.6314613640625 0.22891032656250002 0.9355308812500001 0.6076833140625 0.9753415265625 0.7197605703125001 0.8525953109375 0.798256628125 0.74104869375 0.8655938609374999 0.53013506875 0.886805884375 0.34753510468750004
5 0.27265625 0.6046875 0.078125 0.09375
5 0.278125 0.5171875 0.1234375 0.0984375
5 0.2640625 0.4421875 0.1265625 0.09375
5 0.309375 0.3140625 0.103125 0.1625
5 0.36484375 0.228125 0.09375 0.1390625
5 0.36171875 0.41953125 0.128125 0.1515625
4 0.28828125 0.784375 0.128125 0.1125
4 0.26640625 0.68671875 0.1078125 0.15625
4 0.3515625 0.62734375 0.1390625 0.190625
4 0.38671875 0.89296875 0.121875 0.13125
4 0.40078125 0.73984375 0.1375 0.2203125
1 0.41953125 0.43828125 0.0671875 0.075
1 0.6734375 0.159375 0.0875 0.1125
1 0.36953125 0.134375 0.109375 0.0859375