6 0.2748912015625 0.8104633921875 0.48903993437500004 0.866669975 0.672499803125 0.878296384375 0.8519430109374999 0.8877006046875 0.9379455546875001 0.8657485546875 0.9730290921875 0.400769528125 0.9773487671875 0.31834520624999996 0.9631976968749999 0.3039397171875 0.9192731406249999 0.28906469375 0.848215171875 0.25879763125 0.6868927265625 0.21821199062500002 0.514363696875 0.231522190625 0.3512040703125 0.17267921875 0.050878260937499996 0.2520757703125 0.030945621875000003 0.632413190625 0.1593892890625 0.737912809375 0.2748912015625 0.8104633921875
5 0.38359375 0.27890625 0.090625 0.0734375
5 0.47109375 0.2796875 0.09375 0.1203125
5 0.5453125 0.26171875 0.0875 0.1234375
5 0.67578125 0.29921875 0.159375 0.0953125
5 0.7640625 0.35078125 0.1359375 0.0875
5 0.5734375 0.3578125 0.146875 0.121875
4 0.20546875 0.303125 0.10625 0.1234375
4 0.3015625 0.2765625 0.1515625 0.1015625
4 0.36484375 0.35859375 0.184375 0.13125
4 0.10234375 0.40703125 0.1265625 0.115625
4 0.2546875 0.41328125 0.215625 0.1265625
1 0.5578125 0.41640625 0.071875 0.0640625
1 0.84921875 0.65546875 0.1078125 0.08125
1 0.85859375 0.35078125 0.0796875 0.1046875