6 1 0.1884765625 0.9736328125 0.17578125 0.9189453125 0.158203125 0.8291015625 0.142578125 0.8125 0.2099609375 0.80078125 0.2216796875 0.78125 0.2724609375 0.75 0.3154296875 0.67896900625 0.400991165625 0.734375 0.2666015625 0.759765625 0.2294921875 0.775390625 0.1533203125 0.7705078125 0.1328125 0.6552734375 0.12109375 0.4990234375 0.138671875 0.4658203125 0.134765625 0.4345703125 0.1484375 0.3818359375 0.1484375 0.2724609375 0.19921875 0.2470703125 0.203125 0.232421875 0.2314453125 0.24609375 0.2587890625 0.2421875 0.2705078125 0.1865234375 0.267578125 0.1611328125 0.283203125 0.109375 0.3408203125 0.025390625 0.4736328125 0.021484375 0.5400390625 0.04296875 0.6142578125 0.0595703125 0.626953125 0.1865234375 0.677734375 0.2685546875 0.697265625 0.271484375 0.7177734375 0.24609375 0.7509765625 0.25 0.7626953125 0.31640625 0.8232421875 0.3251953125 0.86328125 0.4013671875 0.89453125 0.4892578125 0.919921875 0.5751953125 0.92578125 0.6376953125 0.916015625 0.7685546875 0.87890625 0.7900390625 0.876953125 0.8056640625 0.890625 0.8505859375 0.888671875 0.9033203125 0.869140625 1 0.8095703125 1 0.1884765625
3 0.87578125 0.55546875 0.11640625 0.09765625
3 0.41875 0.690625 0.16953125 0.13359375
3 0.3390625 0.4078125 0.1546875 0.06484375
3 0.63125 0.44375 0.121875 0.0890625
3 0.72734375 0.21015625 0.05625 0.040625
2 0.94375 0.49609375 0.1125 0.1015625
2 0.8296875 0.47890625 0.07890625 0.09453125
2 0.7828125 0.56875 0.0671875 0.04375
2 0.70546875 0.49453125 0.08203125 0.075
2 0.74453125 0.41796875 0.0875 0.071875
2 0.61015625 0.59453125 0.20078125 0.08359375
2 0.61875 0.6515625 0.07109375 0.0328125
2 0.740625 0.6671875 0.059375 0.03359375
2 0.4953125 0.55546875 0.16171875 0.0703125
2 0.4578125 0.34296875 0.12890625 0.08046875
2 0.528125 0.2796875 0.171875 0.06484375
2 0.69921875 0.3171875 0.0609375 0.05078125
2 0.725 0.2359375 0.03671875 0.03984375