6 0.781511090625 1 0.7817477375 0.9996015999999999 0.8040253015625 0.9466542359375 0.8274212421874999 0.858514178125 0.7617417625 0.8361029906249999 0.7510889625 0.8234074765624999 0.7022032109375 0.799524671875 0.6621215874999999 0.7646486140625 0.5830764562499999 0.686430740625 0.712125715625 0.7533387234375 0.7468809390625 0.781867025 0.8214011484375 0.8040713828125 0.8422564875 0.8009945249999999 0.8625261484375001 0.6948049765625 0.863800953125 0.6802338984375 0.86008083125 0.5300325515625001 0.8668660609375 0.4972962265625 0.855969828125 0.464973559375 0.86056593125 0.4124398546875 0.8195105796875 0.2990551828125 0.8178321328125 0.273420725 0.7908962828125 0.25635975 0.7624650015625 0.2675964359375 0.751131296875 0.26268369375 0.758901278125 0.2074867890625 0.745548675 0.18083097343750001 0.6926617296875001 0.124248446875 0.5676743421875 0.0290082859375 0.5018612390625 0.0193292140625 0.42605242812500005 0.03426324375 0.411958503125 0.049695164062500005 0.35030579687499996 0.171739315625 0.323699375 0.25175615156250003 0.3030142609375 0.2528873171875 0.2721504234375 0.22469946875 0.26013581406249997 0.227569496875 0.19403165312499998 0.28844604375 0.153378934375 0.2937120265625 0.11560903281249998 0.36687042812500004 0.0826548546875 0.45221366406249996 0.071104765625 0.525966828125 0.069670328125 0.54236253125 0.073609059375 0.600426765625 0.0991720765625 0.7340224765625 0.0992452828125 0.7555953234375 0.0842636234375 0.7699692828125 0.0822941171875 0.8148904437500001 0.09715494218750001 0.8691264078125001 0.146683725 0.9678618125 0.5140248875 1 0.781511090625 1
3 0.41171875 0.86953125 0.1078125 0.125
3 0.3171875 0.40234375 0.1484375 0.1796875
3 0.60625 0.34765625 0.078125 0.1578125
3 0.54453125 0.6359375 0.0984375 0.1296875
3 0.76875 0.7515625 0.0453125 0.059375
2 0.46484375 0.940625 0.1109375 0.11875
2 0.4921875 0.83046875 0.1015625 0.0859375
2 0.40703125 0.77578125 0.05 0.06875
2 0.4875 0.70546875 0.08125 0.0890625
2 0.56015625 0.75078125 0.0796875 0.09375
2 0.39609375 0.6015625 0.1 0.2078125
2 0.33828125 0.60546875 0.040625 0.075
2 0.3125 0.725 0.0390625 0.0625
2 0.4453125 0.490625 0.084375 0.16875
2 0.66015625 0.471875 0.090625 0.134375
2 0.7171875 0.546875 0.0796875 0.1765625
2 0.66484375 0.7140625 0.0546875 0.065625
2 0.74375 0.746875 0.04375 0.040625