6 1 0.147091721875 0.84262859375 0.10182168437500001 0.8056100015625001 0.09595851562499999 0.6591051296875 0.0760143484375 0.5801051734375 0.0753900296875 0.059656656249999995 0.1276902546875 0.0515272765625 0.135318721875 0 0.46064914375 0 0.6042378203125 0.0575794171875 0.7088847640625 0.0765494171875 0.73269339375 0.17784288125 0.7923262 0.40786463125 0.8881982890625 0.6106024546875 0.9440848953125001 0.9272775093750001 0.9922599546875001 1 0.536543740625 1 0.147091721875
3 0.2421875 0.51171875 0.484375 0.6640625
3 0.47265625 0.70078125 0.190625 0.271875
4 0.80625 0.6203125 0.35625 0.4703125
4 0.65078125 0.5421875 0.0828125 0.05625
4 0.5609375 0.60859375 0.1703125 0.115625
4 0.578125 0.68984375 0.1078125 0.14375
4 0.6453125 0.71171875 0.0828125 0.1078125
4 0.5703125 0.8046875 0.0984375 0.1046875
4 0.6875 0.86328125 0.0875 0.0796875
4 0.6515625 0.396875 0.1328125 0.1828125
4 0.56640625 0.42734375 0.146875 0.196875
4 0.50078125 0.34296875 0.0890625 0.1109375
4 0.47109375 0.4421875 0.1046875 0.109375
4 0.41953125 0.37890625 0.0625 0.071875