6 0 0.7896281796875 0.0068359375 0.7984344421875 0.5126953125 0.9315068500000001 0.5908203125 0.9432485328125001 0.7705078125 0.9471624265624999 1 0.9187866921875001 0.9990234375 0.080234834375 0.6787109375 0.0782778859375 0.4697265625 0.10176125312499999 0.2275390625 0.1604696671875 0.1181640625 0.2035225046875 0.095703125 0.22407045 0 0.34735812187500004 0 0.7896281796875
3 0.22265625 0.44453125 0.4453125 0.60078125
3 0.5046875 0.29765625 0.1515625 0.25078125
4 0.82109375 0.42890625 0.2921875 0.43046875
4 0.65546875 0.48203125 0.07578125 0.04609375
4 0.57734375 0.40234375 0.15703125 0.09296875
4 0.60703125 0.325 0.08984375 0.13203125
4 0.6765625 0.31328125 0.06953125 0.0984375
4 0.6171875 0.21015625 0.0859375 0.09296875
4 0.7421875 0.1703125 0.07734375 0.06953125
4 0.63359375 0.62578125 0.10859375 0.16875
4 0.55390625 0.58203125 0.1203125 0.1796875
4 0.4765625 0.65546875 0.075 0.1
4 0.4625 0.55234375 0.09140625 0.096875
4 0.4015625 0.60703125 0.0515625 0.0640625