6 0.2319430984375 0 0.0682530125 0.48253562343749995 0.051090206250000006 0.55965125625 0.03756678125 0.7068876796875 0.034952306249999995 0.7442764140625 0.046949528125 0.9695405734375001 0.489953003125 1 0.8855853203124999 1 0.9078228890625001 0.7076650859375 0.8989747390625 0.49755166875 0.8573034828124999 0.251858834375 0.8219851328125 0.1397470515625 0.8030540374999999 0.1159074765625 0.6867426015625 0.011837365625 0.5174603875 0 0.2319430984375 0
3 0.575 0.23515625 0.63125 0.4703125
3 0.7015625 0.51875 0.2609375 0.1703125
4 0.5484375 0.825 0.4484375 0.321875
4 0.50703125 0.65625 0.05 0.0796875
4 0.5921875 0.58359375 0.103125 0.1640625
4 0.6671875 0.61875 0.1375 0.0984375
4 0.67421875 0.6890625 0.103125 0.075
4 0.78125 0.6375 0.0984375 0.090625
4 0.81171875 0.76484375 0.0734375 0.0828125
4 0.36484375 0.62421875 0.1765625 0.11875
4 0.4140625 0.5484375 0.1875 0.1328125
4 0.346875 0.465625 0.1046875 0.08125
4 0.45078125 0.45859375 0.103125 0.096875
4 0.4 0.39453125 0.0671875 0.0578125