6 0.1923828125 0.8645833328125001 0.2783203125 0.921875 0.3525390625 0.9505208328125001 0.5205078125 0.96875 0.6591796875 0.9244791671874999 0.7529296875 0.859375 0.8193359375 0.796875 0.87109375 0.71484375 0.900390625 0.64453125 0.9140625 0.48046875 0.85546875 0.3502604171875 0.771484375 0.22265625 0.7158203125 0.1822916671875 0.6357421875 0.1588541671875 0.4013671875 0.1770833328125 0.2490234375 0.20833333281250002 0.1923828125 0.2421875 0.14453125 0.32421875 0.0625 0.6106770828125 0.060546875 0.6497395828125 0.078125 0.6940104171875 0.1484375 0.8190104171874999 0.1923828125 0.8645833328125001
4 0.2015625 0.5359375 0.06484375 0.10234375
4 0.3703125 0.43359375 0.08359375 0.1171875
4 0.38984375 0.33671875 0.0484375 0.09140625
4 0.31171875 0.29921875 0.1109375 0.06953125
4 0.41875 0.26015625 0.0609375 0.078125
4 0.55390625 0.28046875 0.059375 0.1328125
4 0.64765625 0.2625 0.1 0.12890625
4 0.6953125 0.38515625 0.05859375 0.08671875
4 0.65234375 0.53046875 0.11640625 0.0734375
4 0.7109375 0.7234375 0.1 0.1125
4 0.40078125 0.59453125 0.0875 0.1015625
4 0.4703125 0.5421875 0.0859375 0.09375
4 0.50546875 0.61875 0.08671875 0.10546875
4 0.52109375 0.3828125 0.0859375 0.0625
4 0.60703125 0.425 0.103125 0.1390625
4 0.42578125 0.66484375 0.059375 0.10234375
4 0.33828125 0.6453125 0.096875 0.08359375