6 0.0335598140625 0.4966381453125 0.035158418749999996 0.5271413500000001 0.058489803124999996 0.671290825 0.0909806875 0.743908653125 0.152691459375 0.826729965625 0.20050183906250002 0.8682299499999999 0.32901040312499996 0.9319040953125001 0.374140534375 0.9471411734374999 0.41304728125 0.9431463515624999 0.69481985 0.8462354515625 0.7742343218750001 0.794156284375 0.8050777515625 0.7358214937499999 0.82831186875 0.5820510265625 0.8342498125000001 0.3470431875 0.8066534671875001 0.26830143125 0.7634309703125 0.21482617343750002 0.631606278125 0.1376351828125 0.5044991703124999 0.088262759375 0.46705056406249995 0.09022535781249999 0.335387703125 0.1081758171875 0.26670484375000003 0.1411124140625 0.18749480937500002 0.197092478125 0.12855589843749998 0.26667871718749997 0.06844744999999999 0.36370752500000003 0.0335598140625 0.4966381453125
4 0.4796875 0.8 0.10625 0.0703125
4 0.5734375 0.62578125 0.121875 0.090625
4 0.66875 0.6015625 0.0953125 0.053125
4 0.71015625 0.67734375 0.0765625 0.1140625
4 0.74375 0.56875 0.08125 0.0671875
4 0.71640625 0.434375 0.1359375 0.065625
4 0.7296875 0.33984375 0.1328125 0.10625
4 0.6046875 0.29921875 0.0890625 0.0640625
4 0.46171875 0.34921875 0.0796875 0.1203125
4 0.265625 0.30078125 0.1171875 0.10625
4 0.4109375 0.60390625 0.10625 0.0921875
4 0.459375 0.53203125 0.0984375 0.0890625
4 0.38125 0.50078125 0.1109375 0.090625
4 0.615625 0.47265625 0.0671875 0.0890625
4 0.56953125 0.3890625 0.1421875 0.1109375
4 0.3390625 0.5828125 0.1046875 0.0640625
4 0.36328125 0.66875 0.0890625 0.1015625