6 0.9659768921874999 0.4789456546875 0.9627840624999999 0.4485679171875 0.9319404546875001 0.3058370640625 0.895693571875 0.235019196875 0.8297328421874999 0.15554108125 0.7798160421875 0.1166001734375 0.648151146875 0.0597389109375 0.60228541875 0.0468846421875 0.5636410640625 0.0529102109375 0.28732658125 0.16443513437499999 0.21074655625 0.22059916249999997 0.1829984046875 0.280468228125 0.167843853125 0.4352439375 0.17421340624999998 0.6702404734375 0.2058929578125 0.7474300359375 0.25185489687499996 0.7985699171875 0.38753879375 0.86875595 0.5170556578125 0.9114084374999999 0.554350228125 0.9074886187500001 0.68489319375 0.882672059375 0.7517581578125 0.8461860187499999 0.8279298671875001 0.786137140625 0.8831461421875 0.7135616421875 0.9380941187499999 0.613519975 0.9659768921874999 0.4789456546875
4 0.5046875 0.19921875 0.109375 0.0765625
4 0.4203125 0.378125 0.125 0.096875
4 0.32578125 0.4078125 0.096875 0.0578125
4 0.28046875 0.33359375 0.08125 0.1171875
4 0.253125 0.44453125 0.084375 0.0703125
4 0.2875 0.5765625 0.1390625 0.0734375
4 0.27890625 0.671875 0.1375 0.1125
4 0.40625 0.70625 0.0921875 0.06875
4 0.54609375 0.6484375 0.0859375 0.125
4 0.74453125 0.68671875 0.121875 0.1109375
4 0.58359375 0.39140625 0.109375 0.096875
4 0.5390625 0.46640625 0.1015625 0.09375
4 0.61875 0.49296875 0.1140625 0.096875
4 0.3859375 0.53359375 0.071875 0.0921875
4 0.43671875 0.6140625 0.146875 0.1171875
4 0.65625 0.40859375 0.1078125 0.0703125
4 0.62734375 0.32421875 0.09375 0.1046875