6 0.10091945468750001 0.7612745624999999 0.24820552187499997 0.89492115 0.3770159328125 0.9567915984375001 0.465414640625 0.9805940874999999 0.566593496875 0.9896270968750001 0.6218289953125 0.9837000671875 0.692065496875 0.9592430671875001 0.757049509375 0.9119029921875 0.8134292703125 0.8336138875 0.921896678125 0.5984197703125 0.965332434375 0.4252466046875 0.9644330484375001 0.3821100375 0.93771423125 0.2882206421875 0.903106665625 0.22314802656250002 0.822194653125 0.13427959843749998 0.7720411125 0.0955304234375 0.6709575359375 0.057135662499999997 0.536325978125 0.0295128890625 0.5100717296874999 0.027677014062499998 0.4340741859375 0.0288237984375 0.3325275640625 0.053049276562500004 0.25938899375 0.09100860468750001 0.19635334843750002 0.13848492343750002 0.1360768546875 0.2165015421875 0.08349855 0.32442488593749996 0.065772684375 0.3819222015625 0.04376896875 0.5565940421875 0.0656783125 0.6912629078125 0.10091945468750001 0.7612745624999999
5 0.2390625 0.7375 0.0609375 0.065625
5 0.18046875 0.57265625 0.084375 0.0875
5 0.2078125 0.3640625 0.078125 0.0796875
5 0.2328125 0.19140625 0.0859375 0.075
5 0.39375 0.13046875 0.121875 0.0921875
5 0.79765625 0.271875 0.08125 0.0921875
5 0.50859375 0.78125 0.078125 0.0859375
5 0.51328125 0.940625 0.0875 0.0609375
5 0.68203125 0.76484375 0.053125 0.1
5 0.7203125 0.55 0.0796875 0.0734375
5 0.49140625 0.475 0.1328125 0.103125
5 0.2953125 0.56171875 0.0859375 0.121875
5 0.328125 0.4375 0.0578125 0.05