6 0.1201171875 0.7884765625 0.2763671875 0.9115234375 0.4091796875 0.9642578125 0.4990234375 0.9818359375 0.6005859375 0.9837890625 0.6552734375 0.9740234375 0.7236328125 0.9447265625 0.78515625 0.89296875 0.8359375 0.8109375 0.927734375 0.56875 0.958984375 0.39296875 0.955078125 0.35 0.921875 0.258203125 0.8828125 0.195703125 0.7958984375 0.1126953125 0.7431640625 0.0775390625 0.6396484375 0.0462890625 0.50341796875 0.028125 0.477099609375 0.028125 0.4013671875 0.0345703125 0.3017578125 0.0658203125 0.2314453125 0.1087890625 0.171875 0.160546875 0.1171875 0.242578125 0.072265625 0.35390625 0.05859375 0.4125 0.048828125 0.58828125 0.080078125 0.72109375 0.1201171875 0.7884765625
5 0.25625 0.75546875 0.05625 0.0625
5 0.1859375 0.59453125 0.078125 0.0828125
5 0.19921875 0.384375 0.0734375 0.075
5 0.21171875 0.2109375 0.08125 0.06875
5 0.36796875 0.1390625 0.115625 0.084375
5 0.78125 0.2515625 0.075 0.0875
5 0.528125 0.7796875 0.071875 0.08125
5 0.54375 0.93828125 0.084375 0.0546875
5 0.7 0.7515625 0.046875 0.096875
5 0.7234375 0.534375 0.075 0.06875
5 0.48984375 0.47578125 0.1265625 0.09375
5 0.3 0.57578125 0.078125 0.1171875
5 0.32421875 0.45 0.0546875 0.046875