6 0.1064453125 0.78515625 0.1884765625 0.8359375 0.4306640625 0.927734375 0.6064453125 0.958984375 0.6494140625 0.955078125 0.7412109375 0.921875 0.8037109375 0.8828125 0.88671875 0.7958984375 0.921875 0.7431640625 0.953125 0.6396484375 0.97265625 0.4931640625 0.96484375 0.4013671875 0.93359375 0.3017578125 0.890625 0.2314453125 0.8388671875 0.171875 0.7568359375 0.1171875 0.6455078125 0.072265625 0.5869140625 0.05859375 0.4111328125 0.048828125 0.2783203125 0.080078125 0.2109375 0.1201171875 0.087890625 0.2763671875 0.03515625 0.4091796875 0.017578125 0.4990234375 0.015625 0.6005859375 0.025390625 0.6552734375 0.0546875 0.7236328125 0.1064453125 0.78515625
5 0.24453125 0.25625 0.0625 0.05703125
5 0.40546875 0.1859375 0.08203125 0.078125
5 0.615625 0.19921875 0.0765625 0.07265625
5 0.7890625 0.21171875 0.06875 0.08125
5 0.8609375 0.36796875 0.08359375 0.115625
5 0.7484375 0.78125 0.0875 0.075
5 0.2203125 0.528125 0.08125 0.07109375
5 0.06171875 0.54375 0.05546875 0.08515625
5 0.2484375 0.7 0.09765625 0.04609375
5 0.465625 0.7234375 0.06953125 0.07421875
5 0.52421875 0.48984375 0.09375 0.12578125
5 0.42421875 0.3 0.1171875 0.078125
5 0.55 0.32421875 0.04609375 0.0546875