6 0.1772033203125 0 0.0204782328125 0.252745959375 0 0.4827600890625 0 0.780740359375 0.11612046250000001 0.9683248109375 0.4781695328125 1 0.8874807046875001 1 0.966192121875 0.9082562875000001 1 0.513844621875 1 0.2229933640625 0.9621703234375 0.1250705953125 0.8446043375000001 0.028239054687499997 0.5218304640625 0 0.1772033203125 0
5 0.753125 0.7421875 0.16875 0.196875
5 0.715625 0.2125 0.1640625 0.2015625
5 0.50390625 0.09765625 0.2421875 0.1953125
5 0.2859375 0.1484375 0.18125 0.1953125
5 0.16640625 0.21484375 0.15 0.1703125
5 0.07578125 0.40703125 0.115625 0.115625
5 0.28046875 0.4515625 0.1671875 0.1171875
5 0.28203125 0.88828125 0.2046875 0.2046875
5 0.5421875 0.93984375 0.18125 0.1203125
5 0.51953125 0.71015625 0.1296875 0.1375
0 0.659375 0.60703125 0.2984375 0.328125
0 0.8046875 0.40859375 0.3328125 0.1640625
0 0.4734375 0.1796875 0.284375 0.115625
0 0.4265625 0.2765625 0.31875 0.2
0 0.20859375 0.30703125 0.30625 0.196875
0 0.1953125 0.540625 0.2515625 0.1859375
0 0.13515625 0.75703125 0.1640625 0.19375
0 0.44921875 0.81328125 0.4625 0.16875
0 0.453125 0.41875 0.1171875 0.1703125