6 0.49563657812499995 0 0.1413550015625 0.0061840078125000005 0 0.2985568515625 0 0.47628059375 0.0051015109375 0.7966287750000001 0.162618096875 1 0.5043634515625001 1 0.9126825265624999 0.9928727640625 1 0.8664306843749999 1 0.5287421046875 0.9941185859375 0.2226400015625 0.9204477109375 0.07881454375 0.80126388125 0 0.49563657812499995 0
5 0.77734375 0.71484375 0.15625 0.1875
5 0.684375 0.19140625 0.1515625 0.1921875
5 0.4625 0.09765625 0.2296875 0.1859375
5 0.25078125 0.1734375 0.16875 0.184375
5 0.13828125 0.2515625 0.1390625 0.1625
5 0.06875 0.45234375 0.1078125 0.1078125
5 0.2765625 0.475 0.1609375 0.10625
5 0.32265625 0.90625 0.1921875 0.1875
5 0.5890625 0.9390625 0.1734375 0.121875
5 0.54140625 0.70703125 0.1203125 0.1296875
0 0.66953125 0.58984375 0.278125 0.309375
0 0.79296875 0.3765625 0.3234375 0.1421875
0 0.43984375 0.184375 0.2796875 0.096875
0 0.403125 0.28515625 0.3078125 0.178125
0 0.18984375 0.33828125 0.2953125 0.1765625
0 0.2015625 0.57265625 0.240625 0.1703125
0 0.16328125 0.79375 0.1515625 0.184375
0 0.48203125 0.81640625 0.4546875 0.1375
0 0.44453125 0.42421875 0.10625 0.1640625