6 1 0.1500279015625 0.7045200890625 0.0007533484375 0.21205357187499999 0 0 0.1583984375 0 0.9040178578125 0.133928571875 1 0.7686941968750001 0.9988839281249999 0.9137834828125 0.927734375 1 0.8021763390625001 1 0.1500279015625
5 0.28046875 0.7734375 0.184375 0.1546875
5 0.80546875 0.68984375 0.18828125 0.14921875
5 0.903125 0.46953125 0.1796875 0.22734375
5 0.83125 0.25625 0.18125 0.165625
5 0.7546875 0.14296875 0.159375 0.13515625
5 0.55546875 0.06953125 0.10625 0.10625
5 0.52890625 0.27734375 0.103125 0.159375
5 0.09453125 0.31640625 0.1890625 0.1890625
5 0.059375 0.58125 0.11875 0.171875
5 0.2921875 0.5375 0.1265625 0.1203125
0 0.40703125 0.66796875 0.30390625 0.2734375
0 0.61796875 0.7953125 0.13671875 0.32109375
0 0.81640625 0.4453125 0.0921875 0.27890625
0 0.71640625 0.40703125 0.17421875 0.30390625
0 0.6671875 0.19296875 0.171875 0.29140625
0 0.4328125 0.2 0.165625 0.23828125
0 0.2125 0.15859375 0.1828125 0.14921875
0 0.18359375 0.4765625 0.1296875 0.453125
0 0.5765625 0.44609375 0.16328125 0.103125