6 0.26295409687500004 0 0.2151183953125 0.03427574375 0.13140655 0.1266108609375 0.084351790625 0.2135100828125 0.0067729374999999994 0.4735200421875 0.020483559374999998 0.6207152171875 0.16647820468750002 0.9231220984374999 0.18899750625 0.952875175 0.4562556671875 1 0.7106630921875 1 0.9150052203125 0.8002593265625 0.96498600625 0.625343534375 0.9669416671875 0.6142524265625 0.970064771875 0.510496290625 0.9550996203125001 0.291682725 0.9078958078125 0.12073249999999999 0.8777918343750001 0.060884842187499996 0.5393027546875 0 0.26295409687500004 0
3 0.49453125 0.4171875 0.1546875 0.1953125
3 0.44296875 0.84921875 0.190625 0.253125
3 0.384375 0.5984375 0.196875 0.2203125
3 0.23671875 0.66171875 0.1796875 0.1859375
3 0.25703125 0.478125 0.15625 0.2875
3 0.33828125 0.2421875 0.1828125 0.25625
3 0.45703125 0.153125 0.11875 0.190625
3 0.64921875 0.2421875 0.203125 0.1765625
3 0.62109375 0.740625 0.1484375 0.25
3 0.68046875 0.53828125 0.134375 0.1046875
2 0.640625 0.4203125 0.28125 0.240625
2 0.3421875 0.72265625 0.1640625 0.2828125
2 0.18984375 0.67421875 0.1390625 0.1609375
2 0.296875 0.49921875 0.1578125 0.1984375
2 0.1765625 0.32421875 0.165625 0.2296875
2 0.434375 0.259375 0.2609375 0.2625