6 0 0.7626953125 0.2763671875 0.9609375 0.4638671875 0.98046875 0.5712890625 0.96484375 0.7841796875 0.912109375 0.9443359375 0.8359375 0.998046875 0.7958984375 1 0.2275390625 0.9091796875 0.138671875 0.8037109375 0.072265625 0.7099609375 0.041015625 0.4404296875 0.009765625 0.2978515625 0.048828125 0.025390625 0.2451171875 0 0.2724609375 0 0.7626953125
3 0.58046875 0.48046875 0.17578125 0.1265625
3 0.14609375 0.5046875 0.23046875 0.153125
3 0.3828125 0.403125 0.19375 0.16484375
3 0.2953125 0.26875 0.16328125 0.15234375
3 0.4796875 0.25703125 0.2703125 0.11171875
3 0.72578125 0.29609375 0.234375 0.14375
3 0.834375 0.39765625 0.17890625 0.0890625
3 0.7796875 0.60234375 0.14765625 0.17890625
3 0.284375 0.6609375 0.234375 0.10859375
3 0.49375 0.684375 0.08359375 0.12109375
2 0.603125 0.62421875 0.19921875 0.25
2 0.253125 0.38359375 0.26640625 0.1203125
2 0.275 0.225 0.1453125 0.115625
2 0.465625 0.3 0.17734375 0.128125
2 0.6171875 0.15078125 0.2078125 0.13125
2 0.72578125 0.39375 0.22734375 0.22421875