6 1 0.46069724531249995 0.9391151578124999 0.122208165625 0.8792674999999999 0.0921041921875 0.708317275 0.044900379687500006 0.489503709375 0.029935228125 0.3857475734375 0.0330583328125 0.374656465625 0.03501399375 0.1997406734375 0.0849947796875 0 0.2893369078125 0 0.5437443328125 0.047124824999999995 0.81100249375 0.07687790156249999 0.8335217953124999 0.3792847828125 0.9795164406250001 0.5264799578125 0.9932270624999999 0.7864899171874999 0.915648209375 0.8733891390625 0.86859345 0.96572425625 0.7848816046875 1 0.7370459031250001 1 0.46069724531249995
3 0.5828125 0.50546875 0.1953125 0.1546875
3 0.15078125 0.55703125 0.253125 0.190625
3 0.4015625 0.615625 0.2203125 0.196875
3 0.33828125 0.76328125 0.1859375 0.1796875
3 0.521875 0.74296875 0.2875 0.15625
3 0.7578125 0.66171875 0.25625 0.1828125
3 0.846875 0.54296875 0.190625 0.11875
3 0.7578125 0.35078125 0.1765625 0.203125
3 0.259375 0.37890625 0.25 0.1484375
3 0.46171875 0.31953125 0.1046875 0.134375
2 0.5796875 0.359375 0.240625 0.28125
2 0.27734375 0.6578125 0.2828125 0.1640625
2 0.32578125 0.81015625 0.1609375 0.1390625
2 0.50078125 0.703125 0.1984375 0.1578125
2 0.67578125 0.8234375 0.2296875 0.165625
2 0.740625 0.565625 0.2625 0.2609375