6 0.46503659375 0 0 0.06535663124999999 0 0.5349634062499999 0.06535663124999999 1 0.52973473125 1 0.8200547453125001 0.959933025 0.8781813328125001 0.8422462921875 0.8753798953124999 0.78221651875 0.8935649 0.590837375 0.8592978859375 0.206677075 0.7895230093750001 0 0.46503659375 0
5 0.746875 0.35859375 0.1640625 0.1578125
5 0.6703125 0.45390625 0.1078125 0.1640625
5 0.56484375 0.58515625 0.1125 0.1875
5 0.44375 0.64921875 0.2015625 0.1578125
5 0.4375 0.8609375 0.1421875 0.2296875
5 0.5359375 0.803125 0.1421875 0.1328125
5 0.628125 0.86171875 0.1359375 0.171875
5 0.696875 0.68046875 0.1421875 0.178125
5 0.803125 0.79140625 0.1046875 0.1796875
5 0.846875 0.68671875 0.1046875 0.18125
5 0.803125 0.53359375 0.134375 0.13125
5 0.73515625 0.55390625 0.115625 0.121875