6 1 0.1520647328125 0.740463725 0.10323660781249999 0.355273 0.12276785781249999 0.168287209375 0.167410715625 0.10845175625 0.172991071875 0 0.24693080312500001 0.001869859375 1 1 1 1 0.1520647328125
5 0.60546875 0.2359375 0.13828125 0.14765625
5 0.521875 0.325 0.153125 0.08671875
5 0.40703125 0.44765625 0.17734375 0.0890625
5 0.36015625 0.5765625 0.1328125 0.1859375
5 0.1515625 0.61171875 0.2171875 0.11328125
5 0.19453125 0.50703125 0.115625 0.1265625
5 0.12421875 0.4234375 0.15859375 0.115625
5 0.29375 0.33046875 0.1609375 0.1203125
5 0.16953125 0.240625 0.1703125 0.0796875
5 0.2671875 0.1828125 0.171875 0.08125
5 0.42421875 0.2046875 0.115625 0.11875
5 0.4140625 0.27421875 0.11015625 0.1015625