6 0.4650365953125 0 0 0.06535663124999999 0 0.5349634062499999 0.0532697796875 0.9139975859374999 0.317075828125 0.92623005 0.695799678125 0.8532806890625 0.8747526515624999 0.7830489 0.9332291546875 0.769195365625 1 0.708470090625 1 0.4688578125 0.93291875625 0 0.4650365953125 0
5 0.43203125 0.77578125 0.1578125 0.1640625
5 0.50234375 0.6765625 0.1640625 0.1078125
5 0.59921875 0.5390625 0.1875 0.1125
5 0.628125 0.4046875 0.1578125 0.2015625
5 0.8296875 0.340625 0.2296875 0.1421875
5 0.8015625 0.45078125 0.1328125 0.1421875
5 0.8828125 0.5234375 0.171875 0.1359375
5 0.728125 0.6390625 0.178125 0.1421875
5 0.86328125 0.7109375 0.1796875 0.1046875
5 0.775 0.78203125 0.18125 0.1046875
5 0.61640625 0.78203125 0.13125 0.134375
5 0.61640625 0.71171875 0.121875 0.115625