6 0.6142797359375 0 0.4596273671875 0.0016021796875 0.37861425625 0.00726716875 0.067709334375 0.029790917187499998 0.055664717187500004 0.0815384109375 0.054683403124999995 0.1795017484375 0.080992584375 0.359746203125 0.13062785625 0.4815806046875 0.218099565625 0.6125165906250001 0.278233140625 0.6464905796875 0.343185765625 0.6566328578125 0.357676746875 0.65561955 0.42880239375 0.6437933296875 0.5389465921875 0.5949755156250001 0.6283742515624999 0.48789056718749996 0.7748571203125 0.1467633453125 0.7920656234375001 0.084865284375 0.788250815625 0.030310999999999998 0.736591925 0.005533875 0.6220578578125 0 0.6142797359375 0
5 0.40390625 0.44765625 0.146875 0.1921875
5 0.5015625 0.28125 0.125 0.15
5 0.18515625 0.31953125 0.14375 0.153125
5 0.13046875 0.1515625 0.115625 0.15625
5 0.265625 0.2265625 0.1265625 0.1859375
5 0.26875 0.046875 0.14375 0.0734375
5 0.4234375 0.0921875 0.134375 0.1265625
5 0.36640625 0.23359375 0.0953125 0.2046875
4 0.28359375 0.196875 0.0765625 0.0921875
4 0.18671875 0.34296875 0.078125 0.0953125
4 0.31953125 0.4390625 0.09375 0.103125
4 0.5046875 0.19453125 0.08125 0.0984375
4 0.43359375 0.22265625 0.08125 0.1015625
4 0.3125 0.10390625 0.084375 0.04375
4 0.1359375 0.16796875 0.10625 0.165625
2 0.50625 0.13046875 0.121875 0.128125
2 0.36953125 0.03515625 0.09375 0.0609375
2 0.20078125 0.16015625 0.0859375 0.0703125
6 1 0.6442637015625 0.9000423874999999 0.695631828125 0.873551275 0.7967774796875 0.8078301296875001 0.87689193125 0.8687235984375 0.9677315703125 1 0.9643200296875 1 0.6442637015625
5 0.91171875 0.8859375 0.1765625 0.18125