6 0.2752716796875 0 0.2283166875 0.0205373140625 0.2226002875 0.0749252296875 0.23763809687499998 0.1373861515625 0.3721265640625 0.483417746875 0.45776253593750005 0.59355844375 0.5661359187499999 0.6461904953125 0.636805509375 0.6604917609375 0.6512523 0.6620101796875 0.7165193171875 0.65414089375 0.7778019359375 0.62228623125 0.869789959375 0.49448272656250003 0.9236469546875 0.374454790625 0.9562305500000001 0.1952383125 0.9586687046875 0.0973004046875 0.9484373859374999 0.0451640828125 0.6385079265625 0.011803629687500001 0.557741871875 0.003314775 0.4845632421875 0 0.2752716796875 0
5 0.59765625 0.4515625 0.153125 0.1953125
5 0.50546875 0.28125 0.1296875 0.153125
5 0.82109375 0.33046875 0.1484375 0.15625
5 0.88203125 0.16484375 0.1203125 0.159375
5 0.74375 0.23515625 0.1328125 0.1890625
5 0.746875 0.05546875 0.1453125 0.078125
5 0.590625 0.09453125 0.1390625 0.13125
5 0.64296875 0.23828125 0.1015625 0.2078125
4 0.7265625 0.2046875 0.0796875 0.09375
4 0.81875 0.3546875 0.08125 0.096875
4 0.6828125 0.4453125 0.096875 0.10625
4 0.50625 0.19453125 0.084375 0.1015625
4 0.57578125 0.225 0.084375 0.1046875
4 0.7015625 0.11015625 0.084375 0.0453125
4 0.875 0.18125 0.1109375 0.16875
2 0.50625 0.13046875 0.1265625 0.13125
2 0.646875 0.03984375 0.0953125 0.0640625
2 0.8109375 0.1703125 0.0875 0.071875
6 0 0.947556746875 0.11517742187499999 0.9545783734375 0.179204053125 0.865919221875 0.11631889843750001 0.7835599390625 0.09337385625 0.6815513765625 0 0.62936950625 0 0.947556746875
5 0.0828125 0.871875 0.165625 0.1875