6 0.0517578125 0.8203125 0.1064453125 0.8203125 0.1669921875 0.798828125 0.4970703125 0.62890625 0.59765625 0.5322265625 0.638671875 0.4189453125 0.646484375 0.3369140625 0.630859375 0.2685546875 0.5927734375 0.2109375 0.4560546875 0.1328125 0.3310546875 0.091796875 0.1494140625 0.078125 0.0517578125 0.0859375 0.0009765625 0.1015625 0 0.4912109375 0.009765625 0.6552734375 0.0234375 0.7705078125 0.0517578125 0.8203125
5 0.44140625 0.4078125 0.1828125 0.1328125
5 0.28203125 0.5171875 0.1421875 0.115625
5 0.29765625 0.1984375 0.14375 0.1328125
5 0.1265625 0.15546875 0.14921875 0.1046875
5 0.2109375 0.28515625 0.17890625 0.11328125
5 0.03203125 0.30078125 0.0640625 0.13828125
5 0.0875 0.45234375 0.1203125 0.1265625
5 0.225 0.38515625 0.20078125 0.08125
4 0.1828125 0.30546875 0.08671875 0.06953125
4 0.321875 0.1984375 0.090625 0.07265625
4 0.4265625 0.32421875 0.09609375 0.0875
4 0.1953125 0.52578125 0.09453125 0.075
4 0.21875 0.453125 0.09765625 0.075
4 0.09140625 0.340625 0.0375 0.08125
4 0.14375 0.16015625 0.159375 0.09453125
2 0.13203125 0.53203125 0.12109375 0.11328125
2 0.02734375 0.40234375 0.0546875 0.090625
2 0.13984375 0.225 0.0640625 0.08203125
6 0.8970424109374999 0.78125 0.8217075890625001 0.8523995531249999 0.72265625 0.8858816968750001 0.6766183031249999 0.9933035718750001 0.9988839281249999 0.9946986609374999 0.9919084828125 0.8356584828125 0.8970424109374999 0.78125
5 0.91484375 0.88828125 0.1703125 0.17421875