6 0.47507277031250006 0 0.332469834375 0.0177991015625 0.2792728859375 0.26833715156250004 0.25046180625000003 0.48242851875000003 0.26098454531250004 1 0.5256929375 1 0.7994286359375 0.9669896984375 0.843963184375 0.7717388781250001 0.8849563140625 0.26273199687500004 0.826362596875 0 0.47507277031250006 0
6 0.9082006421875001 0.7033309531249999 0.9421870484375001 0.67702028125 0.9658253078125 0.6131162953125 0.9756613625 0.28722279687499996 0.9532446 0.2113619140625 0.95313539375 0.211375321875 0.9126415937499999 0.2654437625 0.9056349375 0.29385316875 0.88777305625 0.597118603125 0.8903075375 0.6401972265625 0.8957345328124999 0.6843965578125 0.9071704890625 0.703457440625 0.9082006421875001 0.7033309531249999
6 0.855954728125 0 0.8799159124999999 0.175204703125 0.8972760203125001 0.185175075 0.8992426828125 0.1849336 0.93042089375 0.1591645078125 0.9460668609375 0.0942740609375 0.9394311406250001 0 0.855954728125 0
6 0.9382339859375 0.6891648265625 0.9066318546875 0.952252565625 0.9642794265625 0.9451743328125 0.983938296875 0.9118169890625 0.9923764187499999 0.7454863359375 0.9687079375 0.6381960734375001 0.9515667531249999 0.6481719171875 0.9382339859375 0.6891648265625
5 0.57109375 0.10546875 0.2046875 0.2109375
5 0.44921875 0.209375 0.1609375 0.3
5 0.51171875 0.40859375 0.240625 0.23125
5 0.4890625 0.66171875 0.2890625 0.2703125
5 0.54375 0.8703125 0.184375 0.228125
5 0.6703125 0.89765625 0.171875 0.1796875
5 0.6890625 0.4125 0.1375 0.1484375