6 0.469376609375 0 0.19246687499999998 0.0383071765625 0.1513467046875 0.23430549374999998 0.119243215625 0.7439502796874999 0.1810566609375 1 0.530064375 1 0.6759202156249999 0.979203653125 0.7247365703125 0.7277753453125 0.7498068515625 0.5132137640625001 0.7304076453125 0 0.469376609375 0
6 0.0883129140625 0.30382409843749997 0.05479086875 0.3307239078125 0.0322714875 0.3950307046875 0.02812455625 0.72104623125 0.051861860937500004 0.796504334375 0.0519708171875 0.796489021875 0.091514825 0.7417221031250001 0.09802460156250001 0.713194740625 0.11059105 0.40966376093749995 0.10730512968749999 0.3666359328125 0.1011075765625 0.322538046875 0.089340703125 0.3036796515625 0.0883129140625 0.30382409843749997
6 0.1518771375 1 0.12581040937500002 0.831376275 0.1082789390625 0.8217103984374999 0.10631679062499999 0.8219861609375 0.0755930609375 0.8482954609375 0.061081971874999995 0.9134490843749999 0.0686941828125 1 0.1518771375 1
6 0.058531378125 0.318512221875 0.08553718125000001 0.054913020312500005 0.028021921875 0.0629962625 0.0089482125 0.096691621875 0.0034142453125 0.26314420625 0.028951593749999997 0.37000505625 0.0459160671875 0.3597315765625 0.058531378125 0.318512221875
5 0.43515625 0.89375 0.2078125 0.2125
5 0.55546875 0.78984375 0.165625 0.3
5 0.48984375 0.59140625 0.24375 0.234375
5 0.5078125 0.33828125 0.2921875 0.275
5 0.45 0.13046875 0.1875 0.23125
5 0.32265625 0.10546875 0.175 0.1828125
5 0.3125 0.59140625 0.1390625 0.15