6 1 0.80078125 0.9990234375 0.7109375 1 0.25896990625 0.8116319453124999 0.19097222187500001 0.3114149296875 0.088252315625 0 0.1186342609375 0.0009765625 0.6067708328125 0.2431640625 0.6901041671875 0.4521484375 0.7447916671875 1 0.80078125
6 0.7255859375 0.1328125 0.751953125 0.12109375 0.7294921875 0.08333333281250001 0.6689453125 0.05208333281250001 0.3466796875 0.0026041671875 0.2685546875 0.015625 0.3173828125 0.0625 0.3447265625 0.07291666718749999 0.6435546875 0.1276041671875 0.7255859375 0.1328125
6 0.236328125 0.06640625 0.2138671875 0.03125 0.1513671875 0.0078125 0.0009765625 0 0 0.07421875 0.0341796875 0.0859375 0.2236328125 0.08333333281250001 0.236328125 0.06640625
6 1 0.09505208281250001 0.9677734375 0.0703125 0.8037109375 0.0416666671875 0.6943359375 0.05208333281250001 0.7021484375 0.0703125 0.7412109375 0.08854166718749999 1 0.15234375 1 0.09505208281250001
5 0.1140625 0.38046875 0.1953125 0.18203125
5 0.20546875 0.51484375 0.28515625 0.12734375
5 0.4109375 0.47734375 0.20625 0.2171875
5 0.659375 0.53046875 0.23984375 0.26171875
5 0.87265625 0.5015625 0.21015625 0.1609375
5 0.915625 0.3796875 0.1640625 0.1546875
5 0.4359375 0.3015625 0.134375 0.12265625