6 0 0.54844290625 0.041015625 0.65916955 0.1123046875 0.7439446359375 0.23979584843750001 0.845802025 0.38415401562499996 0.9000346671875 0.4560206421875 0.6897448890625 0.42977371875000003 0.954267315625 0.7459869109375 0.9055686125 0.9078430140625 0.79156938125 0.980959475 0.6089493078125 0.9909583468750001 0.49716370625 0.9615867890625 0.3975527578125 0.935339865625 0.304582521875 0.8416007890625 0.1551661 0.720989825 0.053341587499999996 0.5303870328125 0.005749678124999999 0.3623046875 0.017301037499999998 0.2490234375 0.055363321875 0.0927734375 0.14186851250000002 0.0654296875 0.1695501734375 0.017578125 0.2577854671875 0 0.2993079578125 0 0.54844290625
3 0.265625 0.35625 0.10234375 0.13359375
3 0.28125 0.21953125 0.0671875 0.05078125
3 0.3640625 0.18671875 0.06953125 0.09140625
3 0.50234375 0.18359375 0.11875 0.109375
3 0.6390625 0.24453125 0.13046875 0.1375
3 0.6328125 0.5515625 0.146875 0.17265625
5 0.534375 0.6453125 0.10625 0.10625
5 0.55390625 0.4765625 0.065625 0.0921875
5 0.65859375 0.440625 0.10859375 0.09375
5 0.8296875 0.58125 0.07265625 0.096875
5 0.79921875 0.47421875 0.09609375 0.08515625
5 0.6703125 0.38125 0.090625 0.05078125
5 0.58828125 0.32578125 0.071875 0.11171875
5 0.65390625 0.25703125 0.08515625 0.09296875
5 0.753125 0.28203125 0.0890625 0.09609375
5 0.6125 0.15390625 0.1078125 0.06640625
5 0.528125 0.26484375 0.034375 0.10234375
5 0.49375 0.34921875 0.0578125 0.075
5 0.44140625 0.26796875 0.053125 0.0765625
5 0.38046875 0.2390625 0.06015625 0.078125
5 0.4328125 0.4328125 0.07109375 0.10390625
5 0.43828125 0.52421875 0.10234375 0.09296875
5 0.29921875 0.609375 0.1125 0.12734375
5 0.23359375 0.5078125 0.1109375 0.103125
5 0.21640625 0.4328125 0.0859375 0.04609375
5 0.18984375 0.31015625 0.08046875 0.0890625