6 0.496155103125 0 0.3898116140625 0.027157532812500003 0.2980491984375 0.08919465625 0.1834233390625 0.20534040937500003 0.11439825156250001 0.3432389125 0.31602393281249996 0.4366931140625 0.0566615828125 0.3831396125 0.0560045703125 0.3893906734375 0.07107278593750001 0.702511196875 0.167528946875 0.8753968000000001 0.3415058578125 0.9672017171875 0.4452087890625 0.9875687109375001 0.4536624640625 0.9884572281249999 0.5537693531250001 0.9700321109375001 0.6489738390625 0.9536470093749999 0.80737014375 0.8760397140625 0.9212441296874999 0.766733028125 0.9884987421875 0.5821490875 0.9945800515625001 0.41378006875000006 0.9685673906250001 0.29714079375 0.8988686578125 0.13270449374999999 0.8741968390625001 0.10261701406249998 0.7914467578125 0.045804487500000005 0.751989146875 0.023982375 0.5238120953125 0 0.496155103125 0
3 0.6671875 0.28203125 0.14375 0.1171875
3 0.8015625 0.31171875 0.0578125 0.0734375
3 0.82578125 0.39765625 0.0984375 0.078125
3 0.8140625 0.53515625 0.121875 0.1296875
3 0.73984375 0.66484375 0.15 0.1453125
3 0.43515625 0.6265625 0.1859375 0.1640625
5 0.3515625 0.51875 0.1171875 0.1171875
5 0.51796875 0.55625 0.096875 0.075
5 0.5421875 0.6640625 0.1046875 0.1171875
5 0.384375 0.81953125 0.103125 0.08125
5 0.49453125 0.8 0.0953125 0.103125
5 0.6 0.68203125 0.059375 0.0953125
5 0.6640625 0.60625 0.1171875 0.0828125
5 0.72578125 0.678125 0.1 0.0953125
5 0.690625 0.77421875 0.1046875 0.096875
5 0.8328125 0.6484375 0.078125 0.1125
5 0.73125 0.55234375 0.1046875 0.0453125
5 0.65078125 0.509375 0.08125 0.0640625
5 0.73671875 0.465625 0.08125 0.0609375
5 0.771875 0.40859375 0.084375 0.06875
5 0.57421875 0.43984375 0.109375 0.0828125
5 0.48203125 0.4359375 0.1015625 0.1109375
5 0.4125 0.2890625 0.1390625 0.125
5 0.5203125 0.234375 0.1140625 0.121875
5 0.59609375 0.225 0.05625 0.090625
5 0.72109375 0.21171875 0.096875 0.0890625