6 1 0.5099618312499999 0.9961685359375 0.2904574171875 0.9778684203125 0.24924803125 0.9284842281250001 0.1618613015625 0.9006615312499999 0.134661071875 0.7429256046875 0.05089599375 0.6289973296875 0.0148165375 0.460738984375 0.006200378125 0.27099581562499997 0.0571115171875 0.1521803046875 0.161025471875 0.06106318125 0.31205510937500003 0.0364428109375 0.4054692578125 0.0093629171875 0.5035893546875 0.009511265625 0.5120883015625 0.0207624515625 0.6171717109375 0.09705493750000001 0.7984879125 0.26087595 0.9096450031250001 0.5714916734375 0.95194613125 0.577776209375 0.9518364343749999 0.5470314125 0.688793540625 0.62255715625 0.8977970453124999 0.765946846875 0.841053265625 0.8916409328125001 0.7369863624999999 0.9614396078125 0.6509800234374999 1 0.5410273078125 1 0.5099618312499999
3 0.73203125 0.35234375 0.1046875 0.1359375
3 0.7140625 0.215625 0.0703125 0.053125
3 0.63046875 0.184375 0.0703125 0.09375
3 0.4921875 0.18359375 0.1203125 0.1109375
3 0.35625 0.246875 0.134375 0.1390625
3 0.36796875 0.55390625 0.15 0.175
5 0.46796875 0.64609375 0.1078125 0.1078125
5 0.4453125 0.47734375 0.0671875 0.0921875
5 0.340625 0.44375 0.109375 0.0953125
5 0.171875 0.58671875 0.0734375 0.0984375
5 0.2 0.4796875 0.096875 0.0875
5 0.32734375 0.384375 0.0921875 0.0515625
5 0.40859375 0.32734375 0.0734375 0.1125
5 0.3421875 0.259375 0.0875 0.09375
5 0.24296875 0.28671875 0.0890625 0.096875
5 0.38125 0.15625 0.1078125 0.06875
5 0.46796875 0.265625 0.0359375 0.1015625
5 0.50390625 0.34921875 0.0578125 0.0765625
5 0.5546875 0.2671875 0.0546875 0.078125
5 0.61484375 0.23671875 0.0625 0.0796875
5 0.565625 0.43203125 0.0734375 0.1046875
5 0.5625 0.5234375 0.103125 0.09375
5 0.70234375 0.60546875 0.1140625 0.1296875
5 0.76640625 0.503125 0.1125 0.1046875
5 0.78203125 0.428125 0.0875 0.0484375
5 0.80703125 0.3046875 0.08125 0.090625