6 0.9584263390625001 0.193917409375 0.966796875 0.002790178125 0 0.0013950890625 0.005580357812500001 0.5650111609375 0.25669642812500004 0.5747767859375 0.5970982140625 0.5078125 0.791015625 0.412946428125 0.9584263390625001 0.193917409375
5 0.3296875 0.3828125 0.27734375 0.225
5 0.75390625 0.16484375 0.271875 0.20625
5 0.25390625 0.07890625 0.259375 0.1578125
4 0.42890625 0.30078125 0.21328125 0.14921875
4 0.60234375 0.303125 0.140625 0.11015625
4 0.8859375 0.14375 0.1140625 0.103125
4 0.87890625 0.046875 0.10859375 0.0765625
4 0.4796875 0.1046875 0.078125 0.13125
4 0.590625 0.0421875 0.11328125 0.08359375
4 0.55625 0.1734375 0.090625 0.0796875
4 0.259375 0.28046875 0.1421875 0.16171875
4 0.3828125 0.1703125 0.12109375 0.08671875
4 0.33515625 0.11484375 0.09609375 0.09609375
4 0.24375 0.0375 0.1265625 0.06953125
4 0.06953125 0.0515625 0.1390625 0.103125
4 0.23046875 0.2875 0.13125 0.1140625
4 0.24765625 0.178125 0.16640625 0.1296875
4 0.0578125 0.2390625 0.115625 0.1109375
4 0.24375 0.15625 0.14609375 0.10625