6 1 0.5610827765625 0.9905543874999999 0.40956780625 0.8042496124999999 0.41208131562499994 0.7265844203125 0.4161515765625 0.4028407328125 0.4976457296875 0.214153984375 0.60253064375 0.05843579375 0.8300210921875 0.059887784374999996 0.9990057437500001 0.059939890625000006 1 0.4785270515625 1 1 0.97342525625 1 0.5610827765625
5 0.6765625 0.6078125 0.2890625 0.2390625
5 0.2640625 0.84765625 0.2828125 0.2203125
5 0.76796875 0.9078125 0.2671875 0.171875
4 0.58125 0.6953125 0.221875 0.159375
4 0.4078125 0.70234375 0.146875 0.1171875
4 0.13359375 0.87578125 0.1203125 0.109375
4 0.14453125 0.965625 0.1109375 0.06875
4 0.540625 0.89375 0.084375 0.1359375
4 0.43359375 0.9578125 0.1171875 0.084375
4 0.4609375 0.82890625 0.0953125 0.0828125
4 0.7515625 0.70625 0.1515625 0.16875
4 0.634375 0.8234375 0.1265625 0.09375
4 0.68515625 0.87578125 0.1 0.1
4 0.78046875 0.9484375 0.128125 0.075
4 0.940625 0.92421875 0.11875 0.1109375
4 0.78046875 0.6984375 0.1375 0.11875
4 0.76875 0.80859375 0.1734375 0.1390625
4 0.946875 0.7375 0.10625 0.115625
4 0.77421875 0.8296875 0.1515625 0.1140625