6 0.48698513125 1 0.6159818921875 0.9851492437499999 0.6037213890625 0.799231340625 0.595592025 0.72188560625 0.4972661203125 0.402850671875 0.38264984687500003 0.21991176562499998 0.1473215046875 0.0763129125 0 0.0853036046875 0 0.508955940625 0.05089451406249999 1 0.48698513125 1
5 0.4015625 0.68125 0.253125 0.3
5 0.13984375 0.2828125 0.2328125 0.2921875
5 0.10703125 0.7890625 0.184375 0.275
4 0.309375 0.59140625 0.1703125 0.228125
4 0.29375 0.41875 0.1234375 0.1515625
4 0.10546875 0.153125 0.1140625 0.125
4 0.02578125 0.1703125 0.0515625 0.115625
4 0.10859375 0.56171875 0.1390625 0.0921875
4 0.04140625 0.45703125 0.0828125 0.1203125
4 0.16953125 0.478125 0.0875 0.0984375
4 0.30703125 0.7625 0.175 0.159375
4 0.184375 0.65078125 0.1 0.1296875
4 0.134375 0.70390625 0.1046875 0.1046875
4 0.0671875 0.803125 0.08125 0.13125
4 0.09921875 0.95 0.1171875 0.1
4 0.3171875 0.790625 0.125 0.1421875
4 0.20625 0.784375 0.1484375 0.1796875
4 0.28671875 0.9515625 0.1203125 0.096875
4 0.18515625 0.790625 0.1203125 0.1578125