6 0.0255177171875 0 0 0.48690704218749997 0 0.9744822828125 0.48690704218749997 1 0.9744822828125 1 1 0.5130929562500001 1 0.1452118625 0.9717623109375 0.072566553125 0.909683075 0.0207844078125 0.5130929531249999 0 0.0255177171875 0
8 0.66484375 0.746875 0.5203125 0.50625
8 0.1453125 0.18359375 0.18125 0.33125
8 0.07734375 0.8578125 0.1546875 0.246875
2 0.26796875 0.69453125 0.1734375 0.2234375
2 0.14296875 0.50234375 0.171875 0.190625
2 0.02890625 0.384375 0.0546875 0.1390625
2 0.06796875 0.321875 0.05625 0.0734375
2 0.05078125 0.234375 0.0609375 0.08125
2 0.2484375 0.11875 0.0609375 0.0875
2 0.3 0.27109375 0.090625 0.1
2 0.38671875 0.16640625 0.1046875 0.0671875
2 0.2359375 0.40859375 0.115625 0.1203125
2 0.40859375 0.7625 0.125 0.15
2 0.43515625 0.62578125 0.08125 0.1328125
2 0.55859375 0.49609375 0.159375 0.21875
2 0.34375 0.94453125 0.0671875 0.0984375
2 0.28515625 0.93671875 0.059375 0.0421875
2 0.27109375 0.96796875 0.046875 0.0421875
2 0.19140625 0.83671875 0.0453125 0.096875
2 0.12265625 0.8796875 0.1140625 0.0828125
2 0.10703125 0.43984375 0.08125 0.1140625