6 0 0 0 0.8840414125 0.048462204687499996 0.9487456390625001 0.16228819375 1 1 1 1 0 0 0
8 0.7484375 0.67890625 0.503125 0.4953125
8 0.20234375 0.12890625 0.3234375 0.16328125
8 0.88046875 0.084375 0.2390625 0.16875
2 0.70625 0.278125 0.215625 0.1625
2 0.52109375 0.14375 0.1828125 0.16328125
2 0.409375 0.0234375 0.13671875 0.04609375
2 0.34453125 0.059375 0.0703125 0.05234375
2 0.25859375 0.0375 0.078125 0.05546875
2 0.1328125 0.22890625 0.08359375 0.05625
2 0.28203125 0.28828125 0.09453125 0.08515625
2 0.17265625 0.36953125 0.0625 0.1015625
2 0.42265625 0.23125 0.11484375 0.109375
2 0.7671875 0.42265625 0.14296875 0.1171875
2 0.62890625 0.4421875 0.1296875 0.07578125
2 0.49296875 0.55859375 0.2109375 0.14765625
2 0.95234375 0.3671875 0.0953125 0.0625
2 0.94765625 0.30859375 0.0390625 0.0578125
2 0.9796875 0.29609375 0.040625 0.0453125
2 0.85234375 0.209375 0.09609375 0.04140625
2 0.89921875 0.14296875 0.07578125 0.11015625
2 0.46015625 0.1046875 0.11015625 0.075