6 0.049797978124999996 0 0 0.473796109375 0 0.9502020218749999 0.473796109375 1 0.9502020218749999 1 1 0.5262038875 1 0.10766133281250001 0.995970915625 0.1009111890625 0.8881260171875001 0.0380395484375 0.526203890625 0 0.049797978124999996 0
8 0.2734375 0.29609375 0.546875 0.5453125
8 0.75703125 0.9 0.3390625 0.196875
8 0.10234375 0.87265625 0.2046875 0.1921875
2 0.271875 0.69921875 0.23125 0.184375
2 0.44140625 0.85234375 0.1984375 0.18125
2 0.53984375 0.9765625 0.1421875 0.046875
2 0.60859375 0.9546875 0.075 0.0609375
2 0.69140625 0.9765625 0.0828125 0.046875
2 0.83671875 0.8078125 0.0890625 0.0640625
2 0.69453125 0.73359375 0.103125 0.0953125
2 0.81171875 0.6640625 0.0734375 0.1078125
2 0.5484375 0.775 0.125 0.1203125
2 0.2265625 0.54921875 0.1546875 0.13125
2 0.365625 0.54375 0.1375 0.0875
2 0.51328125 0.4421875 0.225 0.1703125
2 0.04296875 0.584375 0.0859375 0.071875
2 0.03515625 0.64375 0.0453125 0.0609375
2 0.01171875 0.6515625 0.0234375 0.05
2 0.11953125 0.75234375 0.0984375 0.05
2 0.065625 0.81328125 0.0875 0.11875
2 0.4984375 0.89765625 0.11875 0.0859375