6 1 0.446637115625 0.927231096875 0.40080592031249995 0.8392029187500001 0.3714013921875 0.7661117187500001 0.358513440625 0.6640572406249999 0.3524180140625 0.5650598687499999 0.362727678125 0.4501127453125 0.3960072859375 0.37601111875000004 0.43946394062499994 0.300782884375 0.5174289078125 0.2806965078125 0.5919778078125 0.2777470578125 0.6087049765625 0.2767074609375 0.6877102093749999 0.290859334375 0.7536697296875 0.383991296875 0.8722290453125 0.463312890625 0.9397634703125 0.55369495625 1 0.8659116375 1 0.9253928640625 0.9668624265625001 0.9434296640625 0.8645706499999999 1 0.5401731062499999 1 0.446637115625
8 0.55859375 0.853125 0.1390625 0.1265625
8 0.8 0.8765625 0.153125 0.14375
8 0.65546875 0.8109375 0.128125 0.1765625
8 0.83671875 0.78515625 0.128125 0.134375
8 0.75 0.7078125 0.1125 0.11875
8 0.61953125 0.571875 0.10625 0.090625
8 0.50859375 0.5125 0.1703125 0.140625
8 0.39375 0.5125 0.0953125 0.0890625
8 0.52578125 0.64140625 0.1296875 0.1296875
8 0.64140625 0.4984375 0.1203125 0.109375
8 0.725 0.46171875 0.134375 0.0921875
8 0.93203125 0.4734375 0.0984375 0.1125
8 0.9296875 0.65546875 0.1078125 0.090625
8 0.90546875 0.71171875 0.1359375 0.0796875
2 0.41796875 0.7546875 0.1375 0.1546875
2 0.503125 0.75078125 0.140625 0.1359375
2 0.646875 0.68671875 0.146875 0.1671875
2 0.5484375 0.65234375 0.090625 0.134375
2 0.62578125 0.43515625 0.134375 0.134375
2 0.81484375 0.5140625 0.1421875 0.1265625
2 0.834375 0.65 0.115625 0.165625
2 0.740625 0.80546875 0.1296875 0.1328125
2 0.7109375 0.58984375 0.1125 0.1265625