6 0 0.865159796875 0.01522643125 0.881558359375 0.10347444218749999 0.941296475 0.2225742484375 0.9639518203125 0.2819568796875 0.9624359078125 0.3989971296875 0.9295768546875 0.4953057328125 0.8898595203124999 0.6205163359375 0.8058822703124999 0.6543581796875 0.7475242078125001 0.677783425 0.6720645125 0.680147309375 0.6552445984374999 0.6840809078125 0.57813735 0.6366271046875001 0.4807414578125 0.5795811140625 0.41651306093749996 0.4805438671875 0.34934165781250004 0.38957763437500004 0.308944715625 0.29063446718749997 0.2832052421875 0.217138009375 0.2728759890625 0.1243317375 0.2736391546875 0.024123540625000002 0.2990022 0 0.46833561875 0 0.865159796875
8 0.33515625 0.81796875 0.1359375 0.121875
8 0.0984375 0.765625 0.15 0.1390625
8 0.25625 0.74765625 0.1234375 0.1734375
8 0.09140625 0.6671875 0.125 0.13125
8 0.1984375 0.6203125 0.109375 0.115625
8 0.3640625 0.53125 0.1046875 0.0875
8 0.4875 0.509375 0.1671875 0.1359375
8 0.596875 0.54453125 0.0921875 0.0875
8 0.43203125 0.62578125 0.1265625 0.1265625
8 0.365625 0.45546875 0.11875 0.10625
8 0.29765625 0.39453125 0.1328125 0.0890625
8 0.096875 0.340625 0.0953125 0.1109375
8 0.0484375 0.515625 0.096875 0.0875
8 0.0578125 0.5765625 0.115625 0.075
2 0.49921875 0.7671875 0.1328125 0.15
2 0.41953125 0.7375 0.1375 0.1328125
2 0.30234375 0.63203125 0.1421875 0.1640625
2 0.40703125 0.6296875 0.0875 0.13125
2 0.40078125 0.39921875 0.13125 0.13125
2 0.19609375 0.41640625 0.1390625 0.121875
2 0.13515625 0.53984375 0.1109375 0.1625
2 0.1765625 0.71640625 0.1265625 0.1296875
2 0.271875 0.5203125 0.1078125 0.125