6 0.2900390625 0.998046875 0.3486328125 0.98828125 0.4599609375 0.939453125 0.5498046875 0.88671875 0.662109375 0.7861328125 0.6875 0.7236328125 0.701171875 0.6396484375 0.693359375 0.5517578125 0.6328125 0.4619140625 0.5673828125 0.40625 0.4599609375 0.353515625 0.3642578125 0.326171875 0.2626953125 0.314453125 0.1884765625 0.314453125 0.0966796875 0.328125 0.0009765625 0.3671875 0 0.8857421875 0.0732421875 0.9453125 0.1689453125 0.9921875 0.2900390625 0.998046875
8 0.38125 0.8375 0.12109375 0.1046875
8 0.1390625 0.81875 0.13515625 0.12265625
8 0.29296875 0.77890625 0.10078125 0.16015625
8 0.11875 0.72265625 0.10859375 0.1171875
8 0.21796875 0.6609375 0.09453125 0.103125
8 0.36953125 0.55 0.09453125 0.075
8 0.4890625 0.5109375 0.15234375 0.1171875
8 0.60234375 0.53046875 0.08203125 0.0765625
8 0.45 0.634375 0.11328125 0.1140625
8 0.3609375 0.47421875 0.10625 0.0921875
8 0.28515625 0.4234375 0.12421875 0.07109375
8 0.07890625 0.3984375 0.08203125 0.09921875
8 0.05 0.57890625 0.09765625 0.075
8 0.0640625 0.63828125 0.128125 0.0578125
2 0.53671875 0.76484375 0.115625 0.13515625
2 0.453125 0.74609375 0.12265625 0.1171875
2 0.32265625 0.65859375 0.12421875 0.14765625
2 0.42578125 0.64140625 0.06953125 0.12421875
2 0.3875 0.4140625 0.115625 0.1171875
2 0.1875 0.459375 0.12421875 0.10625
2 0.14453125 0.58984375 0.090625 0.15078125
2 0.21015625 0.759375 0.11015625 0.115625
2 0.2765625 0.5515625 0.09453125 0.11328125