6 0.140635946875 0.35807535625 0.053324634375 0.46702411406250005 0.0475033140625 0.5662162093750001 0.1434215328125 0.6346901328125 0.268888409375 0.687293125 0.4923431609375 0.6873736859374999 0.6511883515625 0.666750615625 0.7594450578124999 0.6337696609375 0.8870754484375001 0.5506373078125 0.9512273640625001 0.47319486875 0.9610921984375 0.387626659375 0.9605708921874999 0.3826667578125 0.9095066921875 0.32636086875000003 0.7149552390625 0.241741290625 0.5721398062499999 0.227293546875 0.4453870140625 0.240615803125 0.2436948640625 0.2912727515625 0.140635946875 0.35807535625
2 0.68046875 0.36328125 0.1578125 0.075
2 0.65546875 0.446875 0.0625 0.0484375
2 0.78125 0.44609375 0.0703125 0.0703125
2 0.69609375 0.5671875 0.2078125 0.1140625
2 0.56796875 0.58359375 0.0625 0.0359375
2 0.4984375 0.6359375 0.046875 0.065625
2 0.38828125 0.625 0.1578125 0.05
2 0.35234375 0.54453125 0.0421875 0.04375
2 0.29453125 0.43359375 0.05625 0.028125
2 0.2078125 0.4890625 0.06875 0.0328125