6 0.47222222187499996 0.763671875 0.5996732031249999 0.763671875 0.740196078125 0.734375 0.9248366015625 0.6298828125 0.9705882359375 0.5673828125 0.9509803921875 0.4794921875 0.8790849671875 0.4091796875 0.7434640515625001 0.33984375 0.6323529406249999 0.318359375 0.47222222187499996 0.314453125 0.25 0.337890625 0.1307189546875 0.4033203125 0.042483659374999996 0.4814453125 0.0586414875 0.5794855296875 0.1568627453125 0.6787109375 0.26633986875 0.734375 0.47222222187499996 0.763671875
2 0.69375 0.6171875 0.15390625 0.0609375
2 0.66015625 0.53671875 0.05703125 0.04296875
2 0.78515625 0.52421875 0.0640625 0.06328125
2 0.68828125 0.4125 0.1984375 0.09296875
2 0.55859375 0.41015625 0.059375 0.02890625
2 0.484375 0.36484375 0.040625 0.06171875
2 0.37578125 0.3875 0.15546875 0.034375
2 0.3484375 0.47109375 0.0375 0.040625
2 0.30234375 0.5875 0.0546875 0.02265625
2 0.2109375 0.54140625 0.06484375 0.02578125