6 0.5409630203125 0.23811305625 0.41368670625000004 0.23144278749999997 0.2718231328125 0.2533451140625 0.08196695312499999 0.348030759375 0.033919556249999996 0.4069319765625 0.033658545312499996 0.41191236406250004 0.047988156250000004 0.49684701875000004 0.1161051765625 0.5708258749999999 0.24791146562500002 0.6471646390625 0.3577459 0.6744346765625 0.5174527265625 0.6867161687500001 0.740597025 0.6749410015625 0.863138925 0.6158436703125 0.95534204375 0.542443615625 0.9443373875000001 0.443692125 0.8514437953125 0.33946219843750003 0.7450299390625 0.27814483125 0.5409630203125 0.23811305625
2 0.3125 0.37265625 0.15625 0.0671875
2 0.3421875 0.4546875 0.059375 0.0453125
2 0.21640625 0.4609375 0.0671875 0.0671875
2 0.30703125 0.57734375 0.203125 0.1046875
2 0.43671875 0.58671875 0.0609375 0.0328125
2 0.50859375 0.6359375 0.04375 0.0625
2 0.61796875 0.61875 0.15625 0.0421875
2 0.65 0.53671875 0.0390625 0.0421875
2 0.70234375 0.42265625 0.05625 0.025
2 0.790625 0.4734375 0.0671875 0.0296875