6 0.4781695265625 0 0.274548496875 0.01781453125 0.0883696890625 0.0635118515625 0 0.1655459765625 0 0.5100654296875 0.0428637203125 1 0.5165380734375 1 1 0.9572263124999999 1 0.49609720468749996 0.9621168296875 0.06309058906250001 0.851485509375 0 0.4781695265625 0
3 0.21640625 0.2328125 0.209375 0.1265625
3 0.18828125 0.4 0.196875 0.165625
3 0.30625 0.6765625 0.2203125 0.1984375
3 0.90703125 0.38984375 0.1859375 0.1921875
3 0.515625 0.39453125 0.1625 0.2015625
3 0.63671875 0.121875 0.121875 0.1125
2 0.63671875 0.11796875 0.0390625 0.040625
2 0.61484375 0.190625 0.109375 0.0625
2 0.48046875 0.2671875 0.18125 0.11875
2 0.64140625 0.3078125 0.090625 0.0765625
2 0.60703125 0.4390625 0.0953125 0.153125
2 0.684375 0.44765625 0.0859375 0.075
2 0.49140625 0.5546875 0.2359375 0.09375
2 0.39921875 0.63203125 0.0984375 0.125
2 0.37734375 0.4578125 0.1765625 0.1390625
2 0.0828125 0.41484375 0.1125 0.1484375
2 0.07421875 0.5234375 0.1484375 0.1125
2 0.56640625 0.8390625 0.278125 0.26875