6 0.3173828125 0 0.1279296875 0.029296875 0.0009765625 0.15234375 0.0009765625 1 1 0.9990234375 0.9990234375 0.10546875 0.8720703125 0.017578125 0.7802734375 0 0.3173828125 0
3 0.240625 0.209375 0.19921875 0.10859375
3 0.1984375 0.3734375 0.18359375 0.14921875
3 0.29140625 0.659375 0.2046875 0.18203125
3 0.91484375 0.42578125 0.16953125 0.178125
3 0.525 0.39609375 0.14765625 0.18828125
3 0.66953125 0.13515625 0.11484375 0.103125
2 0.66953125 0.13125 0.03671875 0.0359375
2 0.64140625 0.2015625 0.10390625 0.053125
2 0.50078125 0.26640625 0.1734375 0.10546875
2 0.6578125 0.32109375 0.08515625 0.06875
2 0.61171875 0.4484375 0.0828125 0.1484375
2 0.68828125 0.4640625 0.07890625 0.06796875
2 0.48671875 0.55390625 0.2296875 0.07265625
2 0.38828125 0.62265625 0.0890625 0.1171875
2 0.38125 0.446875 0.16484375 0.125
2 0.0921875 0.37890625 0.1 0.140625
2 0.071875 0.48671875 0.14375 0.1
2 0.53671875 0.84375 0.2578125 0.24609375