6 0.01021410625 0 0 0.5851657546875 0 0.8899868796874999 0.1195181125 0.975854025 0.210994225 0.99503155 0.49563655781250004 1 0.696546571875 1 0.863749921875 0.9771241046875 0.9928311750000001 0.8563116078125 1 0.44560987656249995 1 0.008658823437500001 0.474498775 0 0.01021410625 0
3 0.75390625 0.7953125 0.2015625 0.1125
3 0.79921875 0.63203125 0.1875 0.153125
3 0.71171875 0.34453125 0.2078125 0.184375
3 0.08515625 0.5671875 0.1703125 0.18125
3 0.4734375 0.603125 0.15 0.1921875
3 0.32421875 0.86171875 0.115625 0.1046875
2 0.32421875 0.865625 0.0359375 0.0375
2 0.353125 0.79609375 0.10625 0.0546875
2 0.4953125 0.73359375 0.175 0.1078125
2 0.3390625 0.67578125 0.0859375 0.0703125
2 0.3875 0.54921875 0.0859375 0.1484375
2 0.3109375 0.5328125 0.08125 0.0703125
2 0.5140625 0.44609375 0.23125 0.078125
2 0.6140625 0.3796875 0.090625 0.11875
2 0.61796875 0.55546875 0.1671875 0.128125
2 0.90546875 0.628125 0.103125 0.1421875
2 0.92734375 0.5203125 0.1453125 0.103125
2 0.46953125 0.15546875 0.2625 0.2515625