6 1 0.2135721390625 0.9322878390625 0.186798015625 0.8352008015625 0.1589082765625 0.6611140468750001 0.11205348906249998 0.41002723281250003 0.094204075 0.253795353125 0.108706771875 0.1422012125 0.1488679546875 0 0.20130067031249999 0 1 1 1 1 0.2135721390625
5 0.25234375 0.25625 0.096875 0.06875
5 0.2828125 0.3515625 0.12421875 0.07421875
5 0.13984375 0.33984375 0.13125 0.065625
5 0.16953125 0.4734375 0.22734375 0.16171875
5 0.02734375 0.5953125 0.0546875 0.14296875
5 0.1734375 0.7015625 0.16484375 0.13046875
5 0.33046875 0.6328125 0.15859375 0.125
5 0.32421875 0.53203125 0.14296875 0.075
5 0.44765625 0.55390625 0.08828125 0.11875
5 0.51640625 0.4375 0.15546875 0.1015625
5 0.52109375 0.328125 0.096875 0.06953125
5 0.45390625 0.24453125 0.1453125 0.0625
5 0.36328125 0.18046875 0.09140625 0.05703125
5 0.46875 0.15234375 0.08046875 0.08125
5 0.58359375 0.19765625 0.1484375 0.059375
5 0.61328125 0.26953125 0.13203125 0.07265625
5 0.69921875 0.25859375 0.075 0.05703125
5 0.8015625 0.1828125 0.11484375 0.06875
5 0.9390625 0.271875 0.12109375 0.06640625
5 0.9296875 0.36875 0.11484375 0.06171875
5 0.7609375 0.33515625 0.121875 0.08046875
5 0.70546875 0.4015625 0.09296875 0.03515625
5 0.675 0.4640625 0.07890625 0.0703125
5 0.70859375 0.54375 0.14765625 0.121875
5 0.659375 0.659375 0.14921875 0.11015625
5 0.75859375 0.81796875 0.1578125 0.14296875
5 0.9171875 0.8265625 0.1625 0.065625
5 0.4546875 0.840625 0.11328125 0.1328125
5 0.50625 0.68203125 0.06484375 0.1296875
5 0.91484375 0.60234375 0.1578125 0.1265625