6 0.06535663124999999 0 0 0.4650365953125 0 0.93464336875 0.4650365953125 1 0.7333073359375 1 0.749429015625 0.971591140625 0.7905592375 0.87933045 0.8611862312499999 0.713458821875 0.913806465625 0.467299725 0.9211881828124999 0.3105698984375 0.8969487484374999 0.194472428125 0.8648168890625 0.046357884375000005 0.5349634015625 0 0.06535663124999999 0
5 0.77578125 0.2890625 0.08125 0.10625
5 0.67734375 0.30546875 0.0921875 0.134375
5 0.70859375 0.165625 0.0828125 0.1390625
5 0.57265625 0.1765625 0.1921875 0.246875
5 0.4703125 0.02734375 0.15 0.0546875
5 0.34609375 0.1484375 0.153125 0.1828125
5 0.3921875 0.31328125 0.1453125 0.1734375
5 0.49296875 0.32109375 0.09375 0.1515625
5 0.45390625 0.440625 0.1296875 0.1046875
5 0.559375 0.525 0.1203125 0.1671875
5 0.6671875 0.54453125 0.08125 0.10625
5 0.759375 0.48984375 0.0828125 0.153125
5 0.83515625 0.409375 0.0703125 0.1
5 0.8484375 0.5171875 0.0921875 0.0921875
5 0.7875 0.625 0.0796875 0.1546875
5 0.7125 0.64453125 0.090625 0.1421875
5 0.71171875 0.73125 0.0671875 0.0828125
5 0.771875 0.84296875 0.084375 0.1234375
5 0.6640625 0.95078125 0.08125 0.0984375
5 0.5703125 0.940625 0.078125 0.11875
5 0.6265625 0.78125 0.0953125 0.13125
5 0.56875 0.7171875 0.046875 0.0953125
5 0.5109375 0.678125 0.0828125 0.0875
5 0.42734375 0.70078125 0.140625 0.1640625
5 0.3203125 0.6359375 0.1296875 0.1640625
5 0.14921875 0.71171875 0.1625 0.1765625
5 0.11875 0.86796875 0.0875 0.1703125
5 0.16875 0.4078125 0.1453125 0.1296875
5 0.31875 0.48046875 0.1375 0.0828125
5 0.340625 0.896875 0.146875 0.1734375