6 1 0.4912724671875 0.989290765625 0.1846001296875 0.8453463031249999 0.1371621046875 0.7324185375 0.1009199671875 0.57577569375 0.09187851875 0.3254647703125 0.1184798625 0.1531192734375 0.17138164843749998 0.057064715625 0.20264268593749998 0 0.227543265625 0 0.508727521875 0.0171556125 1 0.5087275484375 1 1 0.9828443874999999 1 0.4912724671875
5 0.7390625 0.24765625 0.0984375 0.071875
5 0.71171875 0.34375 0.128125 0.0796875
5 0.8546875 0.32734375 0.1328125 0.0703125
5 0.8296875 0.46171875 0.2328125 0.1703125
5 0.97265625 0.57890625 0.0546875 0.1453125
5 0.83359375 0.68984375 0.1703125 0.1375
5 0.67421875 0.6265625 0.1625 0.1296875
5 0.6765625 0.52578125 0.1453125 0.0796875
5 0.55390625 0.55234375 0.09375 0.121875
5 0.48125 0.43828125 0.1578125 0.1046875
5 0.47265625 0.32890625 0.0984375 0.071875
5 0.5375 0.24296875 0.146875 0.0671875
5 0.62578125 0.17578125 0.09375 0.0609375
5 0.51875 0.1515625 0.084375 0.084375
5 0.40625 0.20078125 0.15 0.0640625
5 0.37890625 0.2734375 0.1359375 0.078125
5 0.2921875 0.265625 0.0765625 0.0609375
5 0.1875 0.19375 0.1171875 0.0734375
5 0.05703125 0.28671875 0.1140625 0.0703125
5 0.065625 0.38359375 0.1171875 0.0671875
5 0.23359375 0.34453125 0.125 0.084375
5 0.29140625 0.40859375 0.09375 0.0375
5 0.32421875 0.4703125 0.08125 0.075
5 0.29296875 0.55078125 0.153125 0.1265625
5 0.34609375 0.66484375 0.153125 0.1140625
5 0.25234375 0.8265625 0.1625 0.146875
5 0.09453125 0.840625 0.1640625 0.071875
5 0.55703125 0.8390625 0.1171875 0.134375
5 0.5 0.68203125 0.0703125 0.13125
5 0.0890625 0.61640625 0.1625 0.13125