6 0.26734899375 0 0.2482373875 0.023279809375 0.14415639062500002 0.06867609531249999 0.1063823421875 0.080387078125 0.0693238234375 0.07844492343750001 0.0205667625 0.094469825 0 0.486907028125 0 0.8307261171875 0.0005084765625 0.831735140625 0.0711417828125 0.8647739546875 0.10193178750000001 0.8370505109374999 0.192155209375 0.794839590625 0.24480902031250001 0.7604387578125 0.29408132187499997 0.7532419828125 0.30259864531249997 0.7399977203125 0.3183044515625 0.7388650203125 0.326821775 0.7256207578125 0.336574015625 0.72613185 0.3431408921875 0.71278536875 0.3687011578125 0.7102133140625 0.409550059375 0.67714961875 0.452766578125 0.673547084375 0.5475415296875 0.7870612265625 0.5693197046875 0.8566557593749999 0.5894457937500001 0.8831359937500001 0.6171775328125 0.951086734375 0.6324744625000001 0.957755828125 0.652081109375 1 0.7388771921874999 1 0.7447868625 0.997868465625 0.7998082890625 0.9929287953125 0.9747187374999999 0.9395096921875 1 0.490305965625 1 0.1637610390625 0.94117421875 0.12413666718750001 0.7585393140625001 0.0637142375 0.692428509375 0.05633790625 0.64438283125 0.040129301562500004 0.5682131296875 0.038093221875 0.512161221875 0.0253766390625 0.350069575 0.0207933875 0.330871746875 0.0139198546875 0.3215286046875 0 0.26734899375 0
3 0.396875 0.353125 0.3 0.275
3 0.78984375 0.49921875 0.3515625 0.2359375
3 0.62890625 0.70234375 0.25 0.140625
3 0.86875 0.8171875 0.165625 0.14375
3 0.1953125 0.634375 0.309375 0.190625
3 0.0578125 0.41328125 0.115625 0.2140625
8 0.203125 0.4765625 0.2734375 0.2046875
8 0.453125 0.57890625 0.1953125 0.165625
2 0.62734375 0.7015625 0.21875 0.084375
2 0.87421875 0.8171875 0.1671875 0.1140625
2 0.6796875 0.490625 0.1125 0.1609375
2 0.80703125 0.4890625 0.084375 0.059375
2 0.48203125 0.38359375 0.078125 0.10625
2 0.3140625 0.3046875 0.14375 0.115625