6 0.62278095 0 0.608335821875 0.0359383328125 0.5934088890625 0.043398865625 0.5692714234375 0.11270785000000001 0.5505587843749999 0.14020511093750002 0.5324527531250001 0.21084405 0.4437485578125 0.3291627625 0.4004027234375 0.32782694375 0.3578793828125 0.29694642656250003 0.33221953593750003 0.2957156171875 0.32496315937500003 0.28273111093750003 0.31525103125 0.2837518953125 0.3060522296875 0.2709715453125 0.29030866718750004 0.2706623765625 0.2811098640625 0.25788202656250003 0.2315284390625 0.253273828125 0.1771463890625 0.22167582812500003 0.084837465625 0.1842446859375 0.052638725 0.158170659375 0 0.18623923281250002 0 0.52620389375 0.04244761875 0.93006600625 0.0919765390625 0.9435171984374999 0.128882625 0.9396382125 0.16721781093750002 0.9493562062500001 0.2735320265625 0.9892430984375 0.283349040625 1 0.3531150515625 1 0.3565430015625 0.9942654781250001 0.3753547859375 0.9863966296875001 0.536984421875 0.9733364359375001 0.5922939781250001 0.9577037515625 0.6682527328125001 0.9516840484375001 0.715384271875 0.932983140625 0.781018428125 0.9221569453124999 0.9602407718749999 0.8522589515625001 1 0.8223376375000001 1 0.485144603125 0.9510659921875 0.03624778125 0.80550125625 0 0.62278095 0
3 0.4046875 0.65234375 0.3125 0.2890625
3 0.7890625 0.48515625 0.3609375 0.253125
3 0.61796875 0.29140625 0.25625 0.153125
3 0.8515625 0.1640625 0.1734375 0.1515625
3 0.1890625 0.38203125 0.3171875 0.2046875
3 0.0625 0.6078125 0.125 0.21875
8 0.2046875 0.5390625 0.2828125 0.2171875
8 0.4484375 0.4234375 0.203125 0.175
2 0.61640625 0.2921875 0.221875 0.0953125
2 0.8578125 0.1640625 0.1734375 0.121875
2 0.6796875 0.5 0.1203125 0.165625
2 0.8078125 0.4953125 0.0859375 0.0625
2 0.48828125 0.6171875 0.084375 0.1109375
2 0.32421875 0.7046875 0.15 0.121875