6 0.2666015625 0 0.2294921875 0.015625 0.1748046875 0.0234375 0.0029296875 0.0859375 0 0.8447265625 0.0107421875 0.857421875 0.0791015625 0.8984375 0.2646484375 0.94921875 0.3310546875 0.953125 0.3798828125 0.966796875 0.4560546875 0.96484375 0.5126953125 0.974609375 0.6748046875 0.970703125 0.6943359375 0.9765625 0.7119140625 1 0.7490234375 1 0.7763671875 0.962890625 0.8779296875 0.912109375 0.9150390625 0.8984375 0.9521484375 0.8984375 1 0.8798828125 1 0.1591796875 0.9892578125 0.15625 0.9814453125 0.142578125 0.9091796875 0.11328125 0.8798828125 0.142578125 0.7919921875 0.189453125 0.7412109375 0.2265625 0.6923828125 0.236328125 0.6845703125 0.25 0.6689453125 0.251953125 0.6611328125 0.265625 0.6513671875 0.265625 0.6455078125 0.279296875 0.6201171875 0.283203125 0.5810546875 0.318359375 0.5380859375 0.32421875 0.4375 0.2158203125 0.412109375 0.1474609375 0.390625 0.1220703125 0.359375 0.0556640625 0.34375 0.0498046875 0.3173828125 0 0.2666015625 0
3 0.6109375 0.64140625 0.28828125 0.26015625
3 0.2109375 0.515625 0.340625 0.2171875
3 0.3609375 0.3046875 0.24375 0.128125
3 0.11484375 0.20234375 0.159375 0.13671875
3 0.796875 0.35 0.29921875 0.175
3 0.946875 0.5625 0.10546875 0.20859375
8 0.79765625 0.5078125 0.2640625 0.190625
8 0.54296875 0.41875 0.1875 0.15625
2 0.3625 0.30546875 0.21640625 0.07265625
2 0.109375 0.203125 0.1640625 0.1046875
2 0.32109375 0.51875 0.10546875 0.1578125
2 0.19375 0.52734375 0.08125 0.05546875
2 0.52421875 0.615625 0.0734375 0.10390625
2 0.69609375 0.68515625 0.13828125 0.1078125