6 0.913191903125 0.3507098890625 0.8378344656250001 0.20745976718749998 0.7357478890625 0.11727416718749999 0.6179897453125001 0.055917376562499996 0.4765517375 0.022542565625 0.37027634531250003 0.033533959375 0.23944639531249998 0.1130628140625 0.17220534375000002 0.186613309375 0.13217784531250001 0.25732535 0.095419196875 0.3887198875 0.09299373749999999 0.4837321 0.112557975 0.5855154578125 0.14067414843749998 0.692013878125 0.2019037984375 0.7721629875 0.31939012031249997 0.8315856625 0.47209828906249995 0.8890167078125 0.555052178125 0.8867268171875 0.5901151234374999 0.881799040625 0.77802336875 0.8203815890625 0.8554403109375001 0.72567776875 0.8987226984375001 0.640702046875 0.9371704875000001 0.50074349375 0.9272412921875001 0.43009359218750004 0.913191903125 0.3507098890625
3 0.453125 0.5703125 0.1265625 0.11875
3 0.32890625 0.5875 0.1328125 0.128125
3 0.20078125 0.5734375 0.1015625 0.1
3 0.22265625 0.3921875 0.1625 0.1234375
3 0.25703125 0.32734375 0.1421875 0.1875
3 0.4671875 0.190625 0.165625 0.165625
3 0.4765625 0.40234375 0.1015625 0.1140625
3 0.4484375 0.69765625 0.1234375 0.1734375
2 0.653125 0.49140625 0.2453125 0.1734375
2 0.50859375 0.73671875 0.109375 0.221875
2 0.2703125 0.55 0.1109375 0.1890625
2 0.18828125 0.44140625 0.1625 0.1328125
2 0.29765625 0.303125 0.2046875 0.240625
2 0.58046875 0.15625 0.103125 0.115625
2 0.47265625 0.11953125 0.1421875 0.0828125
2 0.475 0.35859375 0.08125 0.08125