6 0.0922699515625 0.66361935625 0.172580840625 0.804152278125 0.2777526609375 0.89072016875 0.397580390625 0.9479298843749999 0.540097003125 0.976348246875 0.6459240609375 0.9616545921874999 0.7738987953125 0.8776082859375001 0.8385320109375 0.801755915625 0.8760673109375 0.7296900109375 0.9082179625 0.59709265625 0.9073260671875 0.5020536765625 0.884221559375 0.4010151046875 0.8524057734375001 0.2955628 0.7884162578125 0.21759939843749998 0.668927684375 0.1623131375 0.5143082265625 0.11024651562500001 0.43148478749999997 0.1154300609375 0.3966151765625 0.1215785140625 0.2109648390625 0.1895164546875 0.1369001734375 0.28686439531249996 0.0966097625 0.3732988859375 0.0630698765625 0.5145139890625 0.0754586703125 0.584774328125 0.0922699515625 0.66361935625
3 0.54453125 0.428125 0.1296875 0.121875
3 0.66796875 0.40703125 0.1359375 0.13125
3 0.79609375 0.41640625 0.1046875 0.1015625
3 0.78046875 0.5984375 0.165625 0.128125
3 0.7484375 0.6640625 0.146875 0.190625
3 0.54296875 0.8078125 0.1703125 0.1703125
3 0.5265625 0.596875 0.1046875 0.1171875
3 0.5453125 0.30078125 0.128125 0.1765625
2 0.346875 0.5140625 0.25 0.18125
2 0.4828125 0.26328125 0.1171875 0.2234375
2 0.728125 0.4421875 0.1171875 0.190625
2 0.8140625 0.54765625 0.165625 0.1359375
2 0.70859375 0.68984375 0.2125 0.2453125
2 0.43203125 0.84609375 0.10625 0.11875
2 0.540625 0.87890625 0.14375 0.0859375
2 0.5296875 0.640625 0.0828125 0.0828125