6 0.2568359375 0.875 0.4091796875 0.9296875 0.5556640625 0.9348958328125001 0.6943359375 0.875 0.7724609375 0.8203125 0.85546875 0.73046875 0.892578125 0.5221354171875 0.880859375 0.41796875 0.802734375 0.2747395828125 0.7275390625 0.1666666671875 0.6396484375 0.1171875 0.5302734375 0.1041666671875 0.4267578125 0.09895833281250001 0.3330078125 0.1145833328125 0.2080078125 0.1692708328125 0.1435546875 0.21875 0.080078125 0.2955729171875 0.01953125 0.4361979171875 0.0234375 0.54296875 0.076171875 0.6783854171875 0.1533203125 0.7864583328125 0.2568359375 0.875
3 0.56328125 0.44375 0.10390625 0.11171875
3 0.5625 0.31875 0.11171875 0.1203125
3 0.53125 0.19375 0.0875 0.08984375
3 0.3546875 0.240625 0.10390625 0.1515625
3 0.2953125 0.28359375 0.17265625 0.11875
3 0.1890625 0.5109375 0.1484375 0.14765625
3 0.4 0.490625 0.103125 0.08671875
3 0.68828125 0.42109375 0.16171875 0.1015625
2 0.5125 0.653125 0.14296875 0.22734375
2 0.7359375 0.47578125 0.21171875 0.08125
2 0.5171875 0.265625 0.1765625 0.08828125
2 0.3984375 0.19921875 0.11171875 0.14921875
2 0.2765625 0.32734375 0.21953125 0.1765625
2 0.17109375 0.62734375 0.10546875 0.08828125
2 0.11953125 0.52578125 0.0640625 0.134375
2 0.35625 0.4953125 0.071875 0.0734375