6 0.0098180984375 0.440137528125 0.039385128125 0.6941035578125 0.090527009375 0.788928575 0.123602478125 0.8186292906249999 0.26015747031249997 0.8826620796875 0.39832771562499997 0.8900174218749999 0.4993634453125 0.8589524984375 0.5767948125 0.818532478125 0.6268354640625 0.7756604312500001 0.677751915625 0.708355315625 0.7195958484375 0.5689319296875001 0.7035432796875 0.3953575234375 0.651617403125 0.255617471875 0.5363934203125 0.14530691874999999 0.41042394375 0.090856471875 0.255439975 0.0901432375 0.2305739703125 0.090577275 0.1787906703125 0.1007599140625 0.155595346875 0.114838746875 0.090068421875 0.1657947984375 0.046724671875 0.2192937734375 0.009576509375 0.426296871875 0.0098180984375 0.440137528125
5 0.61171875 0.2875 0.0734375 0.0625
5 0.565625 0.34140625 0.0640625 0.075
5 0.609375 0.41484375 0.0515625 0.05625
5 0.68203125 0.4046875 0.046875 0.071875
5 0.65234375 0.50625 0.0578125 0.065625
5 0.6984375 0.5078125 0.0421875 0.065625
5 0.6703125 0.6109375 0.0625 0.0734375
5 0.6046875 0.60390625 0.0609375 0.065625
5 0.5625 0.5296875 0.06875 0.05625
5 0.51796875 0.47890625 0.0796875 0.040625
5 0.471875 0.4171875 0.0640625 0.0703125
5 0.4734375 0.3015625 0.0484375 0.071875
5 0.4984375 0.196875 0.0625 0.0703125
5 0.40078125 0.1296875 0.046875 0.075
5 0.2 0.2390625 0.1015625 0.090625
5 0.3640625 0.3078125 0.1015625 0.0875
5 0.253125 0.36328125 0.075 0.0703125
5 0.203125 0.41796875 0.0796875 0.0796875
5 0.35390625 0.41875 0.075 0.078125
5 0.27578125 0.4953125 0.084375 0.05625
5 0.4796875 0.54140625 0.075 0.059375
5 0.5109375 0.59921875 0.0546875 0.059375
5 0.5078125 0.68359375 0.0515625 0.0625
5 0.621875 0.73125 0.065625 0.0484375
5 0.51640625 0.7890625 0.0703125 0.0765625
5 0.39375 0.76171875 0.0609375 0.08125
5 0.2625 0.721875 0.0828125 0.08125
5 0.28671875 0.596875 0.071875 0.078125
5 0.16328125 0.5875 0.071875 0.0828125
5 0.40234375 0.5859375 0.0703125 0.0703125