6 0.3450372484375 0.1279282484375 0.2092353328125 0.154441590625 0.0829209265625 0.2368559984375 0.0543008859375 0.2708708828125 0.01685380625 0.3718906453125 0.0229197609375 0.6275000296875 0.0246067703125 0.6412396125 0.0902026734375 0.8410581453124999 0.1405702234375 0.8880041890625 0.2125511546875 0.9293447531249999 0.23748013750000002 0.9400584078125 0.2901766359375 0.94293510625 0.314861053125 0.9399042421875 0.46823746406250005 0.9176283484375001 0.5854029781250001 0.846176246875 0.6841533484375 0.72090315 0.716125828125 0.5752963531249999 0.7078652859375001 0.4011770765625 0.6470245921875 0.2689340984375 0.5872365921875 0.20937019218750003 0.5317162984375 0.1738796859375 0.4494131078125 0.14462939375 0.3450372484375 0.1279282484375
5 0.640625 0.69453125 0.078125 0.06875
5 0.5875 0.64765625 0.0703125 0.08125
5 0.6203125 0.56953125 0.05625 0.0609375
5 0.69375 0.56875 0.053125 0.0765625
5 0.65 0.47265625 0.0640625 0.0703125
5 0.6953125 0.46484375 0.0484375 0.0703125
5 0.653125 0.36640625 0.06875 0.078125
5 0.58984375 0.3828125 0.0671875 0.0703125
5 0.5578125 0.4625 0.0734375 0.0625
5 0.5203125 0.51875 0.084375 0.0484375
5 0.48359375 0.5859375 0.0703125 0.0765625
5 0.50078125 0.70078125 0.0546875 0.075
5 0.540625 0.8 0.06875 0.075
5 0.453125 0.88046875 0.0546875 0.0796875
5 0.2390625 0.80078125 0.109375 0.1
5 0.3921875 0.709375 0.109375 0.096875
5 0.27421875 0.66953125 0.08125 0.0765625
5 0.2171875 0.62265625 0.0875 0.0875
5 0.36640625 0.60078125 0.0828125 0.084375
5 0.278125 0.5359375 0.0890625 0.0640625
5 0.47421875 0.46171875 0.0796875 0.065625
5 0.496875 0.4 0.059375 0.0640625
5 0.48203125 0.3171875 0.0578125 0.0671875
5 0.58828125 0.25390625 0.06875 0.0546875
5 0.4765625 0.21171875 0.078125 0.0828125
5 0.3578125 0.25546875 0.06875 0.0859375
5 0.23359375 0.31328125 0.090625 0.0890625
5 0.27578125 0.43359375 0.0796875 0.084375
5 0.1546875 0.4609375 0.0796875 0.0890625
5 0.39140625 0.428125 0.0765625 0.0765625