6 0.3134765625 0.9635416671874999 0.5771484375 0.9895833328125001 0.7880859375 0.9479166671874999 0.8408203125 0.9036458328125001 0.890625 0.8372395828125001 0.904296875 0.8138020828125001 0.9140625 0.7591145828125 0.91015625 0.58203125 0.853515625 0.45703125 0.7412109375 0.34375 0.6005859375 0.2942708328125 0.4267578125 0.28125 0.2880859375 0.3255208328125 0.2216796875 0.3776041671875 0.1796875 0.4283854171875 0.140625 0.5065104171875 0.111328125 0.6080729171875 0.12109375 0.74609375 0.1875 0.8815104171874999 0.2177734375 0.9140625 0.3134765625 0.9635416671874999
5 0.71015625 0.384375 0.0609375 0.071875
5 0.65703125 0.43125 0.07421875 0.0625
5 0.58359375 0.3890625 0.05390625 0.05078125
5 0.5921875 0.31640625 0.0703125 0.0453125
5 0.49140625 0.34765625 0.0640625 0.05625
5 0.4890625 0.3015625 0.06484375 0.03984375
5 0.3859375 0.33203125 0.07265625 0.0609375
5 0.39453125 0.396875 0.0640625 0.05859375
5 0.46953125 0.43828125 0.05390625 0.06796875
5 0.52109375 0.48203125 0.03828125 0.08046875
5 0.58359375 0.5265625 0.06875 0.06328125
5 0.69921875 0.5234375 0.0703125 0.046875
5 0.803125 0.49609375 0.0703125 0.06015625
5 0.871875 0.59296875 0.0765625 0.04453125
5 0.76640625 0.7953125 0.08984375 0.09921875
5 0.69453125 0.6328125 0.0859375 0.1
5 0.640625 0.74453125 0.06953125 0.07421875
5 0.5875 0.7953125 0.078125 0.07734375
5 0.58359375 0.64453125 0.0765625 0.07421875
5 0.50859375 0.72421875 0.0546875 0.08203125
5 0.45859375 0.52109375 0.0578125 0.07421875
5 0.40078125 0.490625 0.0578125 0.05390625
5 0.31640625 0.4953125 0.06171875 0.04921875
5 0.26640625 0.38203125 0.046875 0.06484375
5 0.2109375 0.48828125 0.07578125 0.06875
5 0.23984375 0.6109375 0.08046875 0.05859375
5 0.28203125 0.74140625 0.0796875 0.08125
5 0.40703125 0.71484375 0.0765625 0.06953125
5 0.41875 0.83828125 0.0796875 0.06953125
5 0.415625 0.59921875 0.0671875 0.06875