6 1 0.2509765625 0.8662109375 0.15625 0.7724609375 0.12109375 0.5498046875 0.0625 0.4072265625 0.09375 0.2216796875 0.1484375 0.0009765625 0.31640625 0 0.9052734375 0.0556640625 0.951171875 0.1767578125 1 0.8037109375 1 1 0.8779296875 1 0.2509765625
3 0.65546875 0.54609375 0.1875 0.1515625
3 0.453125 0.6515625 0.14609375 0.20234375
3 0.24296875 0.64921875 0.1234375 0.1484375
3 0.1984375 0.53671875 0.21015625 0.09296875
3 0.0375 0.57734375 0.06484375 0.11328125
3 0.03046875 0.45546875 0.05625 0.11484375
3 0.16875 0.428125 0.11171875 0.11953125
3 0.14375 0.29609375 0.13984375 0.08671875
3 0.34296875 0.3109375 0.084375 0.1046875
3 0.3953125 0.38671875 0.0828125 0.0359375
3 0.3734375 0.4890625 0.0515625 0.11328125
3 0.73046875 0.27890625 0.08515625 0.13046875
3 0.5421875 0.23671875 0.09921875 0.1046875
3 0.6265625 0.31484375 0.09140625 0.10390625
3 0.9015625 0.43125 0.05234375 0.071875
3 0.81171875 0.43828125 0.07109375 0.10859375
3 0.8640625 0.5953125 0.08046875 0.140625
3 0.70078125 0.7140625 0.0640625 0.1015625