6 0.19632436874999998 0 0.006671934374999999 0.1134016703125 0 0.4956365390625 0 0.74339581875 0.1278455734375 0.8373063828125 0.220967734375 0.8740934421875 0.4425674703125 0.9365641546875001 0.5856692671875 0.9078072453124999 0.7721423109375001 0.8563663140625 0.99574328125 0.692274946875 1 0.46957323124999995 1 0.097537 0.9521422984375001 0.056651571874999994 0.831919159375 0.00571750625 0.5043634421875 0 0.19632436874999998 0
3 0.3453125 0.4515625 0.190625 0.1546875
3 0.54921875 0.34921875 0.15 0.20625
3 0.759375 0.35546875 0.1265625 0.15
3 0.80234375 0.46875 0.2109375 0.0953125
3 0.9640625 0.43046875 0.0671875 0.115625
3 0.96875 0.55234375 0.0578125 0.115625
3 0.8296875 0.57734375 0.1140625 0.1203125
3 0.85234375 0.71015625 0.1421875 0.0890625
3 0.65390625 0.69140625 0.0859375 0.1046875
3 0.60234375 0.61484375 0.084375 0.0375
3 0.6265625 0.51328125 0.0546875 0.1140625
3 0.265625 0.7171875 0.0875 0.13125
3 0.453125 0.7625 0.1015625 0.10625
3 0.3703125 0.6828125 0.0921875 0.10625
3 0.09765625 0.56171875 0.0546875 0.0734375
3 0.1875 0.55625 0.071875 0.109375
3 0.1375 0.3984375 0.084375 0.1421875
3 0.303125 0.2828125 0.065625 0.1046875