6 0.2787096609375 0 0.18947545937500002 0.10522281874999999 0.14628213750000002 0.195552003125 0.068505584375 0.41225419687500003 0.087210165625 0.5570133859374999 0.1255180875 0.746620528125 0.273612121875 0.981123253125 0.485329846875 1 0.8930031921875001 1 0.9107286015625 0.981967325 0.9699249359375001 0.865590025 1 0.521830471875 1 0.19254942656250001 0.920069421875 0.03484139375 0.521830471875 0 0.2787096609375 0
3 0.559375 0.34921875 0.1671875 0.2
3 0.646875 0.56015625 0.215625 0.1640625
3 0.6265625 0.76875 0.159375 0.1359375
3 0.51015625 0.80390625 0.109375 0.2171875
3 0.5359375 0.96484375 0.11875 0.0703125
3 0.41484375 0.9640625 0.11875 0.065625
3 0.39921875 0.8234375 0.128125 0.121875
3 0.265625 0.8375 0.0984375 0.146875
3 0.29765625 0.63984375 0.109375 0.09375
3 0.378125 0.59453125 0.04375 0.0875
3 0.478125 0.625 0.1171875 0.0625
3 0.3 0.25078125 0.1359375 0.096875
3 0.24140625 0.43515625 0.1125 0.109375
3 0.3265625 0.3578125 0.1125 0.1
3 0.46640625 0.09375 0.0765625 0.059375
3 0.465625 0.184375 0.1140625 0.0796875
3 0.6265625 0.1453125 0.146875 0.09375
3 0.73046875 0.31875 0.1078125 0.0734375