6 0.241653503125 0 0.17455460312499999 0.0643413 0.0990164765625 0.22291087968749998 0.07862206875 0.29855740625 0.0693135015625 0.36479130312499997 0.06006032343749999 0.45799696875 0.07055008593749999 0.6921016437499999 0.09527550781250001 0.7828129875000001 0.143518425 0.8675771546875 0.1681582546875 0.9027623890625 0.23389135625000002 0.9542970171875 0.35851599843750004 0.9797424515625 0.6280013703125 0.9568150140625 0.6983851359375 0.9191233078125001 0.7374024578125 0.8730580453125001 0.762460390625 0.821065628125 0.8057078109375 0.681749634375 0.8274280921875 0.5552693640624999 0.841663753125 0.4118760328125 0.8340348343749999 0.2416180890625 0.78856716875 0.165174540625 0.7472489390625 0.12235825468749999 0.5791469874999999 0.027357818750000002 0.5059023765624999 0.00120279375 0.4973440546875 0 0.241653503125 0
5 0.27578125 0.16953125 0.134375 0.1671875
5 0.4546875 0.10703125 0.1390625 0.1625
5 0.559375 0.24453125 0.1296875 0.1484375
5 0.65859375 0.21796875 0.1046875 0.1296875
5 0.7296875 0.2578125 0.0765625 0.1078125
5 0.76875 0.35078125 0.0859375 0.1203125
5 0.7515625 0.45703125 0.0921875 0.1109375
5 0.73515625 0.61484375 0.1171875 0.1796875
5 0.6578125 0.784375 0.1453125 0.1515625
5 0.225 0.69375 0.146875 0.2015625
5 0.32265625 0.459375 0.128125 0.1609375
5 0.45703125 0.8140625 0.1234375 0.165625
1 0.234375 0.77421875 0.09375 0.153125
1 0.39765625 0.83203125 0.109375 0.08125
1 0.365625 0.26796875 0.0734375 0.0890625
1 0.30546875 0.275 0.075 0.0875
1 0.6375 0.2875 0.0703125 0.0734375
1 0.734375 0.3578125 0.065625 0.0796875
1 0.61640625 0.7171875 0.090625 0.103125
1 0.71796875 0.72578125 0.0578125 0.0671875
2 0.52890625 0.5515625 0.4375 0.56875