6 0.4790435546875 0.021235229687500003 0.30061696875 0.09504107187500001 0.254388725 0.1325027875 0.19994384375000002 0.202835421875 0.1716225671875 0.37089455781249997 0.168276865625 0.514953946875 0.17442117968749998 0.6431384890625 0.2003678921875 0.786686578125 0.2189027640625 0.841345246875 0.2520153140625 0.8918221609374999 0.3172809875 0.937810540625 0.581963503125 0.9934090859375001 0.70876023125 0.9833412421875 0.780283859375 0.9402015953125 0.8090280296874999 0.9082814656249999 0.8672415046875 0.8300284515625 0.9028375593750001 0.7430065265625 0.941779315625 0.5119252125 0.9439540203125001 0.41828660937500006 0.9427867203125 0.35141197968750004 0.931763321875 0.273843859375 0.8761130156249999 0.10725045 0.7992615828125 0.0130276046875 0.730684184375 0.001133628125 0.55492970625 0.0042014328125 0.4790435546875 0.021235229687500003
5 0.7625 0.19921875 0.1171875 0.1546875
5 0.5921875 0.115625 0.1234375 0.1484375
5 0.471875 0.23984375 0.1140625 0.1359375
5 0.3765625 0.20078125 0.090625 0.1203125
5 0.3015625 0.23125 0.0640625 0.1015625
5 0.2515625 0.31953125 0.0734375 0.1125
5 0.25546875 0.4265625 0.0796875 0.103125
5 0.25234375 0.5859375 0.0984375 0.1703125
5 0.30859375 0.7625 0.1296875 0.1359375
5 0.74921875 0.72578125 0.125 0.1875
5 0.68125 0.48125 0.1125 0.1484375
5 0.50390625 0.8171875 0.10625 0.1546875
1 0.73046875 0.8046875 0.078125 0.1453125
1 0.56171875 0.8421875 0.103125 0.06875
1 0.66171875 0.2859375 0.0640625 0.0828125
1 0.72109375 0.3 0.065625 0.08125
1 0.38984375 0.271875 0.0640625 0.0671875
1 0.284375 0.33046875 0.0578125 0.0734375
1 0.3578125 0.7015625 0.0796875 0.0953125
1 0.25625 0.696875 0.0515625 0.0625
2 0.46484375 0.54765625 0.378125 0.528125