6 0.1138743453125 0.8828125 0.2814136125 0.935546875 0.37565445 0.947265625 0.5196335078125001 0.94140625 0.75 0.8984375 0.836387434375 0.861328125 0.913612565625 0.8017578125 0.9450261781249999 0.7724609375 0.9869109953124999 0.7001953125 0.9947643984375001 0.5732421875 0.9345549734375 0.3095703125 0.8874345546875 0.2451171875 0.836387434375 0.212890625 0.7814136125 0.1953125 0.6374345546875 0.171875 0.509162303125 0.16796875 0.3651832453125 0.173828125 0.1976439796875 0.205078125 0.1282722515625 0.2607421875 0.0916230359375 0.3076171875 0.0209424078125 0.4873046875 0.0052356015625 0.5634765625 0.0052356015625 0.7392578125 0.018324607812499998 0.8076171875 0.1138743453125 0.8828125
5 0.20390625 0.76796875 0.153125 0.11328125
5 0.1171875 0.59921875 0.14765625 0.12109375
5 0.2390625 0.4765625 0.134375 0.11328125
5 0.1984375 0.38203125 0.11953125 0.0890625
5 0.228125 0.30625 0.10078125 0.0625
5 0.31484375 0.2546875 0.11015625 0.07109375
5 0.42265625 0.25703125 0.10078125 0.078125
5 0.58125 0.25078125 0.16796875 0.09453125
5 0.759375 0.30390625 0.134375 0.128125
5 0.73046875 0.7453125 0.18515625 0.12109375
5 0.484375 0.68125 0.14609375 0.11015625
5 0.8171875 0.4984375 0.153125 0.1046875
1 0.80859375 0.725 0.14375 0.07421875
1 0.84296875 0.55546875 0.0671875 0.10078125
1 0.2890625 0.665625 0.08046875 0.06171875
1 0.30390625 0.72421875 0.08046875 0.0640625
1 0.2703125 0.39375 0.065625 0.0625
1 0.3265625 0.2875 0.07265625 0.05546875
1 0.69921875 0.3546875 0.09375 0.078125
1 0.69296875 0.253125 0.06171875 0.0484375
2 0.546875 0.4640625 0.521875 0.36953125