6 1 0.3125 0.7310267859375 0.2385602671875 0.6584821421875 0.2594866078125 0.35295758906249997 0.2106584828125 0 0.25251116093750003 0.004185267187499999 0.3376116078125 0.436662946875 0.48688616093750003 0.100446428125 0.5970982140625 0.0013950890625 0.6919642859375 0.002790178125 0.99609375 1 1 1 0.3125
5 0.29140625 0.82421875 0.21171875 0.17578125
5 0.56953125 0.6515625 0.153125 0.16484375
5 0.80078125 0.678125 0.14765625 0.13359375
5 0.884375 0.534375 0.20390625 0.1140625
5 0.9015625 0.434375 0.0875 0.08203125
5 0.97265625 0.37890625 0.05390625 0.090625
5 0.26875 0.2875 0.146875 0.1171875
5 0.39140625 0.25390625 0.065625 0.06953125
5 0.103125 0.296875 0.13671875 0.0890625
5 0.546875 0.88203125 0.13359375 0.10078125
5 0.70234375 0.8171875 0.14375 0.16015625
5 0.965625 0.9328125 0.06875 0.134375
5 0.83671875 0.3390625 0.1015625 0.08671875
5 0.51640625 0.3546875 0.1171875 0.078125