6 1 0.3084594828125 0.6812507453125 0.2303889796875 0.37205287343750004 0.2416190703125 0.30259924531250004 0.21200774218750001 0.02661993125 0.2526167515625 0 0.46941869062499997 0 0.9392141640625 0.4950609078125 1 0.9397967671874999 1 0.9715363281249999 0.7509518921875 0.88478456875 0.6447216171875 0.5645056281249999 0.49435658125000004 1 0.4014501859375 1 0.3084594828125
5 0.6671875 0.846875 0.23125 0.2015625
5 0.4125 0.6421875 0.171875 0.1828125
5 0.1796875 0.63984375 0.1640625 0.1515625
5 0.1140625 0.4875 0.215625 0.1359375
5 0.109375 0.3859375 0.096875 0.090625
5 0.0453125 0.321875 0.065625 0.096875
5 0.75546875 0.3171875 0.1609375 0.1359375
5 0.6375 0.26875 0.0734375 0.078125
5 0.91875 0.346875 0.146875 0.103125
5 0.40703125 0.8734375 0.1453125 0.1171875
5 0.26015625 0.78984375 0.1625 0.175
5 0.01328125 0.87265625 0.0265625 0.1421875
5 0.18515625 0.29921875 0.1109375 0.1
5 0.5015625 0.35390625 0.1265625 0.0921875