6 0.3743712015625 0 0.272911915625 0.23478763281249998 0.28353833906250003 0.30953866093750004 0.1926646078125 0.6052943078124999 0.18498777500000002 0.9606417046875 0.2698425078125 0.9683408625000001 0.477853590625 0.560847028125 0.540200771875 0.9091300640625001 0.6056505 1 0.9305917921875 1 0.962989653125 0.7758516546875 1 0.512509353125 1 0.06535663124999999 0.534963409375 0 0.3743712015625 0
5 0.7921875 0.7515625 0.2046875 0.2328125
5 0.659375 0.45234375 0.1859375 0.175
5 0.71796875 0.2265625 0.153125 0.165625
5 0.5875 0.12421875 0.1390625 0.2171875
5 0.490625 0.09296875 0.0921875 0.0984375
5 0.4453125 0.02421875 0.096875 0.0484375
5 0.25703125 0.69921875 0.1375 0.1625
5 0.24140625 0.5734375 0.078125 0.075
5 0.24375 0.86484375 0.10625 0.1484375
5 0.88515625 0.50703125 0.11875 0.146875
5 0.8421875 0.34375 0.178125 0.1640625
5 0.9609375 0.0984375 0.078125 0.0875
5 0.3875 0.14453125 0.1015625 0.1125
5 0.35859375 0.46328125 0.09375 0.1265625