6 0.8668015875 0.4162175078125 0.8579610203125 0.36099164375 0.7929755187499999 0.182867284375 0.7542437328125 0.11955553593749998 0.6862082578125 0.07426610156249999 0.584061121875 0.045443131250000005 0.382376278125 0.027571603125 0.36727040781250003 0.0267799375 0.2664953625 0.0966014671875 0.1945028375 0.182795546875 0.14514490468750002 0.2662642421875 0.10862236249999999 0.36605205625 0.1174445453125 0.6455426390625 0.1649699375 0.7836358437500001 0.22352115781249998 0.8792791718749999 0.32557436875 0.9472133250000001 0.390799278125 0.9714935406249999 0.53625245625 0.9838103515625001 0.5539625125 0.9847384968749999 0.6298443046875 0.9631594375000001 0.7448360218750001 0.8961691640625 0.8311207765624999 0.7611770390625 0.8615548078125 0.5275277515625 0.8659147734375001 0.44433462968750004 0.8668015875 0.4162175078125
8 0.4515625 0.29375 0.0921875 0.0953125
8 0.50078125 0.1953125 0.0921875 0.1984375
8 0.58359375 0.39140625 0.0890625 0.1109375
8 0.675 0.4546875 0.0875 0.0953125
8 0.56328125 0.7015625 0.0703125 0.1
8 0.55 0.9578125 0.0625 0.084375
8 0.41953125 0.7609375 0.0703125 0.1296875
8 0.2765625 0.4828125 0.096875 0.1375
8 0.375 0.49765625 0.0671875 0.08125
1 0.29609375 0.21171875 0.096875 0.121875
1 0.2453125 0.621875 0.0640625 0.0609375
1 0.29765625 0.7125 0.075 0.1125
1 0.38203125 0.7 0.08125 0.0875
1 0.3328125 0.7953125 0.0796875 0.1046875
1 0.72109375 0.709375 0.1140625 0.1328125
1 0.66953125 0.35859375 0.1 0.0859375
1 0.45859375 0.41171875 0.08125 0.09375
1 0.33828125 0.45234375 0.0703125 0.09375
0 0.42734375 0.86015625 0.146875 0.15625
0 0.5546875 0.79375 0.0796875 0.14375
0 0.221875 0.4890625 0.078125 0.11875
0 0.234375 0.646875 0.0640625 0.15625