6 0.16796875 0.775390625 0.3424479171875 0.849609375 0.3971354171875 0.861328125 0.4908854171875 0.86328125 0.7434895828125 0.84375 0.8828125 0.7646484375 0.9557291671874999 0.6533203125 0.9817708328125001 0.5771484375 0.9765625 0.4150390625 0.9557291671874999 0.3486328125 0.8932291671874999 0.2431640625 0.80078125 0.1796875 0.6653645828125 0.125 0.38671875 0.1015625 0.28515625 0.1328125 0.19921875 0.177734375 0.109375 0.2451171875 0.0338541671875 0.3427734375 0.0416666671875 0.5595703125 0.06510416718749999 0.6630859375 0.1067708328125 0.7333984375 0.16796875 0.775390625
8 0.296875 0.440625 0.09140625 0.08671875
8 0.1953125 0.48515625 0.19375 0.08359375
8 0.3875 0.578125 0.10625 0.08515625
8 0.4453125 0.67265625 0.09140625 0.08359375
8 0.69765625 0.5734375 0.096875 0.0640625
8 0.95703125 0.57421875 0.0859375 0.0578125
8 0.76484375 0.43359375 0.1265625 0.0640625
8 0.49453125 0.27578125 0.13359375 0.090625
8 0.50390625 0.375 0.078125 0.0640625
1 0.22265625 0.28125 0.1171875 0.090625
1 0.63515625 0.25234375 0.0578125 0.06171875
1 0.72265625 0.309375 0.109375 0.06875
1 0.70625 0.39296875 0.08359375 0.0765625
1 0.80390625 0.3484375 0.10078125 0.075
1 0.69765625 0.73203125 0.1265625 0.1078125
1 0.35 0.66171875 0.08203125 0.09609375
1 0.4140625 0.45390625 0.09140625 0.0765625
1 0.4609375 0.3359375 0.0890625 0.0671875
0 0.86328125 0.44609375 0.1484375 0.13828125
0 0.790625 0.5703125 0.14140625 0.07265625
0 0.50390625 0.221875 0.115625 0.07265625
0 0.6609375 0.2421875 0.1546875 0.05703125