6 0.3185325484375 0.9567536921875 0.33363841875 0.9575453578124999 0.5360864953125 0.9608535375 0.6406868796875 0.942865746875 0.7130836828125 0.9049360562500001 0.7582211734375 0.846019709375 0.8414697437499999 0.6756639703125 0.85603455625 0.6216647296875 0.8580916390625 0.5936089390625 0.86245160625 0.5104158171875001 0.8566072968749999 0.2748652625 0.7849057390625 0.1315934265625 0.6775463484375 0.052950225 0.6043358703124999 0.0235575703125 0.5866258140625 0.022629425 0.4406819875 0.019674765625 0.3732764125 0.037004112500000005 0.26468120625 0.0938986515625 0.1964532859375 0.182897765625 0.13475357187499998 0.31526672499999997 0.096764996875 0.592304059375 0.12265679843749999 0.6953628703125 0.1630194890625 0.783533625 0.225607896875 0.8767807921875 0.3185325484375 0.9567536921875
8 0.4296875 0.7 0.0921875 0.0953125
8 0.46953125 0.803125 0.0921875 0.1984375
8 0.571875 0.61640625 0.0890625 0.1109375
8 0.66953125 0.56328125 0.0875 0.0953125
8 0.58359375 0.30625 0.0703125 0.1
8 0.59765625 0.04765625 0.0625 0.0890625
8 0.44765625 0.23203125 0.0703125 0.1296875
8 0.27578125 0.49375 0.096875 0.1375
8 0.375 0.48984375 0.0671875 0.08125
1 0.2671875 0.765625 0.096875 0.121875
1 0.259375 0.35234375 0.0640625 0.0609375
1 0.32109375 0.26796875 0.075 0.1125
1 0.40390625 0.28828125 0.08125 0.0875
1 0.36484375 0.18828125 0.0796875 0.1046875
1 0.7421875 0.31484375 0.1140625 0.1328125
1 0.65390625 0.65859375 0.1 0.0859375
1 0.44921875 0.58359375 0.08125 0.09375
1 0.334375 0.53046875 0.0703125 0.09375
0 0.46484375 0.134375 0.146875 0.15625
0 0.58515625 0.21328125 0.0796875 0.14375
0 0.22265625 0.48125 0.078125 0.11875
0 0.25078125 0.32578125 0.0640625 0.15625