6 0.6760977046875001 0.46961702031249997 0.6524699921875 0.464579171875 0.6259360625 0.43228239375 0.5923441859375 0.42172955468750006 0.5219133984375001 0.3636052703125 0.4585653515625 0.34041133125 0.39775791250000003 0.27804236250000003 0.3642342 0.2694414578125 0.34519198906250004 0.2837866359375 0.24791124999999997 0.24028018125 0.22637179999999998 0.23907804062500002 0.212311671875 0.2561807125 0.20089750624999997 0.321071715625 0.175274490625 0.37082437968750004 0.17078194687499998 0.410067571875 0.17632173125 0.45677769062499995 0.1661097078125 0.50012924375 0.17130867656249998 0.5370796875 0.1376052671875 0.5792972625 0.144756171875 0.6161795421875 0.1689973515625 0.6387848078125 0.1687494921875 0.68765135 0.14103821562500002 0.73356830625 0.1438081078125 0.756923365625 0.161852665625 0.7699734453125 0.1693443859375 0.8166154000000001 0.149168196875 0.8544519640624999 0.162844140625 0.8823119640625 0.31992844531250003 0.8475117265625001 0.3550632796875 0.846284790625 0.3683860109375 0.8360479734374999 0.3977332015625 0.8369774624999999 0.481189275 0.8203829031250001 0.6646711843750001 0.8139755734375 0.70296009375 0.791141025 0.74517766875 0.824844434375 0.82150763125 0.8280418796875001 0.8524659421875 0.8191435296874999 0.9050876328124999 0.7870140484375 0.900749990625 0.7187644796875 0.9144438562499999 0.682778809375 0.9143633390625 0.6804730859375 0.9080000296874999 0.6745392031249999 0.8796628875 0.6745516015625 0.8421423453125 0.6074608046875001 0.7940565687500001 0.5456247421875 0.7125958 0.5074287890625 0.6760977046875001 0.46961702031249997
3 0.55703125 0.64296875 0.440625 0.315625
3 0.5234375 0.45859375 0.1359375 0.1296875
3 0.2734375 0.4453125 0.10625 0.153125
3 0.83125 0.725 0.109375 0.165625
2 0.78515625 0.6125 0.0515625 0.053125
2 0.7 0.65 0.05 0.0640625
2 0.74296875 0.7484375 0.0453125 0.05625
2 0.53125 0.64296875 0.0546875 0.0421875
2 0.5625 0.6609375 0.0328125 0.053125
2 0.55234375 0.56640625 0.04375 0.0890625
2 0.49375 0.5515625 0.0296875 0.0296875
2 0.42578125 0.53125 0.028125 0.01875
2 0.3921875 0.475 0.03125 0.0390625
2 0.35703125 0.4453125 0.0609375 0.0328125
2 0.334375 0.3484375 0.028125 0.0390625
2 0.37734375 0.3453125 0.0265625 0.040625
2 0.25625 0.409375 0.0265625 0.03125
2 0.4796875 0.725 0.0265625 0.03125
2 0.3890625 0.7078125 0.0375 0.028125
2 0.3140625 0.81171875 0.0390625 0.0296875
2 0.28984375 0.75390625 0.0234375 0.0328125
2 0.29921875 0.70703125 0.0203125 0.04375
2 0.5671875 0.79296875 0.046875 0.0359375
2 0.71640625 0.54453125 0.025 0.0375
2 0.67890625 0.5359375 0.0484375 0.0234375
2 0.66875 0.5078125 0.0234375 0.025
2 0.64140625 0.49375 0.01875 0.021875
2 0.46484375 0.47109375 0.0328125 0.0453125