6 0.13313337187500002 0.6363783015625 0.07944876875 0.78805064375 0.10543442656249999 0.805019928125 0.1454478203125 0.789605246875 0.190829103125 0.8027253484375001 0.20158282968750002 0.8222258109375 0.22442623906249998 0.827821321875 0.27337809218750003 0.8059124687500001 0.32191059843750003 0.8116217921875 0.3413931109375 0.8384371703125 0.377129 0.8500295921875001 0.423139303125 0.8217224312500001 0.45918072812500005 0.8313857734375001 0.503453678125 0.8265330953125 0.549140496875 0.8377241171875 0.58863868125 0.8380476031249999 0.64114315625 0.8186789015624999 0.7069415078125 0.815258040625 0.7256301984375 0.80338700625 0.727062015625 0.7818616031250001 0.6957353921875 0.6800038765624999 0.7122943046875 0.662851840625 0.7078430234375 0.6285298218750001 0.65334950625 0.5605747671875 0.6380486359375 0.494872278125 0.5889409546875 0.4178829015625 0.5825605953124999 0.3832553453125 0.553738225 0.35298320781250003 0.551617421875 0.3289176546875 0.5185354953125 0.288083515625 0.49055181875000003 0.202575028125 0.43503685625 0.1473117546875 0.37301874687500003 0.1018945734375 0.37648448125 0.0737701625 0.3713703203125 0.06673112656249999 0.36909159687500004 0.0663702125 0.33170529531250004 0.07557645625000001 0.2644930734375 0.062953615625 0.22619011093750002 0.11126747343750001 0.21358521874999997 0.1409105890625 0.2074565484375 0.21706127031250003 0.23576370937500002 0.2630715734375 0.20843312187500002 0.29829225312499996 0.17971273125 0.479625659375 0.1530711296875 0.5604372953125 0.1504171671875 0.5896790125 0.1386330203125 0.601654884375 0.13313337187500002 0.6363783015625
3 0.365625 0.42578125 0.365625 0.471875
3 0.54375 0.48203125 0.14375 0.1484375
3 0.5265625 0.73125 0.1640625 0.1234375
3 0.31640625 0.14375 0.1765625 0.1265625
2 0.42265625 0.203125 0.059375 0.0578125
2 0.375 0.28359375 0.06875 0.0578125
2 0.2828125 0.228125 0.0609375 0.0515625
2 0.3625 0.4515625 0.0484375 0.059375
2 0.34765625 0.41796875 0.05625 0.0390625
2 0.440625 0.43984375 0.0921875 0.053125
2 0.44765625 0.5 0.0328125 0.0328125
2 0.459375 0.56953125 0.021875 0.0296875
2 0.51171875 0.61015625 0.0421875 0.0359375
2 0.53671875 0.6484375 0.040625 0.0640625
2 0.6296875 0.6828125 0.040625 0.0328125
2 0.63828125 0.640625 0.0421875 0.03125
2 0.56015625 0.753125 0.0328125 0.0296875
2 0.27421875 0.49296875 0.0328125 0.0296875
2 0.28046875 0.584375 0.03125 0.0390625
2 0.16796875 0.646875 0.034375 0.0421875
2 0.22265625 0.67734375 0.0359375 0.0265625
2 0.2703125 0.67421875 0.046875 0.025
2 0.2171875 0.39765625 0.040625 0.05
2 0.48203125 0.2796875 0.0390625 0.028125
2 0.4859375 0.31796875 0.0296875 0.0515625
2 0.5125 0.33125 0.028125 0.025
2 0.5234375 0.3609375 0.025 0.021875
2 0.525 0.5390625 0.0484375 0.0375