6 0.275390625 0.4052734375 0.33984375 0.4638671875 0.365234375 0.5263671875 0.42578125 0.5947265625 0.4375 0.6279296875 0.470703125 0.6533203125 0.4765625 0.6767578125 0.515625 0.7119140625 0.556640625 0.7919921875 0.6201171875 0.837890625 0.6884765625 0.873046875 0.689453125 0.9013671875 0.6962890625 0.908203125 0.7333984375 0.892578125 0.8017578125 0.89453125 0.83203125 0.8408203125 0.83984375 0.8095703125 0.833984375 0.7333984375 0.798828125 0.6923828125 0.8203125 0.6533203125 0.8203125 0.4697265625 0.833984375 0.3857421875 0.83203125 0.3564453125 0.841796875 0.3427734375 0.841796875 0.3076171875 0.87109375 0.1494140625 0.8427734375 0.13671875 0.8056640625 0.158203125 0.7587890625 0.15234375 0.7451171875 0.134765625 0.7216796875 0.1328125 0.6767578125 0.162109375 0.6279296875 0.1640625 0.6044921875 0.140625 0.5673828125 0.134765625 0.5263671875 0.169921875 0.4892578125 0.166015625 0.4462890625 0.177734375 0.3994140625 0.173828125 0.3603515625 0.1796875 0.3115234375 0.20703125 0.2470703125 0.220703125 0.23046875 0.2353515625 0.232421875 0.2568359375 0.279296875 0.3525390625 0.265625 0.3720703125 0.275390625 0.4052734375
3 0.64453125 0.55234375 0.3015625 0.42890625
3 0.459375 0.525 0.1234375 0.13125
3 0.4375 0.27578125 0.15 0.1015625
3 0.73671875 0.8234375 0.1625 0.103125
2 0.62265625 0.78125 0.05234375 0.04921875
2 0.65703125 0.69453125 0.0625 0.04921875
2 0.75703125 0.734375 0.05546875 0.0421875
2 0.64375 0.5265625 0.04140625 0.0515625
2 0.66328125 0.55703125 0.0515625 0.03125
2 0.56796875 0.55 0.0875 0.04140625
2 0.5515625 0.4921875 0.0265625 0.02734375
2 0.52890625 0.425 0.0171875 0.028125
2 0.47109375 0.39296875 0.0375 0.0296875
2 0.440625 0.359375 0.03203125 0.059375
2 0.34296875 0.33984375 0.0375 0.0265625
2 0.34140625 0.3828125 0.03984375 0.02578125
2 0.40078125 0.259375 0.03046875 0.02421875
2 0.72421875 0.471875 0.03046875 0.025
2 0.70390625 0.38203125 0.02734375 0.03515625
2 0.8046875 0.303125 0.0296875 0.0359375
2 0.74609375 0.28125 0.03203125 0.02109375
2 0.7 0.2921875 0.0421875 0.01953125
2 0.7953125 0.55703125 0.0359375 0.04453125
2 0.55234375 0.71484375 0.03671875 0.0234375
2 0.5421875 0.67734375 0.0234375 0.04765625
2 0.5140625 0.66875 0.025 0.02265625
2 0.4984375 0.64140625 0.0203125 0.01875
2 0.46953125 0.465625 0.04375 0.03203125