6 0.8486328125 0.12890625 0.6787109375 0.080078125 0.4970703125 0.0546875 0.2998046875 0.0546875 0.1279296875 0.087890625 0.0009765625 0.1484375 0.0009765625 1 1 0.9990234375 0.9990234375 0.193359375 0.8486328125 0.12890625
5 0.30859375 0.09375 0.12578125 0.103125
5 0.48515625 0.121875 0.1453125 0.15234375
5 0.72109375 0.1234375 0.26796875 0.115625
5 0.94140625 0.21015625 0.1171875 0.11875
5 0.91796875 0.2921875 0.1640625 0.11875
5 0.88203125 0.40703125 0.23125 0.153125
5 0.91953125 0.55546875 0.1609375 0.1765625
5 0.734375 0.528125 0.23046875 0.16875
5 0.803125 0.79375 0.2859375 0.23125
5 0.8609375 0.95703125 0.2734375 0.0859375
5 0.56015625 0.87109375 0.2109375 0.24375
5 0.57890625 0.65 0.2453125 0.18125
5 0.33828125 0.621875 0.225 0.20078125
5 0.24453125 0.87265625 0.4546875 0.2546875
5 0.15859375 0.60234375 0.31640625 0.30390625
5 0.41171875 0.3890625 0.1671875 0.3015625
5 0.653125 0.24296875 0.36015625 0.159375
5 0.40703125 0.17890625 0.2078125 0.11328125
5 0.23125 0.234375 0.19140625 0.14765625
5 0.075 0.24296875 0.15 0.1390625
5 0.159375 0.12578125 0.15625 0.0921875