6 1 0.182306415625 0.9130606718750001 0.1290350375 0.7455978921875 0.0780479734375 0.549412909375 0.0574281 0.3661132875 0.0636930171875 0.1920183328125 0.094491984375 0.0363741015625 0.14266772656249999 0 0.48874418750000004 0 0.9492689796875 0.478176571875 1 0.9491709828125 1 1 0.5163942125000001 1 0.182306415625
5 0.7328125 0.115625 0.1359375 0.115625
5 0.55390625 0.12578125 0.1609375 0.1671875
5 0.31953125 0.10234375 0.278125 0.1421875
5 0.09140625 0.165625 0.1296875 0.1296875
5 0.10625 0.25 0.175 0.1359375
5 0.1296875 0.36796875 0.2453125 0.1765625
5 0.0828125 0.51015625 0.165625 0.1921875
5 0.2640625 0.503125 0.246875 0.1921875
5 0.16796875 0.76015625 0.309375 0.259375
5 0.11640625 0.91640625 0.2328125 0.1140625
5 0.4015625 0.8625 0.2359375 0.2640625
5 0.40546875 0.640625 0.2625 0.20625
5 0.6484375 0.63828125 0.2453125 0.221875
5 0.7140625 0.8734375 0.478125 0.253125
5 0.82734375 0.63671875 0.3453125 0.3359375
5 0.59921875 0.39921875 0.1984375 0.31875
5 0.37421875 0.228125 0.3734375 0.1953125
5 0.62578125 0.190625 0.21875 0.1359375
5 0.7953125 0.2640625 0.2046875 0.165625
5 0.93359375 0.28828125 0.1328125 0.1546875
5 0.878125 0.16328125 0.165625 0.1078125