6 0.46525374687500004 0 0.11119726249999999 0.06242971093750001 0.0739960671875 0.2210553703125 0.055416375 0.396874665625 0.061953053125000004 0.580164796875 0.0962078703125 0.7744335140625 0.1587523453125 0.9379316843750001 0.2030212421875 1 0.53783934375 1 1 0.91850860625 1 0.45880416718749994 0.918637934375 0 0.46525374687500004 0
5 0.1328125 0.759375 0.1234375 0.1421875
5 0.13046875 0.58046875 0.1765625 0.1703125
5 0.090625 0.34765625 0.1609375 0.2828125
5 0.13828125 0.115625 0.1375 0.1359375
5 0.22265625 0.12421875 0.1453125 0.1828125
5 0.3421875 0.13984375 0.190625 0.2546875
5 0.48203125 0.0859375 0.2015625 0.171875
5 0.48671875 0.2640625 0.20625 0.2578125
5 0.7359375 0.15625 0.278125 0.3125
5 0.8875 0.103125 0.13125 0.20625
5 0.8546875 0.3765625 0.2765625 0.25
5 0.634375 0.39609375 0.221875 0.2734375
5 0.6484375 0.63828125 0.2359375 0.25625
5 0.8734375 0.68671875 0.253125 0.4921875
5 0.66015625 0.81796875 0.3546875 0.3640625
5 0.40625 0.60625 0.328125 0.2171875
5 0.2203125 0.39375 0.21875 0.38125
5 0.2 0.64765625 0.1484375 0.225
5 0.28515625 0.8109375 0.178125 0.2125
5 0.3203125 0.93828125 0.1625 0.1234375
5 0.190625 0.90078125 0.1171875 0.1703125