6 0.3115234375 0.9140625 0.4873046875 0.9817708328125001 0.6494140625 0.9401041671874999 0.7861328125 0.8645833328125001 0.900390625 0.7486979171875 0.97265625 0.5638020828125 0.93359375 0.3216145828125 0.880859375 0.21223958281250002 0.8095703125 0.1354166671875 0.7548828125 0.09635416718749999 0.6650390625 0.05208333281250001 0.5771484375 0.03125 0.4443359375 0.03125 0.3193359375 0.05208333281250001 0.2060546875 0.1223958328125 0.1015625 0.22265625 0.03125 0.4205729171875 0.01953125 0.4856770828125 0.01953125 0.51953125 0.09375 0.69140625 0.1826171875 0.8151041671874999 0.3115234375 0.9140625
5 0.37421875 0.18046875 0.15 0.11875
5 0.57734375 0.26953125 0.15859375 0.18046875
5 0.671875 0.334375 0.146875 0.13046875
5 0.75078125 0.43359375 0.15390625 0.175
5 0.4328125 0.61171875 0.15390625 0.18515625
5 0.2484375 0.596875 0.1609375 0.171875
5 0.25859375 0.41015625 0.2265625 0.178125
5 0.26640625 0.2921875 0.12265625 0.14765625
5 0.39453125 0.35859375 0.1375 0.21953125
5 0.590625 0.6203125 0.15 0.346875
5 0.75546875 0.58515625 0.14140625 0.14921875