6 0.5446307578125 0.9778099015624999 0.57823258125 0.973684115625 0.7397814609375 0.8790722875 0.851727165625 0.77579251875 0.934238159375 0.6357871296875001 0.979403171875 0.45552428125000005 0.9786826281250001 0.449655928125 0.9189072062499999 0.297241409375 0.82728746875 0.1707454140625 0.6983413203125 0.0714621421875 0.510175078125 0.0233319578125 0.4965918375 0.0249997703125 0.2703949578125 0.0905548734375 0.1682619265625 0.156225634375 0.1006995875 0.2363456765625 0.068592984375 0.29538606562499997 0.0356013359375 0.38995539218749997 0.025634465625000002 0.4797298375 0.0418202375 0.6115523734375 0.07773195000000001 0.7330816984374999 0.1613258625 0.836949628125 0.2735733484375 0.9284442765625001 0.4785837125 0.9741127031250001 0.5446307578125 0.9778099015624999
5 0.1984375 0.6640625 0.1359375 0.1640625
5 0.26171875 0.4515625 0.196875 0.178125
5 0.31484375 0.34921875 0.1484375 0.1625
5 0.40390625 0.259375 0.1921875 0.175
5 0.61875 0.553125 0.203125 0.175
5 0.6265625 0.7375 0.190625 0.1796875
5 0.440625 0.75078125 0.2046875 0.246875
5 0.321875 0.75703125 0.1609375 0.140625
5 0.37265625 0.621875 0.2359375 0.1640625
5 0.60859375 0.3953125 0.3625 0.190625
5 0.553125 0.2359375 0.1640625 0.159375