6 0.97985759375 0.50555846875 0.97926675625 0.47170945781249995 0.9020596781249999 0.30115593125 0.8110471984375 0.17902780000000001 0.6804335218750001 0.0823342640625 0.5058792015625 0.0185740703125 0.499967678125 0.01867725625 0.34213986875 0.0621935671875 0.2067599625 0.1400889703125 0.09454203125 0.257950809375 0.02700678125 0.44005528437499997 0.027245621874999997 0.4537384484375 0.0687975953125 0.685548571875 0.1234327953125 0.793986571875 0.1960517453125 0.869553621875 0.25141265 0.90765574375 0.34201534843750003 0.9503518453125 0.43025617968749996 0.9696481015625 0.5630484515624999 0.9673302046875 0.687665821875 0.94431849375 0.7997026968750001 0.8720396718750001 0.9024291828125 0.7699708859375 0.969276853125 0.5708572390625 0.97985759375 0.50555846875
5 0.63125 0.8171875 0.1515625 0.121875
5 0.4265625 0.73203125 0.1609375 0.1828125
5 0.33125 0.66875 0.1484375 0.134375
5 0.25078125 0.57109375 0.1578125 0.178125
5 0.56484375 0.3875 0.15625 0.1890625
5 0.75 0.3984375 0.1625 0.175
5 0.74296875 0.5859375 0.2296875 0.1828125
5 0.7375 0.70390625 0.1265625 0.1484375
5 0.6078125 0.63984375 0.140625 0.2234375
5 0.40703125 0.38125 0.15625 0.35
5 0.24296875 0.41953125 0.1453125 0.1515625