6 0.9613677765625 0.604561603125 0.97185761875 0.5340552921875 0.9675528078125 0.3993442796875 0.8862355531249999 0.2171419609375 0.7959332140625001 0.1356977375 0.75256196875 0.1130137140625 0.717138378125 0.09800465625 0.54858165 0.06578521875 0.49133362031249994 0.059459153125 0.40150355312499997 0.06102714218750001 0.3590551203125 0.06323315 0.3006748140625 0.07597271718750001 0.1494109546875 0.139169134375 0.1214528671875 0.16016808124999998 0.0431594484375 0.26311266875 0.0007615578125000001 0.36893465000000003 0.0045407500000000005 0.5854444156249999 0.024521862499999998 0.650215646875 0.058708446875 0.706268171875 0.1333881640625 0.7879850890625 0.18881724375 0.829992865625 0.3362678234375 0.8840683593750001 0.40882922343750006 0.9003825984375 0.5748195625 0.8974852265625 0.7379026468750001 0.8399427703125 0.7920705171875 0.8096959281249999 0.853742915625 0.7617372921875 0.9102094234375 0.6953120109375 0.9613677765625 0.604561603125
4 0.85546875 0.346875 0.1 0.1703125
4 0.83046875 0.26640625 0.1359375 0.1265625
4 0.50625 0.26015625 0.18125 0.11875
4 0.228125 0.26953125 0.15 0.1765625
4 0.55078125 0.4828125 0.134375 0.1125
4 0.55234375 0.8 0.1421875 0.1015625
4 0.42265625 0.87578125 0.10625 0.06875
4 0.19921875 0.74296875 0.0765625 0.0796875
4 0.1375 0.59375 0.0875 0.1734375
4 0.25703125 0.4203125 0.0953125 0.071875
4 0.47109375 0.38359375 0.0828125 0.1265625
4 0.4140625 0.728125 0.109375 0.1859375