6 1 0.4326171875 0.978515625 0.3583984375 0.9453125 0.3017578125 0.8720703125 0.21875 0.8173828125 0.17578125 0.6708984375 0.119140625 0.5986328125 0.1015625 0.4326171875 0.1015625 0.2685546875 0.15625 0.2138671875 0.185546875 0.1513671875 0.232421875 0.09375 0.2978515625 0.041015625 0.3876953125 0.029296875 0.4580078125 0.03125 0.5927734375 0.109375 0.7763671875 0.1982421875 0.859375 0.2412109375 0.8828125 0.2763671875 0.8984375 0.4443359375 0.93359375 0.5205078125 0.943359375 0.6337890625 0.939453125 0.6923828125 0.927734375 0.8447265625 0.8671875 0.873046875 0.8466796875 0.953125 0.7451171875 1 0.6337890625 1 0.4326171875
4 0.1421875 0.646875 0.09765625 0.16875
4 0.165625 0.728125 0.13515625 0.12578125
4 0.48984375 0.73984375 0.17890625 0.115625
4 0.76796875 0.73515625 0.146875 0.17265625
4 0.44921875 0.51640625 0.13359375 0.11171875
4 0.453125 0.19921875 0.13984375 0.09765625
4 0.58359375 0.12578125 0.1046875 0.0671875
4 0.8046875 0.2625 0.075 0.078125
4 0.8640625 0.4125 0.08515625 0.171875
4 0.74140625 0.58359375 0.09375 0.07109375
4 0.5265625 0.6171875 0.08203125 0.12421875
4 0.58984375 0.2734375 0.10625 0.184375