6 0.6160140640625 1 0.696169625 0.9757482265625 0.8055461984375001 0.9067249500000001 0.8289019453125 0.8807034296875 0.905041396875 0.73552310625 0.922820665625 0.67847528125 0.928717903125 0.63638064375 0.9381091312500001 0.5470290671875 0.9367966328125 0.4894475296875 0.9193904875 0.31872410156250003 0.9075259109375 0.2821271828125 0.8887082625 0.236943934375 0.815444325 0.1398868921875 0.6410226078125 0.042999096875 0.5071994 0.0269698265625 0.43604713593750005 0.0312747234375 0.3411833171875 0.07432898437499999 0.27008942343750003 0.12479127500000001 0.21693818125000003 0.1820491203125 0.182085396875 0.23337467968749998 0.1105482796875 0.390822028125 0.093194921875 0.5559282015625 0.10312293749999998 0.6296353625 0.1441414921875 0.7812378390625 0.1811584546875 0.8401172125 0.2560556484375 0.92163485 0.30891531875 0.9605766421874999 0.3716986078125 0.98612690625 0.5036922734375 1 0.6160140640625 1
4 0.68359375 0.159375 0.178125 0.1140625
4 0.76171875 0.19140625 0.1390625 0.146875
4 0.73984375 0.51484375 0.134375 0.190625
4 0.70546875 0.79140625 0.1875 0.1640625
4 0.521875 0.4515625 0.1234375 0.14375
4 0.20546875 0.421875 0.1125 0.15
4 0.11875 0.54375 0.078125 0.1109375
4 0.23203125 0.778125 0.0859375 0.0828125
4 0.375 0.853125 0.1796875 0.1015625
4 0.5578125 0.7484375 0.0796875 0.1
4 0.6140625 0.53828125 0.1328125 0.09375
4 0.265625 0.565625 0.19375 0.125