6 0.8271484375 0.947265625 0.7880859375 0.916015625 0.7294921875 0.8984375 0.7001953125 0.876953125 0.5634765625 0.837890625 0.5361328125 0.814453125 0.4892578125 0.826171875 0.4775390625 0.814453125 0.4189453125 0.7890625 0.3642578125 0.783203125 0.3408203125 0.7734375 0.2880859375 0.78125 0.275390625 0.7724609375 0.255859375 0.7373046875 0.2353515625 0.7265625 0.2177734375 0.705078125 0.2021484375 0.701171875 0.1826171875 0.71484375 0.1279296875 0.689453125 0.0830078125 0.658203125 0.0048828125 0.64453125 0.0009765625 1 0.8359375 0.9990234375 0.841796875 0.9677734375 0.8271484375 0.947265625
6 0 0.4033203125 0.0009765625 0.5625 0.0732421875 0.59765625 0.7587890625 0.828125 0.8271484375 0.83203125 0.8720703125 0.814453125 0.9088530015625 0.70889389375 0.9657660796875 0.682119728125 1 0.6357421875 0.9981283124999999 0.538208665625 0.96911376875 0.5203592515625 0.9970123046875001 0.4668110484375 1 0.0763546390625 0.5405923421875001 0 0.4638671875 0.0390625 0.32856347656249996 0.205763003125 0.11653461093749999 0.1667173703125 0 0.2927790171875 0 0.4033203125
3 0.62734375 0.93828125 0.3421875 0.1234375
3 0.375 0.9046875 0.22421875 0.190625
3 0.1328125 0.871875 0.265625 0.25625
3 0.0671875 0.728125 0.134375 0.12890625
2 0.13125 0.85078125 0.0671875 0.04609375
2 0.20625 0.83828125 0.01796875 0.01953125
2 0.2328125 0.83828125 0.0171875 0.009375
2 0.21953125 0.8546875 0.02109375 0.0125
2 0.17734375 0.97734375 0.0171875 0.0171875
2 0.05078125 0.78828125 0.03828125 0.028125
2 0.728125 0.95859375 0.0421875 0.025
2 0.58046875 0.8953125 0.02578125 0.03125
8 0.06953125 0.33125 0.1390625 0.190625
8 0.30390625 0.41640625 0.2140625 0.08984375
8 0.853125 0.59765625 0.27421875 0.23203125
8 0.86328125 0.384375 0.2734375 0.17578125
8 0.59453125 0.29609375 0.146875 0.0890625
8 0.7859375 0.22734375 0.428125 0.10859375
2 0.68125 0.0875 0.30390625 0.171875
2 0.53515625 0.0515625 0.19453125 0.103125
2 0.909375 0.1234375 0.18046875 0.13515625
2 0.90625 0.5171875 0.1390625 0.28046875
2 0.78046875 0.4375 0.11640625 0.3171875
2 0.64609375 0.57421875 0.190625 0.171875
2 0.54609375 0.4125 0.309375 0.15234375
2 0.434375 0.50703125 0.16171875 0.1625
2 0.38125 0.27578125 0.24453125 0.21640625
2 0.19375 0.3484375 0.11484375 0.3
2 0.11484375 0.44453125 0.1 0.14296875
2 0.10390625 0.2171875 0.1109375 0.165625