6 1 0.051087503125 0.69571286875 0.0224824921875 0.7011435625 0.10160861562500001 0.72752675625 0.1495509171875 0.7470618890625 0.20659287656249997 0.7314233390625 0.2245880328125 0.7336749328125001 0.2405357515625 0.7532042 0.2602633109375 0.761743890625 0.28178164375 0.7946659781250001 0.304880728125 0.802079871875 0.3184252015625 0.7887979265625 0.3700540625 0.79606016875 0.39438395625 0.7961710453124999 0.44938434374999997 0.8152978624999999 0.510311153125 0.8257274734375001 0.52319065 0.8091731484375 0.568583921875 0.8296240546875 0.598227765625 0.854181565625 0.7382806984375 0.872485890625 0.7696628109375 0.88384300625 0.8297729921875 0.9108386718749999 0.87188801875 0.9285054609375001 0.8875389968749999 0.93473235 0.8881934687499999 0.9606019609375 0.8861031171875 1 0.5112558078125 1 0.051087503125
6 0.321505290625 0 0.209208903125 0.08385899999999999 0.2258775875 0.29880772968749997 0.045947198437499996 0.4159452859375 0 0.48674735625 0 0.503509003125 0.026993909375000003 0.9530391968749999 0.41562365625000003 0.9908816765624999 0.47179470781250005 0.9687332828124999 0.4865134953125 0.999454653125 0.4908921859375 1 0.60291130625 1 0.633018971875 0.9823125062500001 0.665595503125 0.9285098671875 0.7744213078125 0.902962621875 0.794873840625 0.8634561203125 0.7977399796875 0.8361866250000001 0.7998594015625 0.7917310375 0.6423123453125 0.085849115625 0.6149024984375 0.010304540625 0.5223281546874999 0 0.321505290625 0
3 0.921875 0.671875 0.15625 0.353125
3 0.9046875 0.4171875 0.190625 0.24375
3 0.88359375 0.1734375 0.2328125 0.290625
3 0.771875 0.09375 0.1421875 0.146875
2 0.8875 0.1703125 0.0515625 0.0734375
2 0.8671875 0.24296875 0.021875 0.0203125
2 0.8640625 0.26953125 0.0109375 0.0171875
2 0.88203125 0.2578125 0.0140625 0.021875
2 0.83359375 0.08359375 0.0328125 0.0421875
2 0.93203125 0.775 0.0296875 0.046875
2 0.884375 0.62109375 0.034375 0.0296875
8 0.37734375 0.06640625 0.2046875 0.1328125
8 0.4375 0.29609375 0.1109375 0.221875
8 0.56015625 0.85625 0.2609375 0.2875
8 0.346875 0.84921875 0.203125 0.290625
8 0.2875 0.57265625 0.1046875 0.1546875
8 0.19921875 0.75625 0.1515625 0.4375
2 0.0859375 0.6375 0.171875 0.31875
2 0.05546875 0.48828125 0.1109375 0.2046875
2 0.0828125 0.86796875 0.153125 0.19375
2 0.475 0.90546875 0.29375 0.165625
2 0.40859375 0.77265625 0.3296875 0.15
2 0.55859375 0.653125 0.190625 0.2078125
2 0.4078125 0.53671875 0.184375 0.3234375
2 0.5140625 0.43515625 0.178125 0.178125
2 0.2890625 0.35859375 0.2421875 0.265625
2 0.38125 0.1796875 0.3109375 0.146875
2 0.48515625 0.1109375 0.1515625 0.1140625
2 0.26015625 0.0765625 0.1765625 0.128125