6 1 0.5167622359374999 0.9801777968750001 0.1385320671875 0.954453040625 0.1350906703125 0.9482004328125001 0.13541835468750002 0.9297387468749999 0.150123275 0.900575946875 0.190767740625 0.8860884718750001 0.25020115781249996 0.8661668203125 0.2805822875 0.8343131609375 0.41915804218749997 0.8123388421875 0.44769094374999996 0.8264947796875 0.493888390625 0.815405403125 0.5062043921875 0.7931161343750001 0.566046684375 0.7901269125 0.62096589375 0.78160129375 0.644882365625 0.7921629921875 0.6971355953125 0.7840503953125 0.71027349375 0.7499645125 0.7316179125 0.7403103421874999 0.7526598234375 0.7197753796875 0.7713382625 0.7166922328124999 0.7871462859375 0.73136755625 0.8059352390625 0.7088738515624999 0.861876634375 0.6800177078125 0.90837244375 0.670453315625 0.9871059078125001 1 0.973464346875 1 0.5167622359374999
6 0.5199827406249999 0 0.5126714156250001 0.000524003125 0.4963649671875 0.030432948437500003 0.44143005312500005 0.00537514375 0.0513523859375 0.0228264515625 0 0.47802984375 0 0.48708098906249997 0.042170378125000005 0.5601762328125 0.2157236734375 0.686570084375 0.18782828437500002 0.9003518625 0.3076375375 1 0.5043829703125 1 0.5891163484375 0.9950378796875 0.620442328125 0.92103135625 0.814716478125 0.2243621984375 0.8149265859374999 0.1798566140625 0.81349155 0.1524744875 0.79513465625 0.1119517265625 0.687795034375 0.080743990625 0.6580789609375 0.0253101609375 0.6197423843750001 0 0.5199827406249999 0
3 0.93046875 0.34921875 0.1390625 0.3484375
3 0.9046875 0.603125 0.190625 0.234375
3 0.87734375 0.846875 0.2453125 0.278125
3 0.75078125 0.9203125 0.134375 0.140625
2 0.86953125 0.85 0.0484375 0.0703125
2 0.853125 0.77578125 0.021875 0.0203125
2 0.8515625 0.74921875 0.0109375 0.015625
2 0.86875 0.76171875 0.0140625 0.0203125
2 0.9921875 0.796875 0.015625 0.01875
2 0.81171875 0.93359375 0.0296875 0.040625
2 0.94609375 0.2484375 0.0265625 0.0453125
2 0.890625 0.39921875 0.0328125 0.028125
8 0.353125 0.93203125 0.196875 0.1359375
8 0.4265625 0.7 0.1 0.21875
8 0.578125 0.14296875 0.246875 0.2859375
8 0.365625 0.14296875 0.1890625 0.2828125
8 0.29140625 0.41640625 0.096875 0.1515625
8 0.2125 0.22890625 0.1296875 0.4328125
2 0.0859375 0.33984375 0.171875 0.3109375
2 0.053125 0.4875 0.10625 0.2
2 0.10234375 0.1109375 0.14375 0.1875
2 0.49609375 0.09375 0.2875 0.1515625
2 0.42265625 0.2234375 0.325 0.134375
2 0.56640625 0.35 0.18125 0.2
2 0.41015625 0.45859375 0.16875 0.3171875
2 0.51015625 0.56484375 0.1703125 0.1703125
2 0.28203125 0.63046875 0.2296875 0.2546875
2 0.36484375 0.8140625 0.30625 0.13125
2 0.46484375 0.8875 0.146875 0.1078125
2 0.23828125 0.91015625 0.171875 0.11875