6 0.3390052359375 0.888671875 0.5824607328125 0.896484375 0.7866492140625 0.87109375 0.8455497375000001 0.8466796875 0.9319371734375 0.7568359375 0.960732984375 0.7001953125 0.9712041890625001 0.6123046875 0.8952879578124999 0.4482421875 0.836387434375 0.40234375 0.6269633515625 0.3515625 0.4489528796875 0.349609375 0.2945026171875 0.38671875 0.164921465625 0.4794921875 0.12565445 0.5400390625 0.12041884843749999 0.6767578125 0.146596859375 0.7392578125 0.188481675 0.8017578125 0.3390052359375 0.888671875
5 0.2515625 0.65078125 0.08046875 0.0875
5 0.42890625 0.79765625 0.0765625 0.0796875
5 0.684375 0.784375 0.096875 0.08671875
5 0.759375 0.8 0.096875 0.0796875
5 0.840625 0.6734375 0.121875 0.08671875
5 0.86875 0.5984375 0.11796875 0.08671875
5 0.82265625 0.5375 0.1046875 0.08515625
5 0.571875 0.55 0.096875 0.06015625
5 0.61640625 0.4078125 0.1328125 0.06875
5 0.5453125 0.40703125 0.121875 0.0671875
5 0.4375 0.42109375 0.06015625 0.06953125
5 0.3453125 0.43046875 0.0875 0.0484375
5 0.25859375 0.4984375 0.084375 0.0359375
5 0.33359375 0.540625 0.09140625 0.04609375
5 0.4046875 0.48359375 0.10625 0.0625
5 0.5234375 0.4640625 0.171875 0.05703125
5 0.6703125 0.484375 0.0953125 0.06953125
5 0.77109375 0.48203125 0.084375 0.0625
5 0.38203125 0.66484375 0.084375 0.05703125
5 0.5453125 0.72578125 0.1140625 0.07421875
5 0.54140625 0.62265625 0.0953125 0.08515625
5 0.4546875 0.584375 0.0859375 0.07265625
5 0.321875 0.46484375 0.06328125 0.0390625
4 0.53671875 0.496875 0.096875 0.06171875
4 0.3265625 0.503125 0.0875 0.0546875
4 0.4265625 0.5375 0.09375 0.04765625
4 0.41640625 0.465625 0.08046875 0.06875
4 0.7875 0.6609375 0.09375 0.06953125
4 0.64453125 0.69609375 0.0875 0.06953125
4 0.659375 0.6546875 0.0765625 0.04453125
4 0.4765625 0.73671875 0.06328125 0.0671875
4 0.546875 0.8171875 0.09921875 0.08671875
4 0.346875 0.7125 0.09140625 0.075
4 0.16484375 0.6859375 0.06015625 0.0515625
4 0.3046875 0.6265625 0.0859375 0.08125
4 0.29140625 0.5609375 0.08203125 0.05
4 0.6625 0.54296875 0.084375 0.04765625
4 0.75625 0.5984375 0.103125 0.075
4 0.740625 0.53125 0.07890625 0.0640625