6 0.5690545171875 0.111771834375 0.387109828125 0.09533521406249999 0.2271160875 0.163257225 0.17792664062500002 0.22018688437499997 0.1443269234375 0.279030721875 0.13286167499999998 0.41536845 0.1644571921875 0.4802494640625 0.281766228125 0.5881233515625001 0.43054274687499994 0.643778871875 0.60746438125 0.6635343234375 0.8215161265625 0.638653965625 0.8855712265625 0.600275815625 0.978298425 0.45090429218750006 0.9809790734374999 0.42907217031249995 0.9812337984375 0.358176453125 0.9595553812500001 0.2984486921875 0.8847610640625 0.19874664375 0.8292749031250001 0.16733639218750002 0.645054453125 0.121103453125 0.5690545171875 0.111771834375
5 0.271875 0.3203125 0.090625 0.096875
5 0.465625 0.19609375 0.0859375 0.0890625
5 0.71796875 0.23984375 0.10625 0.0984375
5 0.79375 0.23359375 0.10625 0.0921875
5 0.859375 0.36953125 0.13125 0.1015625
5 0.878125 0.446875 0.128125 0.1015625
5 0.825 0.50234375 0.1140625 0.096875
5 0.57734375 0.459375 0.103125 0.0703125
5 0.6046875 0.60546875 0.140625 0.084375
5 0.53359375 0.59765625 0.1296875 0.08125
5 0.428125 0.5703125 0.0671875 0.0765625
5 0.33828125 0.55 0.0921875 0.059375
5 0.26015625 0.471875 0.0875 0.04375
5 0.33984375 0.4390625 0.096875 0.0578125
5 0.403125 0.5046875 0.1125 0.075
5 0.51875 0.53828125 0.178125 0.0765625
5 0.6671875 0.5359375 0.1046875 0.0796875
5 0.7671875 0.55078125 0.090625 0.071875
5 0.403125 0.321875 0.090625 0.0671875
5 0.57265625 0.28125 0.1234375 0.0875
5 0.55625 0.38359375 0.1046875 0.096875
5 0.465625 0.4109375 0.0921875 0.08125
5 0.31875 0.51328125 0.0671875 0.046875
4 0.5359375 0.5078125 0.103125 0.0734375
4 0.328125 0.47578125 0.09375 0.0671875
4 0.43203125 0.45390625 0.0984375 0.0578125
4 0.4125 0.52421875 0.0875 0.078125
4 0.8046875 0.375 0.1015625 0.0796875
4 0.6671875 0.32265625 0.0953125 0.0796875
4 0.67734375 0.365625 0.0796875 0.053125
4 0.50546875 0.2625 0.0703125 0.075
4 0.58515625 0.190625 0.109375 0.0984375
4 0.37421875 0.2703125 0.0984375 0.0859375
4 0.18984375 0.27421875 0.0671875 0.059375
4 0.321875 0.35078125 0.09375 0.090625
4 0.3 0.4140625 0.0890625 0.059375
4 0.66640625 0.47734375 0.0890625 0.0578125
4 0.76640625 0.43359375 0.1109375 0.0875
4 0.74296875 0.4984375 0.0859375 0.071875