6 0.15375645468750002 0.7607234828125 0.2925658765625 0.8653339078125001 0.473082409375 0.8934019296875 0.5490823453125 0.9027335484375 0.7390154203125 0.9024408859375 0.8004522328125001 0.8853869703124999 0.8971449484375 0.80674088125 0.9326288765624999 0.7540317734374999 0.9495329437500001 0.6851803390625 0.9522135921875 0.6633482171875 0.8983770281250001 0.49598092656250004 0.8455091546875 0.443246440625 0.6438347624999999 0.36732133125 0.46738918125 0.34368874531250004 0.3095676734375 0.36169876093750003 0.169646159375 0.437988709375 0.1232930265625 0.49329883125 0.10143462656249999 0.6283604406250001 0.1198006765625 0.6935848734375 0.15375645468750002 0.7607234828125
5 0.23515625 0.61953125 0.090625 0.096875
5 0.39296875 0.78671875 0.0859375 0.0890625
5 0.6484375 0.8046875 0.10625 0.0984375
5 0.72109375 0.8296875 0.10625 0.0921875
5 0.8171875 0.71328125 0.13125 0.1015625
5 0.85390625 0.64296875 0.128125 0.1015625
5 0.815625 0.5765625 0.1140625 0.096875
5 0.565625 0.55859375 0.103125 0.0703125
5 0.6265625 0.42265625 0.140625 0.084375
5 0.55625 0.41328125 0.1296875 0.08125
5 0.44765625 0.4140625 0.0671875 0.0765625
5 0.3546875 0.4125 0.0921875 0.059375
5 0.2609375 0.46875 0.0875 0.04375
5 0.3296875 0.5203125 0.096875 0.0578125
5 0.40703125 0.471875 0.1125 0.075
5 0.52734375 0.4671875 0.178125 0.0765625
5 0.67109375 0.50546875 0.1046875 0.0796875
5 0.77109375 0.51484375 0.090625 0.071875
5 0.3625 0.64921875 0.090625 0.0671875
5 0.5171875 0.7296875 0.1234375 0.0875
5 0.52578125 0.6265625 0.1046875 0.096875
5 0.44453125 0.578125 0.0921875 0.08125
5 0.32734375 0.44375 0.0671875 0.046875
4 0.53671875 0.5015625 0.103125 0.0734375
4 0.32734375 0.48203125 0.09375 0.0671875
4 0.42265625 0.528125 0.0984375 0.0578125
4 0.42109375 0.45546875 0.0875 0.078125
4 0.765625 0.69453125 0.1015625 0.0796875
4 0.61953125 0.7125 0.0953125 0.0796875
4 0.6390625 0.67265625 0.0796875 0.053125
4 0.44765625 0.73203125 0.0703125 0.075
4 0.5078125 0.8203125 0.109375 0.0984375
4 0.321875 0.6921875 0.0984375 0.0859375
4 0.14453125 0.64375 0.0671875 0.059375
4 0.290625 0.6015625 0.09375 0.090625
4 0.28515625 0.53515625 0.0890625 0.059375
4 0.65625 0.5625 0.0890625 0.0578125
4 0.7421875 0.62890625 0.1109375 0.0875
4 0.73515625 0.56015625 0.0859375 0.071875