6 0.6650390625 0.97265625 0.7705078125 0.943359375 0.8720703125 0.8984375 1 0.8037109375 0.9990234375 0.103515625 0.8271484375 0.03515625 0.5673828125 0.017578125 0.3154296875 0.056640625 0.1513671875 0.1171875 0.0009765625 0.1953125 0 0.8720703125 0.0283203125 0.927734375 0.2626953125 0.9765625 0.6650390625 0.97265625
8 0.5734375 0.6859375 0.1984375 0.2359375
8 0.1625 0.5203125 0.07421875 0.1421875
8 0.3171875 0.3859375 0.2109375 0.2078125
8 0.465625 0.24765625 0.16015625 0.13828125
8 0.8109375 0.22734375 0.2046875 0.21484375
8 0.9390625 0.53203125 0.12109375 0.1578125
2 0.08515625 0.421875 0.13359375 0.115625
2 0.08828125 0.2703125 0.07421875 0.07421875
2 0.765625 0.44140625 0.1953125 0.1296875
2 0.2234375 0.40390625 0.10859375 0.16328125
2 0.72578125 0.58984375 0.13125 0.11171875