6 1 0.50771716875 0.98669330625 0.1102186109375 0.9564475984374999 0.055576821875 0.7228706593750001 0.0153641984375 0.6702660046875 0.01720119375 0.31854896875 0.0329034765625 0.2141669140625 0.0658633109375 0.11423403437499999 0.1143023 0 0.205228046875 0 0.49737297500000005 0.01510061875 0.9131705296874999 0.189256625 0.9754899125 0.449477475 0.9839916390625 0.69991385625 0.936159896875 0.8617633578125 0.8699242078125 1 0.7918696734374999 1 0.50771716875
8 0.4203125 0.31640625 0.2046875 0.240625
8 0.83671875 0.46796875 0.0796875 0.14375
8 0.68671875 0.6078125 0.2171875 0.2171875
8 0.54296875 0.75078125 0.1640625 0.1453125
8 0.1984375 0.78359375 0.2109375 0.2203125
8 0.06171875 0.4828125 0.1234375 0.1625
2 0.9171875 0.56328125 0.1375 0.1203125
2 0.91953125 0.71484375 0.0765625 0.078125
2 0.23671875 0.56796875 0.1984375 0.1359375
2 0.7796875 0.58671875 0.115625 0.1671875
2 0.27109375 0.41796875 0.134375 0.115625