6 0.49784124375000005 0 0.10178400624999999 0.0201834421875 0.047678399999999996 0.051378175000000005 0.011548382812499999 0.285621346875 0.014303175000000001 0.33818592812500003 0.0361413734375 0.689575353125 0.07091790625 0.7933662828125 0.12109358750000002 0.8924385656249999 0.20981840312500002 1 0.5055363828125 1 0.9215702640625001 0.977614709375 0.9808407125 0.8023976046874999 0.9847996640625001 0.5420680109375 0.9326044906250001 0.292504553125 0.863554225 0.1318356734375 0.786048878125 0 0.49784124375000005 0
8 0.31796875 0.5828125 0.24375 0.209375
8 0.46171875 0.1640625 0.14375 0.0828125
8 0.6046875 0.31171875 0.2203125 0.2203125
8 0.75 0.45234375 0.146875 0.1671875
8 0.78828125 0.79609375 0.225 0.2140625
8 0.48984375 0.9375 0.1640625 0.125
2 0.55625 0.08125 0.121875 0.1390625
2 0.7078125 0.0765625 0.078125 0.0765625
2 0.57265625 0.7625 0.1390625 0.2
2 0.58125 0.21875 0.1703125 0.1171875
2 0.421875 0.73046875 0.1171875 0.1375