6 0.0761236109375 0 0.02038681875 0.351908253125 0 0.4817819109375 0 0.9237354953124999 0.4724698359375 1 0.9219863609375001 1 1 0.516899140625 1 0.186270634375 0.8855929546875 0.10472106562500001 0.63602085 0.0157559546875 0.53654166875 0 0.0761236109375 0
8 0.21796875 0.20703125 0.3796875 0.25625
8 0.8390625 0.30078125 0.321875 0.2078125
8 0.59296875 0.49609375 0.35 0.2953125
8 0.90234375 0.603125 0.1953125 0.2625
8 0.16953125 0.640625 0.3390625 0.378125
1 0.528125 0.17265625 0.3421875 0.2203125
1 0.2390625 0.08515625 0.303125 0.1703125
1 0.765625 0.42109375 0.4515625 0.2828125
1 0.5546875 0.69140625 0.4515625 0.4078125
1 0.26875 0.5375 0.3046875 0.240625
1 0.66015625 0.5515625 0.1875 0.090625
1 0.19375 0.33515625 0.209375 0.128125
2 0.29140625 0.815625 0.459375 0.296875
2 0.8609375 0.16875 0.278125 0.190625
2 0.25078125 0.109375 0.1859375 0.1796875
2 0.84765625 0.8796875 0.2234375 0.240625