6 0.44140625 0 0.1809895828125 0.048828125 0.0026041671875 0.1376953125 0.0052083328125 0.9990234375 0.99609375 0.99609375 0.9973958328125001 0.0498046875 0.7174479171875 0 0.44140625 0
8 0.82421875 0.2546875 0.35078125 0.2046875
8 0.1921875 0.25 0.30703125 0.16171875
8 0.40859375 0.48125 0.3140625 0.2484375
8 0.0828125 0.53828125 0.165625 0.23984375
8 0.82890625 0.6953125 0.3421875 0.328125
1 0.5234375 0.17265625 0.31796875 0.171875
1 0.8234375 0.12265625 0.284375 0.1453125
1 0.25 0.38046875 0.421875 0.21875
1 0.41640625 0.68046875 0.4015625 0.35
1 0.72265625 0.5734375 0.27734375 0.20078125
1 0.33359375 0.52578125 0.18046875 0.0640625
1 0.828125 0.38515625 0.196875 0.09765625
2 0.65625 0.84453125 0.428125 0.2328125
2 0.18046875 0.1140625 0.28984375 0.14765625
2 0.80703125 0.153125 0.1640625 0.1546875
2 0.09609375 0.82109375 0.19140625 0.21328125