6 0.5300223421875 0 0.3942728296875 0.0093048453125 0.0165870421875 0.035715209375 0 0.1912381453125 0 0.5111605578125 0.0057436515624999995 0.5932986 0.07261858125000001 0.849674828125 0.1611009671875 1 0.4673666140625 1 1 0.9611360484375 1 0.5093380562500001 0.962870009375 0 0.5300223421875 0
8 0.2328125 0.19375 0.2265625 0.365625
8 0.271875 0.82421875 0.1828125 0.3171875
8 0.4875 0.5921875 0.271875 0.33125
8 0.5671875 0.9109375 0.25 0.178125
8 0.67109375 0.1703125 0.3515625 0.340625
1 0.171875 0.49921875 0.19375 0.3296875
1 0.10078125 0.20390625 0.1640625 0.29375
1 0.3984375 0.7578125 0.246875 0.4359375
1 0.6859375 0.57109375 0.3765625 0.425
1 0.5578125 0.27265625 0.21875 0.2890625
1 0.5375 0.6640625 0.0765625 0.184375
1 0.3625 0.18046875 0.1125 0.203125
2 0.8328125 0.3203125 0.2625 0.44375
2 0.1375 0.8453125 0.1671875 0.2984375
2 0.1328125 0.21796875 0.1671875 0.175
2 0.8484375 0.88046875 0.2265625 0.20625