6 0.509060621875 1 0.6995393453125 0.9866804296874999 0.7774832421875 0.9440300703125001 0.8866240234375 0.8061982296875 0.9377814328125 0.7164736046875 0.9864864671875001 0.59167836875 0.9687472515625 0.44999252968750003 0.8762437500000001 0.20976631874999999 0.8500022375 0.170485521875 0.763066296875 0.0845436421875 0.6549344390625 0.012810237499999998 0.396891628125 0.018519614062500002 0.2892118609375 0.026049317187499997 0.142482084375 0.038854925 0.07876269531249999 0.06093166875 0 0.11132277500000001 0 0.45026231718750004 0.0352845140625 0.9548543859375 0.07374568125 0.9971559828125001 0.082644190625 1 0.509060621875 1
4 0.75390625 0.4984375 0.2578125 0.1375
4 0.6453125 0.64140625 0.1015625 0.078125
4 0.8140625 0.6390625 0.090625 0.121875
4 0.81484375 0.74609375 0.1546875 0.0921875
4 0.79375 0.86484375 0.1015625 0.15
4 0.6984375 0.8796875 0.071875 0.090625
4 0.340625 0.69296875 0.1078125 0.115625
4 0.2296875 0.74609375 0.2265625 0.1453125
4 0.1046875 0.75234375 0.1859375 0.1640625
4 0.31015625 0.8890625 0.078125 0.1046875
4 0.26328125 0.94140625 0.1640625 0.1171875
4 0.0578125 0.56953125 0.115625 0.1609375
4 0.121875 0.53046875 0.0890625 0.125
4 0.30625 0.5578125 0.1625 0.1296875
4 0.43125 0.5765625 0.1015625 0.1
4 0.55703125 0.54765625 0.0765625 0.1171875
4 0.49140625 0.40703125 0.0875 0.1515625
4 0.41484375 0.45234375 0.1140625 0.0953125
4 0.22578125 0.42734375 0.14375 0.1125
4 0.1796875 0.2375 0.1171875 0.1140625
4 0.08125 0.19609375 0.1125 0.090625
4 0.39140625 0.17734375 0.1625 0.1515625
4 0.44921875 0.24296875 0.09375 0.1046875
4 0.3546875 0.3171875 0.128125 0.0796875
4 0.50546875 0.18984375 0.1484375 0.1125
4 0.61015625 0.20859375 0.1234375 0.0734375
4 0.64140625 0.31484375 0.1109375 0.1046875
4 0.7828125 0.30078125 0.0921875 0.0546875
4 0.78984375 0.16875 0.0734375 0.084375
4 0.30625 0.05703125 0.071875 0.0515625
4 0.92109375 0.5828125 0.1390625 0.0921875
4 0.51328125 0.31484375 0.0953125 0.0953125