6 0 0.8763020828125001 0.033203125 0.9596354171874999 0.0810546875 0.9973958328125001 0.8876953125 0.9973958328125001 0.919921875 0.9752604171874999 0.966796875 0.8893229171874999 0.984375 0.82421875 0.98828125 0.59765625 0.974609375 0.3111979171875 0.8955078125 0.20833333281250002 0.8037109375 0.1276041671875 0.7626953125 0.1041666671875 0.5166015625 0.0286458328125 0.3740234375 0.0208333328125 0.2529296875 0.078125 0.1669921875 0.1354166671875 0.037109375 0.25390625 0 0.3346354171875 0 0.8763020828125001
4 0.48359375 0.246875 0.12109375 0.24921875
4 0.3484375 0.36484375 0.07265625 0.096875
4 0.3390625 0.19609375 0.1140625 0.08203125
4 0.2328125 0.203125 0.08046875 0.15078125
4 0.115625 0.23203125 0.14296875 0.09296875
4 0.10703125 0.32890625 0.08671875 0.065625
4 0.31875 0.67265625 0.109375 0.1
4 0.2734375 0.78671875 0.13125 0.21796875
4 0.27578125 0.91171875 0.1515625 0.17578125
4 0.125 0.71640625 0.1015625 0.071875
4 0.075 0.76640625 0.10625 0.15859375
4 0.46171875 0.946875 0.153125 0.10625
4 0.49609375 0.8796875 0.12109375 0.08203125
4 0.45625 0.69765625 0.11875 0.15546875
4 0.428125 0.57421875 0.0921875 0.0953125
4 0.4484375 0.44609375 0.11328125 0.06875
4 0.59375 0.50234375 0.146875 0.078125
4 0.553125 0.58203125 0.08828125 0.1078125
4 0.59140625 0.76875 0.103125 0.1390625
4 0.784375 0.8015625 0.1046875 0.1078125
4 0.83203125 0.896875 0.08359375 0.1046875
4 0.8296875 0.5859375 0.13984375 0.1546875
4 0.76015625 0.5328125 0.09765625 0.0875
4 0.6921875 0.63203125 0.07265625 0.12265625
4 0.809375 0.47265625 0.10234375 0.1421875
4 0.7828125 0.36953125 0.06484375 0.11875
4 0.675 0.34609375 0.09765625 0.1046875
4 0.67890625 0.20390625 0.0484375 0.08828125
4 0.81015625 0.1875 0.0796875 0.0703125
4 0.95546875 0.6625 0.046875 0.06796875
4 0.38828125 0.0859375 0.0828125 0.1328125
4 0.68359375 0.47421875 0.08828125 0.0890625