6 1 0.11985822500000001 0.9363039609375001 0.07590010625 0.8733938562500001 0.0516130375 0.727200371875 0.033694434375 0.619848984375 0.02241135 0.3621626203125 0.0076998859375000004 0.2515931734375 0.0756158453125 0.1617108640625 0.1584713515625 0.1341144578125 0.19681240312499998 0.0332835328125 0.43366394843749995 0.0106103578125 0.5746443875 0.05493043125 0.7010633828125 0.102925334375 0.79251871875 0.20718936718749997 0.934075553125 0.28359730625 0.979420134375 0.479401646875 1 0.9200812203125001 1 0.9485582046875001 0.9707956375 1 0.48135965000000003 1 0.11985822500000001
4 0.246875 0.48984375 0.2609375 0.1453125
4 0.35 0.63671875 0.103125 0.08125
4 0.18125 0.628125 0.09375 0.1234375
4 0.1765625 0.734375 0.1578125 0.096875
4 0.19296875 0.85390625 0.10625 0.153125
4 0.2890625 0.87265625 0.075 0.0921875
4 0.653125 0.6984375 0.1109375 0.11875
4 0.76171875 0.75546875 0.2296875 0.153125
4 0.8859375 0.76640625 0.1921875 0.16875
4 0.67578125 0.8953125 0.08125 0.10625
4 0.7203125 0.94453125 0.16875 0.1109375
4 0.93984375 0.58515625 0.1203125 0.1640625
4 0.87734375 0.54375 0.09375 0.128125
4 0.6921875 0.5640625 0.165625 0.134375
4 0.56640625 0.57890625 0.1046875 0.103125
4 0.440625 0.5453125 0.0796875 0.11875
4 0.5125 0.40703125 0.09375 0.1546875
4 0.5875 0.45546875 0.115625 0.0984375
4 0.7765625 0.4375 0.146875 0.1171875
4 0.8296875 0.2484375 0.1203125 0.1171875
4 0.9296875 0.2109375 0.1140625 0.09375
4 0.6203125 0.18125 0.1671875 0.15625
4 0.56015625 0.24453125 0.096875 0.1078125
4 0.6515625 0.32265625 0.1296875 0.084375
4 0.50546875 0.18984375 0.1515625 0.1171875
4 0.4 0.20546875 0.125 0.078125
4 0.36484375 0.31015625 0.1140625 0.1078125
4 0.22421875 0.29140625 0.09375 0.0578125
4 0.221875 0.15859375 0.0765625 0.0859375
4 0.709375 0.0640625 0.0734375 0.053125
4 0.0765625 0.56796875 0.1421875 0.096875
4 0.49375 0.31484375 0.0984375 0.0984375