6 0.208255296875 0 0.142628196875 0.1435812171875 0.10437099999999999 0.2628444578125 0.0938430203125 0.34858797343750003 0.1111671890625 0.37577098593749997 0.24151651875 0.48408698125000005 0.3200894421875 0.5332964265625 0.3531680078125 0.5123020921875 0.3528733671875 0.5307281359375 0.3671301703125 0.5588532546875 0.3637427859375 0.6665732078125 0.3777293359375 0.7289521265625 0.3700970125 0.8071388031250001 0.3789790875 0.911090334375 0.37259849375 0.963056103125 0.3803676375 0.9859174375 0.455730084375 0.9951707828125 0.4973657359375 1 0.7896705890625 1 0.8396467375000001 0.9254538468750001 0.9120318984375 0.7470007937500001 0.912787753125 0.7408448484375 0.9110322671875 0.7126722234375 0.9286032890625 0.58559411875 0.9316492328124999 0.25628558125 0.9133933531249999 0.1485456296875 0.883358753125 0.04859054375 0.50022414375 0 0.208255296875 0
6 0.2120626234375 0.7680422703125 0.19314330625 0.7538507 0.17964749375 0.695488228125 0.15896132031250002 0.6876733625 0.13921854843749998 0.6383127640625 0.125829609375 0.6366688093749999 0.1178592234375 0.637789834375 0.0980315953125 0.663048640625 0.107135146875 0.7010908578125 0.1385931859375 0.7814397703125 0.205460553125 0.88591735 0.22388913124999998 0.896092475 0.245336296875 0.8736699859374999 0.24910065 0.86384609375 0.250217253125 0.854752084375 0.244625071875 0.8313832937500001 0.22229497187499997 0.8049043578124999 0.2120626234375 0.7680422703125
5 0.72890625 0.2109375 0.19375 0.284375
5 0.7203125 0.4828125 0.1921875 0.259375
5 0.665625 0.84609375 0.184375 0.2859375
5 0.52265625 0.92109375 0.1296875 0.1578125
5 0.47890625 0.74375 0.146875 0.2609375
5 0.4796875 0.41796875 0.128125 0.2
5 0.575 0.04765625 0.125 0.0953125
5 0.4203125 0.12734375 0.1203125 0.2
5 0.29375 0.07578125 0.115625 0.1515625
5 0.203125 0.221875 0.1046875 0.1546875
5 0.29453125 0.28515625 0.0984375 0.140625
5 0.225 0.3921875 0.09375 0.1359375
4 0.54609375 0.7828125 0.1046875 0.165625
4 0.4234375 0.7953125 0.0921875 0.14375
4 0.440625 0.95625 0.096875 0.0875
4 0.60078125 0.934375 0.1140625 0.13125
4 0.61015625 0.36484375 0.053125 0.090625
4 0.56640625 0.478125 0.071875 0.103125
4 0.5078125 0.496875 0.0796875 0.109375
4 0.384375 0.49140625 0.0828125 0.121875
4 0.56796875 0.20390625 0.171875 0.178125
4 0.7203125 0.18515625 0.096875 0.0875
4 0.49296875 0.0609375 0.053125 0.065625
4 0.39609375 0.06796875 0.0515625 0.0625
4 0.340625 0.18046875 0.0875 0.11875
4 0.28359375 0.19296875 0.0921875 0.13125
4 0.2171875 0.33125 0.1015625 0.18125