6 0.492509315625 0 0.48002874531249995 0.0201528921875 0.47455605 0.0722221015625 0.442517615625 0.17151133125 0.4323661484375 0.2494109875 0.4047058671875 0.3070448484375 0.3837747171875 0.4127659421875 0.3635565390625 0.4369631328125 0.35969867031249997 0.4549831984375 0.33219060312500004 0.4270858890625 0.24456178281250002 0.4573590375 0.0931875015625 0.53357668125 0.070192503125 0.5561659062500001 0.06116255625 0.6420801015625 0.07161083124999999 0.766892628125 0.10793885624999999 0.9444374203124999 0.116793878125 0.9593353406249999 0.24399839375000001 0.9727050734375 0.5140185125000001 1 0.786877009375 1 0.823738078125 0.9354398890625 0.865762275 0.834567984375 0.9368727015625 0.5130144140625 0.9483383765625 0.38524069375000003 0.9563863328125001 0.3581850296875 0.9570346375 0.35201683125 0.92664790625 0.1618544 0.8812494609374999 0.042581234375 0.5682539078125 0.0075618484375 0.496307728125 0 0.492509315625 0
6 0.3257153359375 0.1196631796875 0.33642102500000004 0.098151296875 0.33737874687499997 0.089039184375 0.33592076875 0.0786202828125 0.32006725468749997 0.05194791875 0.29982209531250004 0.057716728125000005 0.21116619218750002 0.14447466874999998 0.16243984843749998 0.215687725 0.1450119828125 0.25070706875000004 0.1586494359375 0.2797787390625 0.1661633640625 0.2826639796875 0.17957895468750001 0.284074015625 0.209919440625 0.24041968281249998 0.231833390625 0.2374584890625 0.25811200625 0.183627740625 0.27973883125 0.1740558203125 0.298001090625 0.1404402828125 0.3257153359375 0.1196631796875
5 0.65859375 0.83359375 0.1890625 0.2828125
5 0.7109375 0.56640625 0.1890625 0.25625
5 0.7390625 0.2 0.1796875 0.2828125
5 0.61796875 0.0890625 0.1265625 0.16875
5 0.534375 0.2578125 0.1421875 0.259375
5 0.46171875 0.575 0.125 0.1984375
5 0.47109375 0.95546875 0.1234375 0.0890625
5 0.3390625 0.8453125 0.1171875 0.1984375
5 0.2015625 0.878125 0.1140625 0.1734375
5 0.14765625 0.70390625 0.1015625 0.153125
5 0.25078125 0.66328125 0.0953125 0.1390625
5 0.2078125 0.54296875 0.090625 0.1359375
4 0.60859375 0.23515625 0.1015625 0.1640625
4 0.4921875 0.1953125 0.090625 0.14375
4 0.54453125 0.0421875 0.0953125 0.084375
4 0.6984375 0.0890625 0.1109375 0.15
4 0.57734375 0.65625 0.053125 0.090625
4 0.56015625 0.5359375 0.0703125 0.103125
4 0.50625 0.5046875 0.078125 0.1078125
4 0.3859375 0.4828125 0.0796875 0.1203125
4 0.49921875 0.80390625 0.16875 0.1765625
4 0.64375 0.85625 0.0953125 0.0875
4 0.39453125 0.9265625 0.0515625 0.065625
4 0.3015625 0.89765625 0.0515625 0.0625
4 0.2734375 0.77578125 0.0859375 0.11875
4 0.2203125 0.75 0.090625 0.1296875
4 0.1859375 0.60078125 0.0984375 0.1796875