6 0.3390052359375 0.93359375 0.4672774875 0.935546875 0.7945026171875 0.8984375 0.899214659375 0.8671875 0.9947643984375001 0.8251953125 0.9973821984375 0.1669921875 0.9829842937500001 0.15625 0.8102094234375 0.1015625 0.687172775 0.078125 0.600785340625 0.078125 0.5759162296875 0.0986328125 0.48429319375 0.2412109375 0.445026178125 0.3251953125 0.4698952875 0.35546875 0.45157068125000005 0.357421875 0.4253926703125 0.375 0.31806282656249996 0.384765625 0.257853403125 0.40625 0.179319371875 0.408203125 0.07722513125 0.4296875 0.024869109375 0.4296875 0.0026178015625 0.4404296875 0.0052356015625 0.8310546875 0.11910994687500001 0.888671875 0.3075916234375 0.939453125 0.3390052359375 0.93359375
6 0.14005235625 0.287109375 0.16361256562499998 0.26171875 0.1989528796875 0.2470703125 0.21073298437500002 0.2265625 0.26701570625 0.2060546875 0.272251309375 0.1845703125 0.321989528125 0.1572265625 0.3167539265625 0.1376953125 0.289267015625 0.12109375 0.2526178015625 0.134765625 0.1767015703125 0.17578125 0.0811518328125 0.2548828125 0.0732984296875 0.2744140625 0.0981675390625 0.29296875 0.1138743453125 0.296875 0.14005235625 0.287109375
5 0.81484375 0.6921875 0.26796875 0.1625
5 0.54375 0.71640625 0.23984375 0.1640625
5 0.1765625 0.70625 0.26796875 0.153125
5 0.07890625 0.57421875 0.15703125 0.1109375
5 0.25546875 0.50859375 0.24765625 0.11640625
5 0.57890625 0.46953125 0.18828125 0.10625
5 0.95859375 0.5203125 0.0828125 0.1171875
5 0.86015625 0.37578125 0.18984375 0.0984375
5 0.90703125 0.24296875 0.16328125 0.096875
5 0.73984375 0.17109375 0.14453125 0.0875
5 0.68828125 0.26953125 0.13125 0.08203125
5 0.5734375 0.2140625 0.1265625 0.07890625
4 0.225 0.58046875 0.15546875 0.0859375
4 0.19765625 0.46015625 0.13671875 0.07734375
4 0.0390625 0.496875 0.078125 0.0875
4 0.0703125 0.6546875 0.140625 0.09765625
4 0.64765625 0.59296875 0.0859375 0.04375
4 0.5296875 0.56328125 0.096875 0.0609375
4 0.50390625 0.50703125 0.1015625 0.0671875
4 0.49453125 0.384375 0.1140625 0.06796875
4 0.80234375 0.53125 0.1609375 0.15234375
4 0.8390625 0.68046875 0.07734375 0.0875
4 0.93515625 0.43984375 0.06171875 0.04453125
4 0.91640625 0.34453125 0.05859375 0.0453125
4 0.79765625 0.303125 0.11171875 0.075
4 0.778125 0.24765625 0.121875 0.078125
4 0.6328125 0.1984375 0.171875 0.08046875