6 0.49127245156250005 0 0 0.0171556125 0 0.5087275421874999 0.0125871125 0.8691752781250001 0.1373241921875 1 0.50872753125 1 1 0.9828443874999999 1 0.49127245156250005 0.9828443874999999 0 0.49127245156250005 0
8 0.16875 0.21328125 0.2546875 0.4015625
8 0.35546875 0.60625 0.203125 0.3703125
8 0.5515625 0.4828125 0.25 0.2578125
8 0.49375 0.08828125 0.240625 0.1765625
8 0.759375 0.34609375 0.2078125 0.2921875
8 0.9390625 0.0625 0.09375 0.125
8 0.9640625 0.34453125 0.065625 0.1421875
8 0.95078125 0.7234375 0.0984375 0.23125
8 0.7671875 0.8171875 0.1859375 0.159375
8 0.58828125 0.92265625 0.1828125 0.1546875
2 0.74609375 0.59140625 0.1015625 0.09375
2 0.87578125 0.51796875 0.0859375 0.15625
2 0.95703125 0.47265625 0.0859375 0.1640625
2 0.9484375 0.37109375 0.0484375 0.0515625
2 0.90625 0.209375 0.1296875 0.1859375
2 0.84140625 0.06796875 0.1140625 0.1359375
2 0.828125 0.18203125 0.0359375 0.0640625
2 0.7109375 0.078125 0.146875 0.1546875
2 0.6109375 0.09140625 0.1 0.1828125
2 0.5328125 0.23203125 0.078125 0.1078125
2 0.46875 0.290625 0.109375 0.1484375
2 0.575 0.3625 0.0734375 0.0609375
2 0.62734375 0.46796875 0.053125 0.071875
2 0.5328125 0.45390625 0.046875 0.090625
2 0.5859375 0.6 0.0328125 0.0828125
2 0.525 0.7390625 0.1203125 0.153125
2 0.4609375 0.5828125 0.1109375 0.140625
2 0.22890625 0.75078125 0.1734375 0.3234375
2 0.2421875 0.38046875 0.084375 0.0875
2 0.3171875 0.2671875 0.096875 0.125
2 0.278125 0.0703125 0.1453125 0.1296875
2 0.7890625 0.94453125 0.15 0.0953125
2 0.896875 0.90859375 0.0578125 0.0890625
2 0.83984375 0.71875 0.1484375 0.078125
2 0.7171875 0.44453125 0.0703125 0.0640625