6 0.0729596578125 0 0 0.4606491453125 0 0.9270403421875001 0.4606491453125 1 0.848371571875 1 0.9387886375000001 0.925824190625 1 0.53935085625 1 0.0729596578125 0.5393508546875 0 0.0729596578125 0
8 0.85703125 0.25546875 0.2859375 0.4265625
8 0.63046875 0.62265625 0.2453125 0.3890625
8 0.45078125 0.4765625 0.278125 0.284375
8 0.55625 0.096875 0.259375 0.19375
8 0.2609375 0.315625 0.240625 0.3140625
8 0.1171875 0.03984375 0.109375 0.0796875
8 0.0578125 0.2890625 0.0828125 0.1484375
8 0.04296875 0.665625 0.0859375 0.240625
8 0.19609375 0.7828125 0.203125 0.1796875
8 0.3609375 0.909375 0.1984375 0.175
2 0.24453125 0.5609375 0.1109375 0.1046875
2 0.125 0.471875 0.1046875 0.1640625
2 0.05 0.4171875 0.1 0.171875
2 0.07109375 0.3171875 0.0546875 0.05625
2 0.13203125 0.16171875 0.15 0.1984375
2 0.2140625 0.0515625 0.13125 0.103125
2 0.21328125 0.14453125 0.04375 0.0671875
2 0.34140625 0.0703125 0.1640625 0.140625
2 0.4390625 0.08828125 0.121875 0.1765625
2 0.5 0.23046875 0.090625 0.115625
2 0.55703125 0.29609375 0.1265625 0.159375
2 0.4421875 0.35390625 0.0796875 0.06875
2 0.37734375 0.453125 0.0609375 0.0765625
2 0.47265625 0.45078125 0.0578125 0.0953125
2 0.403125 0.5890625 0.0421875 0.084375
2 0.44609375 0.734375 0.1375 0.1640625
2 0.52890625 0.58671875 0.1265625 0.153125
2 0.73828125 0.78203125 0.209375 0.3390625
2 0.7703125 0.41328125 0.09375 0.0953125
2 0.709375 0.29140625 0.109375 0.134375
2 0.77265625 0.1 0.1578125 0.1453125
2 0.15859375 0.90625 0.159375 0.1125
2 0.05703125 0.85703125 0.0671875 0.0953125
2 0.1359375 0.67578125 0.1546875 0.0953125
2 0.29140625 0.41875 0.078125 0.0703125