6 0 0 0 1 0.8519399218749999 1 1 0.8683822640625 1 0 0 0
8 0.2015625 0.82109375 0.39296875 0.240625
8 0.60078125 0.6484375 0.3640625 0.190625
8 0.484375 0.44765625 0.2515625 0.24140625
8 0.08671875 0.49140625 0.1734375 0.234375
8 0.35546875 0.23515625 0.2859375 0.19921875
8 0.06953125 0.04453125 0.1390625 0.0890625
8 0.3609375 0.03046875 0.140625 0.0609375
8 0.7390625 0.05078125 0.228125 0.1015625
8 0.8265625 0.24375 0.1546875 0.1828125
8 0.92578125 0.4265625 0.1484375 0.17734375
2 0.6 0.25703125 0.08984375 0.09765625
2 0.53125 0.125 0.15234375 0.08125
2 0.48984375 0.040625 0.1609375 0.08125
2 0.38671875 0.04765625 0.05 0.046875
2 0.2234375 0.08359375 0.18203125 0.12421875
2 0.0734375 0.14296875 0.146875 0.109375
2 0.19375 0.1609375 0.06171875 0.03359375
2 0.0859375 0.27421875 0.15 0.14296875
2 0.09296875 0.375 0.1859375 0.09375
2 0.23359375 0.4578125 0.1046875 0.07421875
2 0.28984375 0.52421875 0.14609375 0.10390625
2 0.36484375 0.4203125 0.05859375 0.07265625
2 0.47265625 0.371875 0.07109375 0.0484375
2 0.45546875 0.465625 0.08828125 0.04375
2 0.603125 0.41796875 0.08046875 0.02890625
2 0.73984375 0.48359375 0.1484375 0.115625
2 0.58125 0.5421875 0.1390625 0.10625
2 0.74140625 0.7796875 0.3171875 0.16171875
2 0.371875 0.753125 0.08515625 0.08046875
2 0.2609375 0.67421875 0.12109375 0.0921875
2 0.0625 0.70703125 0.125 0.140625
2 0.9546875 0.2265625 0.08984375 0.1453125
2 0.921875 0.11796875 0.08671875 0.0546875
2 0.73046875 0.16796875 0.07421875 0.1453125
2 0.45234375 0.28125 0.06171875 0.06796875