6 0.078125 0.6497395828125 0.08203125 0.7174479171875 0.095703125 0.76953125 0.1162109375 0.8098958328125001 0.1474609375 0.8125 0.1572265625 0.8307291671874999 0.1826171875 0.8359375 0.3271484375 0.9270833328125001 0.4580078125 0.9479166671874999 0.6162109375 0.9479166671874999 0.6416015625 0.9270833328125001 0.6865234375 0.9140625 0.7626953125 0.8723958328125001 0.8544921875 0.8125 0.9296875 0.71484375 0.916015625 0.6731770828125 0.951171875 0.6002604171875 0.96875 0.48828125 0.966796875 0.4283854171875 0.953125 0.3919270828125 0.962890625 0.31640625 0.9423828125 0.2942708328125 0.9169921875 0.2916666671875 0.8984375 0.2513020828125 0.8251953125 0.15625 0.7626953125 0.1145833328125 0.7197265625 0.1041666671875 0.7138671875 0.09375 0.6455078125 0.06510416718749999 0.5791015625 0.0625 0.5576171875 0.05208333281250001 0.4638671875 0.06510416718749999 0.4228515625 0.0859375 0.4091796875 0.1041666671875 0.3564453125 0.1119791671875 0.2900390625 0.1848958328125 0.2548828125 0.1901041671875 0.1748046875 0.23958333281250002 0.095703125 0.3372395828125 0.091796875 0.3658854171875 0.080078125 0.3841145828125 0.080078125 0.43359375 0.0703125 0.4440104171875 0.064453125 0.5169270828125 0.0712890625 0.5364583328125 0.0546875 0.5559895828125 0.078125 0.6497395828125
0 0.715625 0.496875 0.08046875 0.16328125
0 0.66171875 0.3484375 0.1015625 0.08203125
0 0.65703125 0.23125 0.08828125 0.1078125
0 0.39140625 0.209375 0.11640625 0.11640625
0 0.259375 0.28671875 0.08046875 0.12890625
0 0.18046875 0.55078125 0.25859375 0.13671875
0 0.5640625 0.6828125 0.2203125 0.23515625
0 0.53671875 0.546875 0.071875 0.11796875
0 0.365625 0.41171875 0.0578125 0.12421875
1 0.253125 0.4 0.0796875 0.0875
1 0.16796875 0.4953125 0.09140625 0.090625
1 0.26953125 0.60859375 0.096875 0.10078125
1 0.3984375 0.471875 0.09609375 0.11171875
1 0.49296875 0.4296875 0.08125 0.0921875
1 0.5546875 0.30078125 0.06640625 0.07578125
1 0.53203125 0.203125 0.06640625 0.08515625
1 0.8515625 0.4046875 0.08984375 0.09609375
1 0.625 0.5546875 0.096875 0.10078125
1 0.49453125 0.76875 0.08984375 0.11171875
4 0.7890625 0.5015625 0.08203125 0.1578125
4 0.471875 0.146875 0.07109375 0.1234375