6 0.4673930046875 0.9476324828125 0.48602862968749994 0.9300314859375 0.505890878125 0.9358358687500001 0.5784009578125 0.926168359375 0.5882922546875 0.9158709515625001 0.6377036125 0.9132814125 0.6552944843749999 0.9006246812500001 0.6836966234374999 0.8952245781249999 0.7770791828125 0.8111204890625 0.8222995734375 0.7285625687499999 0.825660834375 0.693181915625 0.8950021359375 0.623050509375 0.900044025 0.5699795296875 0.9175326796875 0.5553723515625 0.93619086875 0.5133226046875 0.9442873625000001 0.41901962812500004 0.932760565625 0.3981098625 0.9266845328125 0.3319309109375 0.8945003046875 0.26516442812499996 0.8837912578125 0.2598582484375 0.87114005625 0.21749355312500002 0.8262594953125 0.15725987187499998 0.727504478125 0.0890927015625 0.686224134375 0.07267596093749999 0.6822946953125 0.047456425 0.6591163171875001 0.0281351953125 0.5842100765625 0.0418398921875 0.5470861765625 0.030094835937499998 0.48717021093749996 0.03127909375 0.37626447500000004 0.054693665625 0.305287675 0.0936178984375 0.26296257968750003 0.08214542500000001 0.1693755828125 0.16234861875 0.11436611249999999 0.25715439375 0.0767430765625 0.33540254375 0.0660911171875 0.3809443125 0.0466151765625 0.407390471875 0.054894889062499994 0.5653767859375 0.082548321875 0.6949664906249999 0.1811334234375 0.8345294609374999 0.1876634609375 0.8596127062500001 0.20637873906249998 0.86841090625 0.21061483593750002 0.8994817875000001 0.251997396875 0.9178489765625001 0.30472488124999997 0.9287762828125 0.3725448609375 0.9291335999999999 0.4673930046875 0.9476324828125
0 0.4921875 0.284375 0.1671875 0.0890625
0 0.64296875 0.33046875 0.0859375 0.10625
0 0.76015625 0.32890625 0.1109375 0.09375
0 0.79609375 0.59296875 0.121875 0.1234375
0 0.72578125 0.72890625 0.134375 0.0875
0 0.465625 0.821875 0.15 0.2640625
0 0.3140625 0.4453125 0.2453125 0.234375
0 0.4515625 0.465625 0.121875 0.078125
0 0.5953125 0.6296875 0.1265625 0.0625
1 0.6125 0.74140625 0.0921875 0.0859375
1 0.521875 0.83125 0.0953125 0.096875
1 0.40390625 0.7359375 0.10625 0.1015625
1 0.53359375 0.6 0.1171875 0.103125
1 0.5703125 0.503125 0.0953125 0.0859375
1 0.69609375 0.43515625 0.0796875 0.0703125
1 0.79453125 0.45234375 0.0875 0.071875
1 0.5765625 0.14375 0.1015625 0.0953125
1 0.4390625 0.378125 0.1046875 0.1015625
1 0.23203125 0.51953125 0.1171875 0.0953125
4 0.48359375 0.21171875 0.1640625 0.0890625
4 0.85390625 0.509375 0.128125 0.078125