6 0.635883203125 0.952287215625 0.6700839703125 0.9336743750000001 0.7462289515625 0.93283449375 0.7652948125 0.9094456078125001 0.7643399421875 0.8839396515625 0.8017293890625 0.8599478734374999 0.8856630890625 0.77418978125 0.918225940625 0.7064991468749999 0.9225611375 0.6624988468749999 0.9320609624999999 0.655246775 0.9509142296875 0.5835659390625 0.9442510890625 0.5174435203125001 0.9515763359375 0.494718509375 0.9256347406250001 0.403693028125 0.899295884375 0.365976003125 0.879341365625 0.3549741921875 0.8642656890625 0.3038403140625 0.7828166796875 0.24822836406249998 0.772766228125 0.2141391125 0.7126238703125 0.14172647031250002 0.60490919375 0.0769858421875 0.57599849375 0.0771043375 0.5563157984375 0.0680366421875 0.507318159375 0.0749228125 0.4956437546875 0.0667019453125 0.422621240625 0.07104763124999999 0.404231446875 0.08053526718750001 0.3825797828125 0.06681349375 0.2930040203125 0.10307038125000001 0.2264982640625 0.11636179375 0.176824559375 0.1371492140625 0.13970693750000002 0.1630751109375 0.1414772734375 0.19438341718750002 0.1247846234375 0.20659101406249997 0.1231606703125 0.2324593984375 0.053016725 0.38826912812500003 0.05059824375000001 0.5207544296875 0.07261586406250001 0.6774179328125001 0.096780140625 0.6996620171875 0.1159261734375 0.742334565625 0.16778841875 0.8119662625 0.23987700625000002 0.8945338875 0.3470480359375 0.9554062812499999 0.38640645 0.93606858125 0.46350629843749996 0.9607346546875 0.5768420953125 0.9625572218749999 0.635883203125 0.952287215625
0 0.5328125 0.71328125 0.171875 0.103125
0 0.67265625 0.6390625 0.0953125 0.1125
0 0.78828125 0.61796875 0.1171875 0.103125
0 0.77265625 0.35234375 0.13125 0.1328125
0 0.67734375 0.23203125 0.1390625 0.0984375
0 0.40546875 0.190625 0.1703125 0.275
0 0.328125 0.5890625 0.2625 0.2515625
0 0.45859375 0.54296875 0.128125 0.0875
0 0.56875 0.3546875 0.1296875 0.0734375
1 0.56484375 0.24140625 0.0984375 0.0921875
1 0.45859375 0.1703125 0.103125 0.103125
1 0.36015625 0.28671875 0.1140625 0.109375
1 0.5140625 0.3953125 0.125 0.1109375
1 0.56875 0.48359375 0.1015625 0.09375
1 0.7046875 0.5265625 0.084375 0.075
1 0.7984375 0.490625 0.0921875 0.078125
1 0.64296875 0.83515625 0.1078125 0.103125
1 0.46328125 0.63125 0.1125 0.109375
1 0.2328125 0.53203125 0.1234375 0.103125
4 0.5390625 0.78671875 0.16875 0.103125
4 0.84609375 0.42265625 0.134375 0.0890625