6 0.89284068125 0.7366263140625 0.9018993578125001 0.6628493171875001 0.8956357140625 0.6144990109374999 0.9126394671875 0.561488615625 0.92005180625 0.4797514453125 0.8901544984375 0.359980753125 0.875289671875 0.2459914015625 0.8546786890625 0.20016925312499997 0.7964865031249999 0.13989374999999998 0.7920646 0.1118017125 0.7425284875 0.07718644999999999 0.688181559375 0.1138049234375 0.6489677031250001 0.09127993437500001 0.6079167015625 0.040980275 0.56935738125 0.026800379687499997 0.5578810671875 0.025391265625 0.5184023609375 0.022118125 0.466435690625 0.03935093125 0.42809011249999995 0.0631756796875 0.40054284375 0.0952135671875 0.3134791328125 0.16323519375 0.2515489 0.2402462 0.21573777968750002 0.29685071875 0.19730587187499998 0.3614925140625 0.1529928765625 0.44460223125000004 0.152858753125 0.5311686375 0.200239171875 0.7436044484375001 0.21690430468750002 0.757457425 0.22391096406250002 0.78586683125 0.246221659375 0.7964774109375 0.26050653125 0.8297160546875 0.29944882968750003 0.8758212125 0.345924134375 0.913996240625 0.397585715625 0.9419852046875 0.4952968453125 0.9795639265625 0.5509371453125 0.9879699296875 0.56635951875 0.989863559375 0.655585221875 0.9775991453125 0.6969748421874999 0.9610354328125 0.7800088765625001 0.9151486406249999 0.8411915000000001 0.8655949359375 0.87536996875 0.8009187828125001 0.89284068125 0.7366263140625
8 0.47734375 0.80546875 0.0671875 0.090625
8 0.48515625 0.72890625 0.096875 0.075
8 0.47890625 0.66640625 0.0875 0.0984375
8 0.515625 0.603125 0.10625 0.14375
8 0.59453125 0.65 0.1296875 0.1140625
8 0.6109375 0.78828125 0.146875 0.171875
8 0.68515625 0.6765625 0.140625 0.1375
8 0.66640625 0.55703125 0.103125 0.0953125
8 0.55078125 0.49921875 0.0953125 0.0828125
8 0.671875 0.4328125 0.2046875 0.153125
8 0.65234375 0.3328125 0.0796875 0.0890625
8 0.60078125 0.24921875 0.1234375 0.0890625
8 0.48046875 0.2359375 0.0609375 0.071875
8 0.5046875 0.06796875 0.040625 0.0515625
8 0.5109375 0.35859375 0.0921875 0.05625
8 0.48828125 0.41796875 0.0546875 0.0671875
8 0.3515625 0.4796875 0.1359375 0.065625
8 0.34765625 0.44765625 0.1078125 0.0859375
8 0.325 0.35234375 0.128125 0.1046875
8 0.23203125 0.31875 0.0546875 0.05
8 0.17578125 0.528125 0.0484375 0.0453125
8 0.84765625 0.465625 0.08125 0.0625
8 0.21171875 0.678125 0.0359375 0.0515625