6 0.6142238640625 0.1707107078125 0.5301964015625 0.14989853749999998 0.438835115625 0.1727891875 0.371654375 0.1750353234375 0.30806775937499997 0.196088828125 0.218362028125 0.23754881874999997 0.13129831875 0.3055704453125 0.0935478046875 0.32454877656250003 0.06115411875 0.3559915984375 0.031861325 0.40224564375 0.0254864765625 0.44134350624999996 0.024077362499999998 0.45281982187500003 0.028507709375000002 0.4936641921875 0.0673821171875 0.54566439375 0.07975132812499999 0.5891627171875 0.0310728671875 0.6330365 0.0526760390625 0.6894753687499999 0.07886386875 0.700562 0.1232709671875 0.77160759375 0.16274575468750002 0.802691721875 0.26975300625 0.8446915203125 0.37873318437500003 0.902675903125 0.45983561875 0.9152577531249999 0.5153849578125 0.9115834609375 0.560783740625 0.92935804375 0.6345607390625 0.9384167203124999 0.70116999375 0.9370187187499999 0.772193509375 0.9195020734374999 0.8350766734375 0.8721249625 0.8996881828125 0.8026584140624999 0.9257729375 0.7665053671875001 0.9592586984375 0.6828970796875 0.9611523265624999 0.6674747046875 0.966456625 0.6114535625 0.9536326125000001 0.5075537546875 0.9389731078124999 0.45065560156249995 0.9131754359375 0.3963254375 0.8778607921875 0.34738604375 0.8490653015625 0.3254843375 0.8441673468750001 0.30126943281249996 0.8182968859375 0.2875980453125 0.8088870625 0.2680766 0.6142238640625 0.1707107078125
8 0.80234375 0.55234375 0.090625 0.0671875
8 0.72578125 0.54140625 0.075 0.096875
8 0.6671875 0.51953125 0.0984375 0.0875
8 0.596875 0.53984375 0.14375 0.10625
8 0.62265625 0.628125 0.1140625 0.1296875
8 0.753125 0.67734375 0.171875 0.146875
8 0.62578125 0.72265625 0.1375 0.140625
8 0.515625 0.675 0.0953125 0.103125
8 0.48671875 0.5484375 0.0828125 0.0953125
8 0.39296875 0.65078125 0.153125 0.2046875
8 0.30078125 0.60703125 0.0890625 0.0796875
8 0.2328125 0.5375 0.0890625 0.1234375
8 0.24921875 0.4171875 0.071875 0.0609375
8 0.0796875 0.4 0.0515625 0.040625
8 0.36015625 0.4765625 0.05625 0.0921875
8 0.4234375 0.46875 0.0671875 0.0546875
8 0.515625 0.35078125 0.065625 0.1359375
8 0.4859375 0.3390625 0.0859375 0.1078125
8 0.39921875 0.29453125 0.1046875 0.128125
8 0.3890625 0.19609375 0.05 0.0546875
8 0.60546875 0.1921875 0.0453125 0.0484375
8 0.3828125 0.82890625 0.0625 0.08125
8 0.7421875 0.26328125 0.0515625 0.0359375