6 0.09375 0.6393229171875 0.05078125 0.6888020828125 0.0791015625 0.7421875 0.1064453125 0.75 0.1591796875 0.8151041671874999 0.2021484375 0.8411458328125001 0.3134765625 0.8697916671874999 0.4287109375 0.9140625 0.5107421875 0.9166666671874999 0.5654296875 0.90625 0.6162109375 0.9192708328125001 0.6806640625 0.9192708328125001 0.7529296875 0.9088541671874999 0.8212890625 0.8828125 0.8779296875 0.828125 0.93359375 0.7513020828125 0.955078125 0.7122395828125 0.978515625 0.6236979171875 0.9765625 0.5533854171875 0.951171875 0.4518229171875 0.9296875 0.3971354171875 0.8974609375 0.3463541671875 0.8564453125 0.3020833328125 0.8251953125 0.2838541671875 0.8173828125 0.2604166671875 0.7900390625 0.25 0.7783203125 0.23177083281250002 0.5732421875 0.1588541671875 0.4873046875 0.1484375 0.3994140625 0.1822916671875 0.3330078125 0.1927083328125 0.2724609375 0.22135416718749998 0.1884765625 0.2734375 0.1103515625 0.3515625 0.0751953125 0.375 0.046875 0.41015625 0.0234375 0.4596354171875 0.021484375 0.5091145828125 0.03125 0.55078125 0.076171875 0.59765625 0.09375 0.6393229171875
8 0.80625 0.51484375 0.084375 0.05859375
8 0.72890625 0.51328125 0.0640625 0.08828125
8 0.66796875 0.49921875 0.0890625 0.07734375
8 0.60078125 0.528125 0.134375 0.090625
8 0.6375 0.6125 0.10078125 0.11953125
8 0.77265625 0.6453125 0.15859375 0.128125
8 0.65234375 0.70546875 0.12265625 0.12578125
8 0.53671875 0.671875 0.084375 0.09375
8 0.49296875 0.55 0.0734375 0.0859375
8 0.4125 0.6625 0.13046875 0.18984375
8 0.315625 0.63046875 0.0796875 0.0703125
8 0.2390625 0.56953125 0.075 0.115625
8 0.240625 0.4484375 0.06640625 0.05234375
8 0.0703125 0.45234375 0.04609375 0.0359375
8 0.35859375 0.49375 0.04609375 0.08828125
8 0.4203125 0.478125 0.06328125 0.04609375
8 0.49765625 0.35 0.05 0.13125
8 0.46640625 0.3421875 0.075 0.1
8 0.375 0.30859375 0.08984375 0.11796875
8 0.353125 0.21171875 0.04296875 0.05
8 0.5671875 0.18125 0.0390625 0.04375
8 0.4234375 0.840625 0.0515625 0.0734375
8 0.71171875 0.23515625 0.04765625 0.03046875