6 0.491846559375 0 0.481574284375 0.00033866875 0.35971776875 0.0925381890625 0.1799538578125 0.289361446875 0.0005431578125000001 0.524281521875 0.0171556125 1 0.4940961125 1 1 0.9828285625 1 0.5059038874999999 0.9828285625 0 0.491846559375 0
5 0.2109375 0.5078125 0.1703125 0.253125
5 0.06796875 0.74375 0.1265625 0.2515625
5 0.375 0.5609375 0.1640625 0.2546875
5 0.434375 0.2734375 0.196875 0.2734375
5 0.890625 0.209375 0.2109375 0.371875
5 0.7265625 0.8 0.271875 0.365625
2 0.9203125 0.559375 0.159375 0.328125
2 0.65703125 0.1375 0.09375 0.1453125
2 0.48203125 0.80390625 0.0703125 0.053125
2 0.41015625 0.93203125 0.0921875 0.1359375
2 0.26328125 0.91953125 0.15 0.1046875
2 0.22421875 0.75625 0.1328125 0.1625
2 0.315625 0.584375 0.0484375 0.1390625
2 0.59921875 0.58125 0.0765625 0.0875