6 0.5068359375 0 0.2783203125 0.1875 0.087890625 0.3740234375 0 0.4990234375 0.0009765625 1 1 0.9990234375 0.9990234375 0 0.5068359375 0
5 0.49765625 0.2109375 0.246875 0.16171875
5 0.728125 0.059375 0.24765625 0.11875
5 0.55625 0.37265625 0.25 0.15546875
5 0.27109375 0.4421875 0.26796875 0.18828125
5 0.2234375 0.90078125 0.365625 0.1984375
5 0.8078125 0.715625 0.35625 0.25859375
2 0.57421875 0.921875 0.32265625 0.15546875
2 0.14296875 0.66953125 0.1421875 0.0890625
2 0.803125 0.47109375 0.05078125 0.06875
2 0.93046875 0.3953125 0.134375 0.08671875
2 0.9109375 0.2484375 0.10078125 0.1484375
2 0.74609375 0.215625 0.15703125 0.12734375
2 0.578125 0.3125 0.1390625 0.04453125
2 0.584375 0.59609375 0.08359375 0.0734375