6 0.48919485781249994 0 0 0.0346884046875 0 0.5174603921875 0.0007411234375 0.5280589515624999 0.203724828125 0.742938584375 0.40307760625 0.9198931781249999 0.533904053125 0.998850146875 1 0.9653444062500001 1 0.48919485781249994 0.9653115953125001 0 0.48919485781249994 0
5 0.21171875 0.52265625 0.1796875 0.2578125
5 0.05625 0.30234375 0.1125 0.2546875
5 0.36875 0.453125 0.171875 0.2609375
5 0.45859375 0.73203125 0.20625 0.2796875
5 0.903125 0.746875 0.19375 0.378125
5 0.69375 0.18203125 0.284375 0.3640625
2 0.91328125 0.39609375 0.1734375 0.3328125
2 0.69375 0.84453125 0.0984375 0.1484375
2 0.45 0.2 0.071875 0.0546875
2 0.365625 0.078125 0.096875 0.140625
2 0.2203125 0.1078125 0.153125 0.109375
2 0.19921875 0.27421875 0.1390625 0.165625
2 0.3078125 0.43515625 0.053125 0.140625
2 0.58984375 0.409375 0.0796875 0.0890625