6 0.3403914875 0 0.194394309375 0.11062648125 0.118363446875 0.18412256093749998 0.0372592859375 0.3268115015625 0.006958565625 0.42664475625 0 0.512984134375 0 0.77760439375 0.021390153125 0.8667500609375001 0.056654487499999996 0.9631222125000001 0.49561951875 1 0.9581655859374999 1 1 0.5218304687499999 1 0.2627209390625 0.9561932499999999 0.1877864546875 0.8427408609375 0.07274863125 0.7220951828125 0.0175208921875 0.5218304671875 0 0.3403914875 0
5 0.75625 0.11796875 0.084375 0.115625
5 0.62890625 0.071875 0.103125 0.1046875
5 0.5078125 0.053125 0.075 0.10625
5 0.3859375 0.14921875 0.1140625 0.125
5 0.25 0.2453125 0.1171875 0.1203125
5 0.16640625 0.44140625 0.1359375 0.14375
5 0.14296875 0.70859375 0.1390625 0.1703125
5 0.2609375 0.85625 0.146875 0.178125
5 0.38203125 0.925 0.134375 0.14375
5 0.52265625 0.9359375 0.1265625 0.128125
5 0.76875 0.921875 0.1375 0.15625
5 0.9046875 0.759375 0.115625 0.115625
5 0.9625 0.571875 0.075 0.1375
5 0.78203125 0.6015625 0.1125 0.1390625
5 0.6265625 0.70390625 0.109375 0.1484375
5 0.4921875 0.71484375 0.121875 0.1546875
5 0.3796875 0.6078125 0.13125 0.1625
5 0.32890625 0.47578125 0.115625 0.134375
5 0.46796875 0.4453125 0.140625 0.0890625
5 0.67734375 0.4265625 0.10625 0.1125
5 0.81796875 0.29296875 0.109375 0.1109375
5 0.89296875 0.25546875 0.109375 0.1265625
5 0.82578125 0.4171875 0.0984375 0.0609375
5 0.65390625 0.22578125 0.0984375 0.1078125
5 0.67578125 0.30390625 0.06875 0.1203125
5 0.5625 0.23984375 0.1078125 0.121875
5 0.5515625 0.334375 0.1 0.1125
5 0.425 0.309375 0.1109375 0.121875