6 0.4423828125 0 0.30625196093749996 0.0073773765625 0.1611328125 0.13874345625 0.091796875 0.21858638749999998 0.0234375 0.36780104687500004 0.001953125 0.4698952875 0.00390625 0.7552356015624999 0.0546875 0.9070680624999999 0.0982170296875 1 0.8564453125 0.9973821984375 1 1 1 0.2526178015625 0.9267578125 0.149214659375 0.8037109375 0.044502617187499996 0.6787109375 0 0.4423828125 0
5 0.721875 0.096875 0.0765625 0.11015625
5 0.59140625 0.0625 0.09453125 0.096875
5 0.46875 0.05234375 0.065625 0.1046875
5 0.35546875 0.16015625 0.1046875 0.115625
5 0.22890625 0.26796875 0.1078125 0.1109375
5 0.1625 0.47109375 0.12578125 0.13203125
5 0.1625 0.7390625 0.125 0.1578125
5 0.29296875 0.87578125 0.13203125 0.16640625
5 0.41953125 0.93359375 0.1234375 0.1328125
5 0.5609375 0.93671875 0.11640625 0.1265625
5 0.8046875 0.89765625 0.125 0.14453125
5 0.92578125 0.7234375 0.10625 0.10625
5 0.96796875 0.53203125 0.06328125 0.13203125
5 0.78984375 0.5765625 0.10078125 0.13046875
5 0.64375 0.6921875 0.096875 0.140625
5 0.5109375 0.71484375 0.10859375 0.1453125
5 0.38984375 0.61796875 0.11875 0.153125
5 0.32734375 0.490625 0.10390625 0.1265625
5 0.46328125 0.4484375 0.134375 0.078125
5 0.6703125 0.41171875 0.09765625 0.10390625
5 0.7984375 0.26640625 0.09921875 0.103125
5 0.8703125 0.221875 0.10078125 0.11796875
5 0.8171875 0.3890625 0.09375 0.0546875
5 0.6296875 0.21328125 0.09140625 0.1
5 0.6578125 0.2890625 0.06015625 0.11484375
5 0.53984375 0.23515625 0.0984375 0.11328125
5 0.53671875 0.33046875 0.090625 0.1046875
5 0.40859375 0.31640625 0.10078125 0.1140625