6 1 0.46064914375 0.984907240625 0.36535721250000003 0.956325134375 0.232056434375 0.8038747531249999 0.109274125 0.714168290625 0.05328201406250001 0.5560969484375 0.009106571875 0.45189876093750003 0.0038577640625 0.1703769953125 0.0504239015625 0.0283577828125 0.1243317796875 0 0.1435303578125 0 0.5315331328124999 0.06457811718749999 0.9303468671875 0.07431181249999999 1 0.5393508515625001 1 0.8232346125 0.9550372296875 0.9133026046875001 0.8671110687500001 0.997476696875 0.7291985328125 1 0.7157112078125001 1 0.46064914375
5 0.9328125 0.65625 0.1203125 0.090625
5 0.9453125 0.521875 0.109375 0.109375
5 0.9375 0.39921875 0.1140625 0.08125
5 0.81328125 0.30390625 0.13125 0.121875
5 0.68671875 0.19609375 0.1265625 0.1234375
5 0.47578125 0.1625 0.15 0.14375
5 0.2109375 0.20390625 0.1765625 0.1484375
5 0.09609375 0.3546875 0.1859375 0.1578125
5 0.0671875 0.48828125 0.134375 0.1421875
5 0.078125 0.628125 0.14375 0.134375
5 0.1546875 0.86328125 0.1625 0.146875
5 0.3453125 0.946875 0.121875 0.10625
5 0.540625 0.9625 0.140625 0.075
5 0.46953125 0.7984375 0.1453125 0.1203125
5 0.3328125 0.671875 0.1546875 0.1171875
5 0.28984375 0.54453125 0.1609375 0.13125
5 0.36640625 0.409375 0.1703125 0.140625
5 0.48203125 0.328125 0.1390625 0.1234375
5 0.5453125 0.45546875 0.0984375 0.1453125
5 0.6140625 0.6546875 0.11875 0.1125
5 0.77734375 0.75859375 0.1171875 0.115625
5 0.8328125 0.821875 0.1328125 0.1171875
5 0.659375 0.79609375 0.0671875 0.1015625
5 0.803125 0.58359375 0.1125 0.1046875
5 0.7328125 0.62265625 0.1234375 0.0765625
5 0.76796875 0.49765625 0.128125 0.115625
5 0.6734375 0.509375 0.1171875 0.10625
5 0.6671875 0.38125 0.128125 0.11875