6 0 0 0 1 1 1 1 0 0 0
3 0.5140625 0.525 0.92109375 0.91640625
2 0.27265625 0.2515625 0.08984375 0.1265625
2 0.82421875 0.28359375 0.10859375 0.09609375
2 0.946875 0.35 0.09375 0.11953125
2 0.4328125 0.29609375 0.23515625 0.15390625
2 0.39453125 0.403125 0.19375 0.07421875
2 0.484375 0.496875 0.13125 0.13125
2 0.23671875 0.515625 0.09609375 0.19140625
2 0.04296875 0.37109375 0.0859375 0.1328125
2 0.02578125 0.75390625 0.0515625 0.0765625
2 0.27265625 0.68515625 0.27421875 0.109375
2 0.21640625 0.76171875 0.121875 0.13671875
2 0.246875 0.88828125 0.071875 0.140625
2 0.37421875 0.828125 0.1140625 0.06015625
2 0.39140625 0.8875 0.08828125 0.08125
2 0.3359375 0.9359375 0.13046875 0.04609375
2 0.528125 0.65546875 0.09140625 0.08828125
2 0.68671875 0.68828125 0.1 0.209375
2 0.71484375 0.95234375 0.16796875 0.0953125
2 0.95234375 0.88984375 0.0953125 0.1078125