6 0.4956365609375 0 0 0.008651368750000001 0 0.5043634390625 0.008651368750000001 1 0.5043634390625 1 1 0.99134863125 1 0.4956365609375 0.99134863125 0 0.4956365609375 0
3 0.525 0.48515625 0.93125 0.9375
2 0.25546875 0.73203125 0.1296875 0.090625
2 0.278125 0.1796875 0.096875 0.109375
2 0.3421875 0.05546875 0.1203125 0.0953125
2 0.29765625 0.57109375 0.159375 0.2375
2 0.4046875 0.60703125 0.078125 0.1953125
2 0.496875 0.515625 0.1328125 0.1328125
2 0.5203125 0.76328125 0.1921875 0.0984375
2 0.378125 0.9578125 0.134375 0.084375
2 0.7625 0.96953125 0.078125 0.053125
2 0.6890625 0.72421875 0.1140625 0.275
2 0.76640625 0.77890625 0.1375 0.125
2 0.89296875 0.74609375 0.1421875 0.075
2 0.83046875 0.6203125 0.0609375 0.115625
2 0.8890625 0.6015625 0.0828125 0.090625
2 0.9390625 0.65625 0.0484375 0.1328125
2 0.6546875 0.46953125 0.090625 0.0921875
2 0.68515625 0.31015625 0.2109375 0.103125
2 0.9484375 0.27734375 0.0984375 0.16875
2 0.88125 0.04453125 0.109375 0.0890625