6 0.46941869062499997 0 0 0.0576373671875 0 0.530581309375 0.0576373671875 1 0.530581309375 1 1 0.9423626328125 1 0.46941869062499997 0.9423626328125 0 0.46941869062499997 0
3 0.50625 0.49765625 0.9875 0.9953125
2 0.28125 0.75625 0.1375 0.1046875
2 0.2453125 0.2046875 0.1078125 0.11875
2 0.296875 0.075 0.1296875 0.1078125
2 0.30546875 0.59140625 0.1828125 0.2515625
2 0.41640625 0.61640625 0.0984375 0.2015625
2 0.4984375 0.515625 0.146875 0.146875
2 0.54765625 0.759375 0.2015625 0.1171875
2 0.42734375 0.959375 0.1421875 0.08125
2 0.81015625 0.93984375 0.0828125 0.0609375
2 0.71171875 0.703125 0.1421875 0.284375
2 0.79453125 0.74921875 0.15 0.1375
2 0.91640625 0.70390625 0.1484375 0.0890625
2 0.840625 0.58515625 0.0734375 0.1203125
2 0.89765625 0.5609375 0.0921875 0.0984375
2 0.95234375 0.609375 0.0625 0.1359375
2 0.65078125 0.453125 0.1 0.1015625
2 0.6640625 0.29140625 0.2203125 0.125
2 0.92265625 0.23125 0.115625 0.178125
2 0.83125 0.02890625 0.11875 0.0578125