6 0.330190796875 0 0.1858623078125 0.017228403125 0.1754469015625 0.06296755468750001 0.258770503125 0.0506960875 0.20371743750000001 0.186798015625 0.199253628125 0.259311334375 0 0.3530208265625 0 0.9310739046875 0.022190903125 0.9522701203124999 0.13824885468749998 0.9009529359374999 0.0087996984375 1 1 1 1 0.516986028125 0.9134561203124999 0.41100506875000004 0.8390600265625 0.4288544390625 1 0.326220196875 1 0 0.330190796875 0
8 0.88203125 0.6109375 0.234375 0.140625
8 0.68359375 0.7640625 0.1921875 0.13984375
8 0.9265625 0.79453125 0.07109375 0.115625
8 0.85703125 0.91484375 0.11015625 0.13046875
8 0.696875 0.97421875 0.21875 0.0515625
8 0.37734375 0.8390625 0.23671875 0.1484375
8 0.209375 0.91953125 0.1921875 0.1609375
8 0.140625 0.61328125 0.28125 0.221875
8 0.43671875 0.5578125 0.18046875 0.13671875
8 0.640625 0.3546875 0.31640625 0.18671875
8 0.17109375 0.33984375 0.2421875 0.1578125
8 0.3375 0.09765625 0.134375 0.10234375
8 0.48359375 0.078125 0.22265625 0.134375
8 0.640625 0.053125 0.26015625 0.10546875
8 0.85 0.05078125 0.23671875 0.1015625
8 0.71484375 0.1515625 0.1828125 0.1125
8 0.875 0.20234375 0.25 0.16953125
8 0.615625 0.51328125 0.1359375 0.103125