6 0 0 0 0.9912003015625 0.0990470640625 0.8617511453125 0.0477298796875 0.977809096875 0.0689260953125 1 0.6469791734375 1 0.740688665625 0.800746371875 0.8132019843749999 0.7962825625 0.9493039124999999 0.7412294968750001 0.9370324453125001 0.8245530984375 0.982771596875 0.8141376921875001 1 0.669809203125 1 0 0.673779803125 0 0.5711455609375 0.1609399734375 0.58899493125 0.0865438796875 0.483013971875 0 0 0
8 0.3890625 0.11796875 0.140625 0.234375
8 0.2359375 0.31640625 0.140625 0.1921875
8 0.20546875 0.0734375 0.115625 0.071875
8 0.08515625 0.14296875 0.1296875 0.1109375
8 0.02578125 0.303125 0.0515625 0.21875
8 0.1609375 0.62265625 0.146875 0.2359375
8 0.08046875 0.790625 0.1609375 0.19375
8 0.38671875 0.859375 0.221875 0.28125
8 0.4421875 0.56328125 0.1375 0.1796875
8 0.6453125 0.359375 0.1875 0.315625
8 0.66015625 0.82890625 0.1578125 0.2421875
8 0.90234375 0.6625 0.1015625 0.134375
8 0.921875 0.51640625 0.134375 0.2234375
8 0.946875 0.359375 0.10625 0.259375
8 0.94921875 0.15 0.1015625 0.2375
8 0.8484375 0.28515625 0.1125 0.1828125
8 0.79765625 0.125 0.1703125 0.25
8 0.48671875 0.384375 0.103125 0.1375