6 0.46064914375 0 0 0.0729596578125 0 0.4157322671875 0.153984746875 0.4827710328125 0.0777123359375 0.47677953124999994 0.0088130296875 0.594994134375 0.0729596578125 1 0.5393508546875 1 1 0.9270403437500001 1 0.8827092328124999 0.920020246875 0.8394261937499999 1 0.8606376859375 1 0.46064914375 0.9708515625 0.2766131515625 0.7593916828125 0.2152275140625 0.743639246875 0.144305246875 0.6679729437499999 0.018491156249999998 0.752190375 0.017576859375 0.745150075 0 0.46064914375 0
8 0.13984375 0.66953125 0.253125 0.175
8 0.36015625 0.78984375 0.2125 0.16875
8 0.125 0.8578125 0.0890625 0.125
8 0.21171875 0.94609375 0.1296875 0.1078125
8 0.37890625 0.978125 0.2234375 0.04375
8 0.67421875 0.815625 0.25625 0.18125
8 0.85234375 0.86875 0.2171875 0.1890625
8 0.8578125 0.5546875 0.284375 0.2625
8 0.571875 0.546875 0.1984375 0.1640625
8 0.33828125 0.378125 0.340625 0.234375
8 0.8 0.290625 0.2640625 0.19375
8 0.59765625 0.07734375 0.1484375 0.121875
8 0.44921875 0.08203125 0.2421875 0.1640625
8 0.29140625 0.08046875 0.2734375 0.1453125
8 0.1046875 0.1109375 0.209375 0.1375
8 0.23359375 0.18984375 0.1984375 0.1390625
8 0.109375 0.26484375 0.21875 0.2078125
8 0.3875 0.53125 0.1515625 0.1234375