6 0.0576373671875 0 0 0.46941869062499997 0 0.9423626328125 0.46941868906249995 1 0.8479175015625 1 0.8822583749999999 0.9453670140625 0.94125651875 0.840178884375 0.9709262578125 0.76736794375 1 0.5305813140625 1 0.135758340625 0.98484125625 0.064126596875 0.9614913203125001 0.05290909687499999 0.5305813046875001 0 0.0576373671875 0
3 0.5703125 0.3203125 0.215625 0.2234375
3 0.121875 0.778125 0.24375 0.303125
3 0.09375 0.290625 0.171875 0.265625
3 0.43671875 0.8296875 0.11875 0.1328125
2 0.625 0.61171875 0.3390625 0.3984375
2 0.77109375 0.284375 0.215625 0.521875
2 0.3953125 0.1140625 0.7125 0.228125
2 0.33359375 0.25703125 0.340625 0.503125
2 0.2953125 0.57421875 0.2328125 0.2484375
2 0.30078125 0.9234375 0.1734375 0.1296875
2 0.246875 0.72890625 0.090625 0.1390625
2 0.43984375 0.53203125 0.134375 0.1421875
2 0.4890625 0.390625 0.1328125 0.146875