6 0.0337424578125 0 0 0.4825396140625 0 0.8630698578124999 0.075249203125 0.9050432109375001 0.1833809015625 0.9584553796874999 0.25764485000000004 0.9842738265625 0.48253961093750003 1 0.8400687296875 1 0.8477957234375 0.991496015625 0.9606506843749999 0.961364946875 0.9706307703125001 0.9374599328125001 1 0.5174603859375 1 0.0337424578125 0.517460384375 0 0.0337424578125 0
3 0.6828125 0.5609375 0.2140625 0.20625
3 0.20078125 0.128125 0.2921875 0.25
3 0.68828125 0.0828125 0.259375 0.159375
3 0.1671875 0.45390625 0.1265625 0.1125
2 0.3953125 0.63046875 0.3859375 0.321875
2 0.7296875 0.759375 0.515625 0.1890625
2 0.890625 0.37421875 0.21875 0.7046875
2 0.734375 0.32109375 0.490625 0.31875
2 0.415625 0.3 0.2390625 0.221875
2 0.06640625 0.3234375 0.121875 0.16875
2 0.25859375 0.259375 0.1359375 0.084375
2 0.46484375 0.4421875 0.1359375 0.1296875
2 0.60859375 0.48359375 0.140625 0.1265625