6 0.145549071875 0 0.11876646093750001 0.033962246875000004 0.008288245312500001 0.0718922828125 0 0.096435240625 0 1 1 1 1 0.11540026875 0.8954617390624999 0.0663143359375 0.7838676 0.0205751625 0.70798355 0 0.145549071875 0
3 0.31328125 0.45234375 0.20234375 0.19296875
3 0.82421875 0.85 0.27734375 0.2328125
3 0.34140625 0.92890625 0.25 0.14140625
3 0.83515625 0.52265625 0.12109375 0.1046875
2 0.5953125 0.3625 0.36640625 0.29765625
2 0.253125 0.25703125 0.50625 0.1546875
2 0.1015625 0.65390625 0.203125 0.6921875
2 0.27890625 0.69453125 0.471875 0.2859375
2 0.5984375 0.69375 0.22578125 0.20625
2 0.94453125 0.64609375 0.1109375 0.16171875
2 0.7578125 0.7234375 0.13125 0.07578125
2 0.5390625 0.55546875 0.1296875 0.11953125
2 0.39296875 0.52421875 0.1328125 0.11796875