6 1 0.2783203125 0.9208984375 0.212890625 0.8349609375 0.166015625 0.6630859375 0.107421875 0.4033203125 0.095703125 0.2529296875 0.134765625 0.1337890625 0.1796875 0.1025390625 0.197265625 0.001953125 0.2919921875 0 0.8798828125 0.0087890625 0.8984375 0.0732421875 0.9453125 0.1591796875 0.9921875 0.1787109375 1 0.6962890625 1 0.7998046875 0.958984375 0.8642578125 0.912109375 1 0.7333984375 1 0.2783203125
5 0.76171875 0.78984375 0.17265625 0.18125
5 0.85390625 0.6828125 0.17890625 0.19140625
5 0.87421875 0.51953125 0.1578125 0.1828125
5 0.5046875 0.86640625 0.17265625 0.18125
5 0.1328125 0.79296875 0.18125 0.1859375
5 0.20078125 0.3484375 0.103125 0.14765625
5 0.43515625 0.25703125 0.1703125 0.17265625
5 0.31484375 0.30078125 0.14921875 0.1796875
5 0.5359375 0.2640625 0.16171875 0.1546875
5 0.684375 0.3078125 0.1578125 0.140625
5 0.8171875 0.36015625 0.18984375 0.15625