6 0.3168307125 0 0.266809953125 0.0473085515625 0.20981120468749997 0.12689286093750002 0.1307079109375 0.2903459484375 0.08741904375000001 0.5467471640625 0.107862371875 0.7007773203125 0.137929815625 0.8245044890625 0.1515685 0.857663790625 0.23333064218750002 0.9690442406249999 0.4787030328125 1 0.8698466781249999 1 0.8904691546875 0.9779062734374999 0.947467903125 0.8983219640625 0.9569690218750001 0.8810404984375 1 0.530581309375 1 0.2868628953125 0.9925848171875 0.2584256421875 0.9539140765624999 0.188740315625 0.793078034375 0.0322305453125 0.53058130625 0 0.3168307125 0
5 0.81953125 0.27578125 0.2015625 0.19375
5 0.72421875 0.17109375 0.2109375 0.2015625
5 0.56484375 0.13125 0.2 0.1796875
5 0.8640625 0.53984375 0.2015625 0.1921875
5 0.7453125 0.89921875 0.20625 0.2015625
5 0.31328125 0.77890625 0.1578125 0.1203125
5 0.25078125 0.534375 0.1921875 0.190625
5 0.2796875 0.659375 0.196875 0.16875
5 0.2703125 0.4359375 0.171875 0.1796875
5 0.33203125 0.29375 0.159375 0.171875
5 0.4 0.16796875 0.178125 0.2078125