6 0.4913366078125 0 0.24986249843750002 0.0219348625 0.164263040625 0.1303940046875 0.1494754234375 0.1630571234375 0.11510827812499999 0.28565958125 0.0893018296875 0.43888244531250004 0.12361605312499999 0.696638228125 0.196966728125 0.8627524093750001 0.2511533015625 0.944277465625 0.3060959125 1 0.5218304687499999 1 0.77657458125 0.977712778125 0.9427747578125001 0.8269114468750001 0.983853925 0.758618159375 1 0.7045082078125 1 0.4781695359375 0.9699887703125001 0.135139609375 0.9610965531250001 0.1175370875 0.9069099812499999 0.03601203125 0.87557498125 0 0.4913366078125 0
5 0.81171875 0.73515625 0.1953125 0.1890625
5 0.71328125 0.83671875 0.20625 0.1953125
5 0.55234375 0.87109375 0.1953125 0.1734375
5 0.865625 0.47265625 0.1953125 0.1875
5 0.76015625 0.10859375 0.2015625 0.196875
5 0.32265625 0.21484375 0.1546875 0.115625
5 0.25234375 0.45625 0.1875 0.184375
5 0.28515625 0.3328125 0.1921875 0.1640625
5 0.26796875 0.55625 0.1671875 0.175
5 0.325 0.70078125 0.153125 0.1671875
5 0.38828125 0.828125 0.171875 0.203125