6 0.5265020671875 0 0.1000731953125 0.016592453125 0.027969343749999997 0.134414990625 0 0.20652952500000002 0 0.508727534375 0.0066778343749999995 0.699955690625 0.0181415875 0.7484132546875 0.051349279687500006 0.8039287671875 0.12394888906249998 0.8961778359375 0.196399775 0.956185890625 0.265625984375 1 0.508727540625 1 0.701907625 0.9932540031249999 0.8912267249999999 0.790234125 0.9262004375 0.7284290343750001 1 0.5297772078125 1 0.49127246874999997 0.9913454359375 0.2434381890625 0.9639005921875 0.12909196875 0.845847375 0 0.5265020671875 0
3 0.48125 0.26484375 0.2015625 0.196875
3 0.6171875 0.103125 0.1578125 0.1578125
3 0.4671875 0.0953125 0.1734375 0.1625
3 0.25546875 0.08828125 0.1703125 0.15625
3 0.2046875 0.44140625 0.1609375 0.1921875
3 0.13046875 0.503125 0.121875 0.1
3 0.15234375 0.73671875 0.1390625 0.1640625
3 0.18671875 0.63984375 0.1234375 0.153125
3 0.25703125 0.76328125 0.09375 0.209375
3 0.35703125 0.7609375 0.11875 0.2359375
3 0.465625 0.79921875 0.1421875 0.203125
3 0.6 0.5359375 0.203125 0.2
3 0.34921875 0.36640625 0.1 0.11875
3 0.428125 0.48984375 0.159375 0.2234375
3 0.3328125 0.51640625 0.115625 0.2125
3 0.278125 0.3390625 0.0984375 0.115625
3 0.7546875 0.5890625 0.184375 0.203125
2 0.6890625 0.35390625 0.1734375 0.3390625
2 0.3515625 0.20234375 0.096875 0.2015625
2 0.26953125 0.628125 0.1484375 0.1171875
2 0.1828125 0.49140625 0.0546875 0.0921875