6 0.47816953125 0 0.41264404062500004 0.0057327375 0.22133287343750002 0.1048148921875 0.1642506921875 0.1470600625 0 0.3428064140625 0 0.521830475 0.02275534375 0.7819252359375 0.084214009375 0.8569323093750001 0.15260431562500001 0.921530015625 0.25301344062500003 0.9823461453125001 0.29287683124999997 1 0.5218304734375 1 0.8286218625 0.97315923125 0.9203860609375001 0.92395860625 1 0.860709325 1 0.4960991953125 0.9673715453125 0.105224584375 0.8195389703125 0 0.47816953125 0
3 0.7359375 0.48984375 0.20625 0.2109375
3 0.87890625 0.33515625 0.165625 0.165625
3 0.90546875 0.48359375 0.1703125 0.18125
3 0.928125 0.6921875 0.14375 0.178125
3 0.59375 0.7859375 0.2 0.1703125
3 0.5421875 0.8671875 0.1046875 0.1265625
3 0.3078125 0.8734375 0.1703125 0.146875
3 0.39921875 0.828125 0.1578125 0.13125
3 0.26796875 0.7734375 0.2125 0.103125
3 0.25859375 0.67421875 0.2421875 0.13125
3 0.20703125 0.5703125 0.209375 0.153125
3 0.45234375 0.40546875 0.2109375 0.2125
3 0.6515625 0.63359375 0.1234375 0.1046875
3 0.51875 0.56953125 0.23125 0.1703125
3 0.50390625 0.66796875 0.21875 0.125
3 0.68671875 0.70078125 0.1203125 0.1046875
3 0.38046875 0.2578125 0.2109375 0.1953125
2 0.621875 0.29453125 0.346875 0.190625
2 0.81328125 0.61171875 0.20625 0.1078125
2 0.40078125 0.74453125 0.125 0.1546875
2 0.546875 0.81328125 0.0953125 0.059375