6 0.2138671875 0 0.1181640625 0.041015625 0.0029296875 0.1171875 0 0.8525390625 0.1455078125 0.9765625 0.2607421875 1 0.5439453125 1 0.7431640625 0.91796875 0.8037109375 0.880859375 1 0.6845703125 1 0.2607421875 0.9453125 0.1806640625 0.8828125 0.1103515625 0.7880859375 0.041015625 0.7314453125 0.009765625 0.6826171875 0 0.2138671875 0
3 0.2640625 0.48984375 0.18984375 0.1953125
3 0.1078125 0.63125 0.1546875 0.15234375
3 0.09453125 0.48125 0.15625 0.1703125
3 0.0796875 0.2703125 0.15078125 0.16484375
3 0.43125 0.20703125 0.18671875 0.1546875
3 0.48984375 0.13046875 0.09453125 0.11875
3 0.72421875 0.14453125 0.159375 0.1328125
3 0.62890625 0.18203125 0.14765625 0.11875
3 0.7546875 0.24765625 0.20625 0.08515625
3 0.75546875 0.34765625 0.2328125 0.11171875
3 0.79765625 0.45546875 0.1984375 0.13515625
3 0.5390625 0.5984375 0.19375 0.1984375
3 0.3609375 0.35390625 0.1171875 0.09609375
3 0.4875 0.42890625 0.21875 0.15234375
3 0.5109375 0.33203125 0.209375 0.10859375
3 0.33125 0.28359375 0.11328125 0.09609375
3 0.59765625 0.7515625 0.196875 0.17890625
2 0.3609375 0.69375 0.33515625 0.16328125
2 0.19765625 0.36171875 0.19921875 0.090625
2 0.6203125 0.26484375 0.11328125 0.1453125
2 0.48046875 0.18359375 0.090625 0.0515625