6 0.34599617031249996 0 0.2708267609375 0.13863482968750002 0.22189420312500002 0.2784191203125 0.20923965625 0.3473908046875 0.1878312328125 0.5135495703124999 0.1837111234375 0.65646745 0.1907872390625 0.7512686390625001 0.2099161703125 0.8277020859374999 0.36573311875000003 0.7133550046875 0.5215856343749999 0.6044991390625001 0.49276357187500003 0.9966743984375 0.532880484375 1 0.8453552015625 1 0.8758061140625 0.8787564281250001 0.544197096875 0.581131509375 0.7288519906250001 0.434371659375 0.8464635093749999 0.29240421250000004 0.9074567546875001 0.1901379953125 0.9086720250000001 0.1727588296875 0.8376584656249999 0.02633350625 0.418255971875 0 0.34599617031249996 0
1 0.6328125 0.73515625 0.05 0.109375
1 0.54375 0.8296875 0.0515625 0.0796875
1 0.5703125 0.940625 0.059375 0.06875
1 0.73359375 0.93515625 0.078125 0.09375
1 0.728125 0.834375 0.0625 0.1015625
1 0.80625 0.88203125 0.053125 0.06875
1 0.8203125 0.77890625 0.0453125 0.06875
1 0.5328125 0.61953125 0.0484375 0.075
1 0.496875 0.94375 0.0625 0.1125
1 0.60546875 0.2921875 0.0359375 0.0703125
1 0.6390625 0.378125 0.0421875 0.065625
1 0.62890625 0.17734375 0.0484375 0.071875
1 0.50546875 0.334375 0.0421875 0.065625
1 0.4109375 0.38046875 0.025 0.053125
1 0.5109375 0.5265625 0.0546875 0.0734375
1 0.36171875 0.66171875 0.0546875 0.078125
1 0.29609375 0.6046875 0.053125 0.078125
1 0.3484375 0.3875 0.0390625 0.0671875
1 0.74609375 0.26875 0.053125 0.1046875
1 0.88515625 0.1828125 0.0640625 0.084375
1 0.52890625 0.05703125 0.0578125 0.1
1 0.4515625 0.11953125 0.053125 0.1015625