6 0.26829268281249996 0.8310546875 0.4181184671875 0.7236328125 0.57740169375 0.5496651781249999 0.8511697359375001 0.9012276781249999 1 0.8747209828125 0.9955201609375001 0.52734375 0.602289696875 0.5287388390625 0.721752115625 0.380859375 0.8466898953124999 0.2333984375 0.771777003125 0.208984375 0.6777003484375 0.1953125 0.5348432062499999 0.189453125 0.36759581875 0.19921875 0.2979094078125 0.20703125 0.1550522640625 0.24609375 0.006968640625 0.3134765625 0.0034843203125 0.8037109375 0.144599303125 0.884765625 0.16202090625 0.884765625 0.26829268281249996 0.8310546875
1 0.725 0.64921875 0.1078125 0.04296875
1 0.82578125 0.56640625 0.0765625 0.046875
1 0.934375 0.60078125 0.065625 0.05390625
1 0.91796875 0.76328125 0.08984375 0.071875
1 0.81796875 0.75078125 0.0984375 0.05625
1 0.859375 0.83203125 0.065625 0.04921875
1 0.75625 0.8390625 0.065625 0.0421875
1 0.6171875 0.54140625 0.071875 0.04375
1 0.94453125 0.52890625 0.1109375 0.0546875
1 0.28515625 0.590625 0.06875 0.03125
1 0.36875 0.63046875 0.0640625 0.0375
1 0.16875 0.60625 0.06875 0.04453125
1 0.334375 0.49375 0.0609375 0.0375
1 0.38671875 0.403125 0.05234375 0.02265625
1 0.52578125 0.5125 0.0703125 0.05078125
1 0.67109375 0.3734375 0.075 0.05
1 0.61875 0.30390625 0.075 0.0484375
1 0.3984375 0.340625 0.0671875 0.034375
1 0.25234375 0.7296875 0.1015625 0.04609375
1 0.15703125 0.8625 0.08046875 0.05859375
1 0.05625 0.49765625 0.096875 0.05234375
1 0.12421875 0.425 0.0984375 0.046875