6 1 0.5191970359375 0.9964724593750001 0.48409651093750006 0.6048599453125 0.519758584375 0.7109792296874999 0.3620300109375 0.8225895140624999 0.20424116250000002 0.7458338624999999 0.18644909062499998 0.6509236171875 0.1810285625 0.508099409375 0.1876423046875 0.3423395796875 0.21194733906250002 0.2735992515625 0.22580367968749998 0.1346902421875 0.27716835624999997 0 0.3532702484375 0 0.4438059703125 0.0322986015625 0.845873659375 0.1799409796875 0.914320928125 0.197296290625 0.912802534375 0.298482453125 0.8500337874999999 0.4383756734375 0.7299625078124999 0.5818904984375 0.542774425 0.8852574625 0.8691386671875 1 0.8381819703125 1 0.5191970359375
1 0.7375 0.62890625 0.109375 0.0515625
1 0.83046875 0.5375 0.0796875 0.053125
1 0.94140625 0.5625 0.0703125 0.0609375
1 0.9390625 0.72578125 0.0953125 0.0796875
1 0.83828125 0.721875 0.103125 0.0640625
1 0.88671875 0.79921875 0.0703125 0.0546875
1 0.78515625 0.815625 0.06875 0.046875
1 0.6203125 0.53125 0.075 0.05
1 0.94375 0.48984375 0.1125 0.0640625
1 0.29375 0.609375 0.071875 0.0375
1 0.38046875 0.64140625 0.065625 0.0421875
1 0.17890625 0.634375 0.071875 0.05
1 0.334375 0.50859375 0.065625 0.0421875
1 0.37890625 0.41328125 0.053125 0.0265625
1 0.5265625 0.51015625 0.075 0.05625
1 0.659375 0.359375 0.0796875 0.05625
1 0.6015625 0.29453125 0.0796875 0.0546875
1 0.38515625 0.35 0.06875 0.040625
1 0.2734375 0.75078125 0.1046875 0.05625
1 0.18984375 0.890625 0.084375 0.065625
1 0.0578125 0.53671875 0.1015625 0.059375
1 0.11875 0.4578125 0.1015625 0.0546875