6 0.5 0.5 1 1
8 0.58515625 0.8265625 0.2453125 0.225
8 0.8265625 0.85 0.2953125 0.2953125
8 0.8859375 0.60859375 0.228125 0.2328125
8 0.659375 0.31640625 0.475 0.415625
8 0.56875 0.62421875 0.340625 0.2671875
8 0.2828125 0.67890625 0.3484375 0.2953125
8 0.1109375 0.75390625 0.221875 0.2390625
8 0.27734375 0.86796875 0.34375 0.253125
8 0.15 0.41796875 0.3 0.4015625
8 0.03046875 0.628125 0.0609375 0.178125
2 0.83125 0.41171875 0.2765625 0.4
2 0.74140625 0.64921875 0.1078125 0.15625
2 0.59921875 0.58828125 0.1234375 0.1109375
2 0.37578125 0.5875 0.175 0.1296875
2 0.36015625 0.35390625 0.1546875 0.1625
2 0.3125 0.45546875 0.1328125 0.09375
2 0.1015625 0.459375 0.203125 0.153125
2 0.6515625 0.93515625 0.178125 0.1296875
2 0.23828125 0.83203125 0.228125 0.1578125