6 0.5 0.5015625 1 0.996875
8 0.37578125 0.1859375 0.221875 0.19921875
8 0.1328125 0.1921875 0.265625 0.2671875
8 0.103125 0.4390625 0.20625 0.2109375
8 0.3640625 0.7015625 0.43515625 0.365625
8 0.41640625 0.38515625 0.3140625 0.23125
8 0.69375 0.29609375 0.31953125 0.2578125
8 0.8625 0.19921875 0.21328125 0.21484375
8 0.67578125 0.1078125 0.3203125 0.215625
8 0.8640625 0.5375 0.271875 0.37109375
8 0.96484375 0.31328125 0.0703125 0.1703125
2 0.18203125 0.628125 0.2328125 0.375
2 0.2421875 0.38125 0.090625 0.146875
2 0.390625 0.42421875 0.11171875 0.09765625
2 0.6125 0.39765625 0.16171875 0.11171875
2 0.65625 0.628125 0.13828125 0.146875
2 0.69140625 0.52109375 0.12421875 0.0796875
2 0.9015625 0.490625 0.19375 0.1328125
2 0.29609375 0.0859375 0.165625 0.11328125
2 0.71953125 0.13828125 0.21328125 0.13359375