6 0.5 0.5 1 1
8 0.19296875 0.640625 0.2109375 0.2328125
8 0.21171875 0.87109375 0.2796875 0.2578125
8 0.46015625 0.8953125 0.2203125 0.209375
8 0.70859375 0.625 0.3875 0.453125
8 0.38984375 0.58984375 0.246875 0.325
8 0.2859375 0.3171875 0.2734375 0.33125
8 0.18046875 0.15390625 0.225 0.2234375
8 0.1078125 0.3453125 0.215625 0.33125
8 0.51796875 0.13984375 0.3859375 0.2796875
8 0.2890625 0.0453125 0.1734375 0.0796875
2 0.64453125 0.8109375 0.3859375 0.2515625
2 0.39453125 0.7640625 0.1515625 0.0984375
2 0.4296875 0.61328125 0.1046875 0.1171875
2 0.3921875 0.39296875 0.11875 0.16875
2 0.61953125 0.3375 0.153125 0.1453125
2 0.5109375 0.3078125 0.0859375 0.128125
2 0.46875 0.09921875 0.140625 0.1984375
2 0.096875 0.725 0.1203125 0.171875
2 0.12734375 0.3 0.14375 0.2203125