6 0.15429944843750001 0.5887870078125 0.31008256875 0.7980512484375 0.3440224953125 0.8176135890625 0.5087679078125 0.838794728125 0.5325353984375 0.8312872734375001 0.6826363484375 0.633455125 0.7206418390625 0.4376198609375 0.70192789375 0.3718755640625 0.636329775 0.2916528484375 0.56453331875 0.243102284375 0.44494035 0.2129814328125 0.4148185171875 0.2087480859375 0.2760537328125 0.23214391562499997 0.18326944218750002 0.2832043171875 0.11526002500000002 0.408356659375 0.11291399687499999 0.42504951718750006 0.115569946875 0.51628506875 0.15429944843750001 0.5887870078125
4 0.44296875 0.6890625 0.1015625 0.06875
4 0.4015625 0.55078125 0.1015625 0.075
4 0.35390625 0.4703125 0.1265625 0.0875
4 0.5015625 0.33671875 0.1109375 0.0640625
4 0.55546875 0.2890625 0.115625 0.078125
4 0.6015625 0.39765625 0.146875 0.1171875
4 0.5890625 0.49296875 0.14375 0.09375
4 0.5921875 0.54296875 0.1578125 0.0859375
4 0.2921875 0.390625 0.15 0.084375
4 0.4640625 0.50703125 0.1078125 0.075
4 0.5609375 0.5859375 0.1140625 0.0671875