6 0.4306640625 0.8788927328125 0.5322265625 0.896193771875 0.6708984375 0.8442906578124999 0.734375 0.7595155703125 0.779296875 0.6176470593750001 0.763671875 0.4723183390625 0.7255859375 0.39446366718750003 0.6552734375 0.3183391 0.5927734375 0.29065743906249997 0.3935546875 0.3010380625 0.1767578125 0.42214532812499994 0.166015625 0.444636678125 0.1640625 0.61072664375 0.1787109375 0.6470588234375 0.3642578125 0.8304498265625 0.4306640625 0.8788927328125
4 0.3046875 0.53046875 0.05546875 0.0953125
4 0.4359375 0.590625 0.0625 0.09375
4 0.509375 0.64921875 0.07265625 0.11640625
4 0.66171875 0.52109375 0.05 0.10546875
4 0.71640625 0.47421875 0.0640625 0.10703125
4 0.615625 0.4140625 0.10078125 0.13515625
4 0.51953125 0.4125 0.07734375 0.13515625
4 0.4703125 0.403125 0.0640625 0.1484375
4 0.5796875 0.72109375 0.06640625 0.14140625
4 0.48828125 0.534375 0.06015625 0.09921875
4 0.4234375 0.42734375 0.0546875 0.1078125