6 0.8323033375 0.6302555015625 0.87957991875 0.5630139203125 0.8933348890625 0.472782103125 0.8930406953125001 0.4559277625 0.8407904437499999 0.3234200234375 0.7549204515625 0.2614326578125 0.6200412328125 0.22130004374999998 0.5896280078125 0.221830909375 0.467255659375 0.23715252812499998 0.39007753749999996 0.2765914171875 0.3151916875 0.3482217640625 0.2886050171875 0.41119535625000003 0.30246090625 0.6102025984375 0.427333353125 0.824852840625 0.45000875625000003 0.8352008640624999 0.6161075109375 0.834255021875 0.6521785062500001 0.81897473125 0.8323033375 0.6302555015625
4 0.53359375 0.69453125 0.096875 0.0578125
4 0.59140625 0.5625 0.0953125 0.0640625
4 0.64921875 0.48828125 0.11875 0.0734375
4 0.51796875 0.33828125 0.10625 0.0515625
4 0.4703125 0.284375 0.109375 0.065625
4 0.41171875 0.3859375 0.1359375 0.1015625
4 0.4125 0.48203125 0.1359375 0.078125
4 0.40390625 0.53125 0.1515625 0.06875
4 0.71953125 0.41640625 0.14375 0.06875
4 0.534375 0.5109375 0.1015625 0.0625
4 0.42890625 0.578125 0.109375 0.0546875