6 0.2412109375 0.953125 0.3466796875 0.994140625 0.4501953125 0.9921875 0.5673828125 0.958984375 0.7158203125 0.87109375 0.80859375 0.7861328125 0.9375 0.5634765625 0.912109375 0.3056640625 0.888671875 0.1884765625 0.8232421875 0.119140625 0.7451171875 0.056640625 0.6396484375 0.01171875 0.5185546875 0.0078125 0.3349609375 0.056640625 0.1904296875 0.142578125 0.103515625 0.2451171875 0.02734375 0.3876953125 0.0078125 0.4501953125 0.005859375 0.5068359375 0.00390625 0.6005859375 0.056640625 0.7705078125 0.1455078125 0.8828125 0.2412109375 0.953125
8 0.6390625 0.2953125 0.2703125 0.25
8 0.69296875 0.546875 0.225 0.23125
8 0.3546875 0.284375 0.2203125 0.1984375
8 0.24140625 0.4609375 0.17578125 0.1859375
8 0.24453125 0.71953125 0.2078125 0.2609375
8 0.51328125 0.76171875 0.1921875 0.1984375
8 0.47109375 0.5109375 0.27734375 0.36953125
2 0.2140625 0.30625 0.13828125 0.1265625
2 0.10234375 0.44609375 0.13828125 0.14765625
2 0.11328125 0.66484375 0.11171875 0.1265625
2 0.37890625 0.5015625 0.140625 0.14375
2 0.65546875 0.5 0.1921875 0.18828125
2 0.75078125 0.3828125 0.1203125 0.1265625