6 0.54703606875 0 0.47265565781249996 0.006760626562499999 0.4162892484375 0.012660043749999999 0.3553039265625 0.036503496875 0.218386596875 0.1224355671875 0.1221601328125 0.216290675 0.0465139625 0.3664645515625 0.0106116328125 0.553017153125 0.022955440625 0.6735434390624999 0.075125015625 0.77562168125 0.14292249375 0.84919659375 0.2166536765625 0.9096302671875 0.33519063125000004 0.9248360874999999 0.5762185750000001 0.9316722937499999 0.5970524796875 0.9302154437500001 0.8072680984374999 0.788056815625 0.885550528125 0.68958279375 0.9628725796875001 0.535375940625 0.9878202359375001 0.4161577703125 0.9843930999999999 0.348947959375 0.9817431703124999 0.311052215625 0.9342748765625 0.21040733281250001 0.8574577421875 0.1198420875 0.7392275625 0.0390253546875 0.573382 0 0.54703606875 0
8 0.30546875 0.653125 0.26875 0.2890625
8 0.56015625 0.6890625 0.246875 0.240625
8 0.275 0.3703125 0.215625 0.2359375
8 0.44296875 0.24453125 0.196875 0.1890625
8 0.7015625 0.2296875 0.275 0.225
8 0.76171875 0.4953125 0.2109375 0.20625
8 0.50859375 0.4703125 0.3875 0.3015625
2 0.28671875 0.228125 0.134375 0.1453125
2 0.41875 0.10703125 0.1578125 0.1484375
2 0.6375 0.10234375 0.134375 0.11875
2 0.49296875 0.37890625 0.153125 0.15
2 0.5109375 0.65546875 0.2 0.2046875
2 0.40078125 0.75859375 0.1359375 0.1296875