6 0.0119561109375 0.6720200890625 0.0558830328125 0.77426028125 0.129492690625 0.8674512343749999 0.2448303859375 0.9523449093749999 0.41648915156250005 0.9991169718749999 0.5101138796875 0.9938932093749999 0.5666518375 0.9899645453125 0.6284321328125 0.9682639749999999 0.76826504375 0.8871625968749999 0.867708384375 0.79672291875 0.948549465625 0.6492805374999999 0.9909405171874999 0.46409455 0.9828105359375 0.34321089374999997 0.9342352187499999 0.23937414375000002 0.86904676875 0.163477953125 0.79746960625 0.10050791249999999 0.6795355375 0.081174475 0.4388930015625 0.06593067968750001 0.41802094375000004 0.06665954843750001 0.20297211874999999 0.201395159375 0.12130068281249999 0.29707717499999997 0.03864399375 0.44849159062500005 0.0095508796875 0.566766475 0.010630339062499999 0.6340549484375 0.0119561109375 0.6720200890625
8 0.7 0.35390625 0.259375 0.2796875
8 0.44609375 0.30859375 0.2390625 0.2328125
8 0.7203125 0.6375 0.2078125 0.228125
8 0.5484375 0.75703125 0.190625 0.1828125
8 0.28984375 0.76328125 0.26875 0.2171875
8 0.23828125 0.49609375 0.2046875 0.1984375
8 0.48984375 0.52890625 0.378125 0.2890625
2 0.70390625 0.77890625 0.1296875 0.1421875
2 0.56796875 0.8953125 0.153125 0.14375
2 0.3484375 0.8921875 0.1296875 0.115625
2 0.50234375 0.62109375 0.1484375 0.1453125
2 0.49453125 0.34453125 0.19375 0.1984375
2 0.60859375 0.2453125 0.1328125 0.125