6 0.5027608140625001 1 0.6107930328125 0.9924456515625 0.6504282421875 0.915274103125 0.8008488093749999 0.546461009375 0.7990776484375 0.521132234375 0.3913220765625 0.0079448671875 0 0.0353087734375 0 0.5174603875 0.0337424578125 1 0.5027608140625001 1
5 0.50859375 0.60859375 0.1796875 0.1875
5 0.590625 0.46328125 0.1671875 0.175
5 0.3859375 0.3703125 0.15 0.19375
5 0.2484375 0.2375 0.196875 0.2
5 0.3609375 0.09375 0.184375 0.18125
5 0.096875 0.15390625 0.19375 0.2671875
5 0.0734375 0.5390625 0.146875 0.30625
5 0.06015625 0.8328125 0.090625 0.2015625
5 0.16015625 0.9078125 0.2390625 0.184375
5 0.23671875 0.6625 0.2140625 0.25
5 0.43828125 0.8 0.1984375 0.221875
6 0.8839431875000001 0 0.8163484593750001 0.152134090625 0.7233708953125 0.4464461828125 0.8052223484375001 0.56700675625 0.905365575 0.5991619453125 1 0.59525610625 1 0.4825396234375 0.9662575421874999 0 0.8839431875000001 0