6 1 0.5751953125 0.4580078125 0.203125 0.4326171875 0.203125 0.0751953125 0.37890625 0.0009765625 0.423828125 0.0009765625 1 0.9755859375 1 1 0.9833984375 1 0.5751953125
5 0.39140625 0.49921875 0.17734375 0.1671875
5 0.53046875 0.40703125 0.16484375 0.15625
5 0.6375 0.6046875 0.184375 0.13828125
5 0.7796875 0.7328125 0.18671875 0.1859375
5 0.91484375 0.61015625 0.1703125 0.1734375
5 0.8734375 0.89375 0.253125 0.209375
5 0.490625 0.93203125 0.296875 0.1359375
5 0.1984375 0.96171875 0.196875 0.0765625
5 0.10078125 0.86875 0.20078125 0.22578125
5 0.35625 0.77421875 0.2359375 0.1984375
5 0.2046875 0.5828125 0.209375 0.1859375
6 0.3701171875 0 0.373046875 0.1025390625 0.412109375 0.2001953125 0.5380859375 0.2734375 0.8251953125 0.16015625 1 0.0673828125 1 0.0068359375 0.9873046875 0 0.3701171875 0