6 0.06535663124999999 0 0 0.46503659375 0 0.9336079015625 0.47240433125000003 1 0.5098339625 1 0.560800684375 0.9374751578125 0.784614753125 0.607995709375 0.7881484453125001 0.582852184375 0.49794178906250003 0 0.06535663124999999 0
5 0.4859375 0.6078125 0.190625 0.1984375
5 0.59609375 0.4828125 0.178125 0.184375
5 0.415625 0.34921875 0.1625 0.2015625
5 0.30859375 0.190625 0.209375 0.2109375
5 0.44765625 0.08515625 0.1953125 0.1703125
5 0.16171875 0.1078125 0.2421875 0.215625
5 0.0796875 0.4484375 0.159375 0.3125
5 0.02578125 0.734375 0.0515625 0.20625
5 0.10234375 0.84375 0.2046875 0.23125
5 0.20859375 0.60390625 0.2296875 0.2625
5 0.3765625 0.78125 0.2125 0.2328125
6 1 0.06851234218749999 0.9960445531250001 0.067956440625 0.8817608765625 0.22550833906249998 0.7296241703125 0.4940578828125 0.7846210203124999 0.6290017921875 0.8758904375000001 0.6812752625 0.9770238625 0.6984471171875 1 0.5349634046875 1 0.06851234218749999