6 1 0.31533203125 0.8854181640625001 0.2207262765625 0.7559690640625 0.166062459375 0.5598672203125 0.1015625 0.4076904296875 0.1015625 0.2685546875 0.11513671875 0.1318359375 0.14833984375 0.0478515625 0.17958984375 0 0.20986328125 0.00390625 0.65908203125 0.1064453125 0.71474609375 0.3037109375 0.77724609375 0.3681640625 0.78310546875 0.4599609375 0.78505859375 0.6923828125 0.76357421875 0.9033203125 0.70888671875 1 0.66298828125 1 0.31533203125
3 0.753125 0.41015625 0.209375 0.09375
3 0.509375 0.34375 0.209375 0.128125
3 0.18984375 0.40234375 0.2078125 0.1234375
3 0.334375 0.53046875 0.175 0.0984375
3 0.25 0.61953125 0.16875 0.1078125
3 0.0828125 0.5671875 0.1625 0.115625
3 0.3234375 0.696875 0.15 0.06875
3 0.453125 0.6515625 0.165625 0.071875
3 0.5453125 0.7203125 0.128125 0.053125
3 0.640625 0.62734375 0.11875 0.0734375
3 0.60390625 0.5140625 0.1453125 0.103125
3 0.77109375 0.61171875 0.1328125 0.0859375
3 0.72109375 0.69375 0.1453125 0.059375
3 0.9140625 0.57109375 0.1625 0.0796875
2 0.475 0.46484375 0.1125 0.1015625
2 0.05 0.39609375 0.1 0.0640625
2 0.41328125 0.59453125 0.171875 0.06875
2 0.728125 0.553125 0.128125 0.0625
2 0.6046875 0.675 0.084375 0.053125
2 0.7984375 0.4515625 0.08125 0.071875