6 1 0.512771290625 0.9837882890625 0.30669973437500003 0.8776160781250001 0.2583240296875 0.676471203125 0.20973683125 0.6117663531249999 0.20838775156249997 0.520056846875 0.21284281093750002 0.2896998140625 0.25048778125000004 0.0830909546875 0.319756321875 0 0.3665678578125 0 0.5174603828125 0.0140997609375 0.7190963640625 0.13500184531249998 0.8054788390625 0.26794876875 0.850979584375 0.46807220781250003 0.901643053125 0.6198783031249999 0.8910277359375 0.757728228125 0.8677809640625 0.8917978062499999 0.825121703125 0.9733977093749999 0.788089371875 1 0.7685340203125001 1 0.512771290625
3 0.25390625 0.60703125 0.215625 0.1078125
3 0.5015625 0.65625 0.2171875 0.1421875
3 0.81640625 0.57578125 0.215625 0.1375
3 0.66328125 0.4578125 0.18125 0.1109375
3 0.74140625 0.36328125 0.1765625 0.11875
3 0.91171875 0.40390625 0.1703125 0.1265625
3 0.6625 0.29140625 0.1546875 0.0796875
3 0.5359375 0.3453125 0.1703125 0.0828125
3 0.4390625 0.28359375 0.13125 0.0625
3 0.35078125 0.3828125 0.1234375 0.08125
3 0.3953125 0.49296875 0.1515625 0.1125
3 0.221875 0.4078125 0.1390625 0.0953125
3 0.265625 0.321875 0.1484375 0.06875
3 0.0828125 0.4578125 0.165625 0.090625
2 0.52734375 0.53359375 0.11875 0.109375
2 0.9515625 0.57109375 0.096875 0.0703125
2 0.5796875 0.4 0.1765625 0.08125
2 0.26875 0.46328125 0.1328125 0.071875
2 0.38359375 0.3328125 0.0875 0.059375
2 0.20546875 0.56875 0.0859375 0.078125