6 1 0.3369140625 0.9033203125 0.291015625 0.6923828125 0.236328125 0.4599609375 0.21484375 0.3681640625 0.216796875 0.3037109375 0.22265625 0.1064453125 0.28515625 0.00390625 0.3408203125 0 0.7900390625 0.0478515625 0.8203125 0.1318359375 0.8515625 0.2685546875 0.884765625 0.4287109375 0.900390625 0.5595703125 0.8984375 0.7559690640625 0.8338398843749999 0.8854181640625001 0.7791760671875 1 0.6845703125 1 0.3369140625
3 0.753125 0.58984375 0.20859375 0.09375
3 0.509375 0.65625 0.20859375 0.128125
3 0.18984375 0.59765625 0.20703125 0.12265625
3 0.334375 0.46953125 0.17421875 0.09765625
3 0.25 0.38046875 0.1703125 0.1078125
3 0.0828125 0.4328125 0.16171875 0.11484375
3 0.3234375 0.303125 0.15 0.0703125
3 0.453125 0.3484375 0.16640625 0.071875
3 0.5453125 0.2796875 0.12734375 0.053125
3 0.640625 0.37265625 0.1171875 0.07265625
3 0.60390625 0.4859375 0.14609375 0.103125
3 0.77109375 0.38828125 0.1328125 0.0859375
3 0.72109375 0.30625 0.14609375 0.06015625
3 0.9140625 0.42890625 0.16171875 0.0796875
2 0.475 0.53515625 0.11171875 0.1015625
2 0.05 0.60390625 0.09921875 0.06328125
2 0.41328125 0.40546875 0.171875 0.06875
2 0.728125 0.446875 0.12734375 0.0640625
2 0.6046875 0.325 0.0859375 0.05234375
2 0.7984375 0.5484375 0.08046875 0.071875