6 1 0.46064914687499997 0.965841790625 0.24498269687500002 0.920232884375 0.20672460625000003 0.7404602 0.1017185125 0.6392135453125001 0.074250046875 0.3774340046875 0.0445228984375 0.3623069109375 0.048896265625000004 0.1655616796875 0.3361401375 0.0835038328125 0.517221853125 0.02184510625 0.677275428125 0.0713419484375 0.9897861921875 0.0816466609375 1 0.131423146875 1 0.3270691734375 0.989326765625 0.4027395875 0.9773417500000001 0.47534913593750006 0.962380953125 0.7566352578125 0.8031362921874999 0.9316123703124999 0.6468870296875 0.9749417890625001 0.5895988140624999 1 0.5379368609374999 1 0.46064914687499997
6 0 0.26645749531249996 0.0659353234375 0.3757479265625 0.0675752640625 0.3754881859375 0.289953525 0.139553628125 0.31852155937500004 0.0933176203125 0.316191196875 0.07860429062499999 0.28829408437500004 0.06665003124999999 0.15222815 0.056561223437499995 0 0.07796539062499999 0 0.26645749531249996
3 0.11171875 0.178125 0.2234375 0.109375
3 0.084375 0.27890625 0.1546875 0.1546875
3 0.41796875 0.22734375 0.196875 0.2640625
3 0.5578125 0.1640625 0.125 0.109375
3 0.78125 0.27421875 0.275 0.153125
3 0.6890625 0.4375 0.175 0.2703125
3 0.85078125 0.52265625 0.175 0.1984375
3 0.5296875 0.5140625 0.2546875 0.13125
3 0.30859375 0.63515625 0.4421875 0.29375
3 0.40859375 0.78359375 0.4546875 0.2828125
5 0.0421875 0.1203125 0.084375 0.09375
5 0.4203125 0.0875 0.1125 0.0859375
5 0.296875 0.2484375 0.1296875 0.096875
5 0.25859375 0.40234375 0.1453125 0.0984375
5 0.3296875 0.4625 0.1609375 0.1421875
5 0.52578125 0.38984375 0.18125 0.13125
5 0.56875 0.26796875 0.1671875 0.1046875
5 0.70234375 0.17578125 0.14375 0.1
5 0.63359375 0.62578125 0.2234375 0.1796875
5 0.834375 0.37578125 0.184375 0.134375
5 0.10625 0.87421875 0.1296875 0.1796875
2 0.62734375 0.16796875 0.05 0.059375