6 1 0.3212890625 0.9609375 0.2763671875 0.7998046875 0.14453125 0.7041015625 0.1015625 0.4501953125 0.03125 0.4345703125 0.033203125 0.1953125 0.2861328125 0.0859375 0.4521484375 0 0.6005859375 0 0.9169921875 0.0107421875 0.931640625 0.2763671875 0.958984375 0.4033203125 0.953125 0.7060546875 0.83984375 0.9033203125 0.712890625 0.955078125 0.6630859375 1 0.5986328125 1 0.3212890625
6 0.384765625 0.0693359375 0.384765625 0.0556640625 0.3583984375 0.0390625 0.2255859375 0.0078125 0.0009765625 0.00390625 0 0.0869140625 0.0908203125 0.310546875 0.3486328125 0.111328125 0.384765625 0.0693359375
3 0.1484375 0.11953125 0.253125 0.0703125
3 0.12421875 0.21640625 0.13671875 0.134375
3 0.46171875 0.21796875 0.1609375 0.24296875
3 0.609375 0.17734375 0.1125 0.0921875
3 0.81328125 0.32109375 0.26171875 0.11484375
3 0.696875 0.46796875 0.13671875 0.2515625
3 0.84296875 0.57734375 0.15 0.1765625
3 0.52734375 0.51875 0.24375 0.09296875
3 0.28984375 0.60390625 0.41171875 0.2328125
3 0.365625 0.765625 0.4265625 0.21953125
5 0.084375 0.05078125 0.1203125 0.07578125
5 0.4859375 0.08046875 0.103125 0.0703125
5 0.3390625 0.21953125 0.11953125 0.07890625
5 0.2765625 0.365625 0.13359375 0.07734375
5 0.3375 0.4359375 0.1421875 0.1203125
5 0.54296875 0.3953125 0.1671875 0.10546875
5 0.60390625 0.28125 0.15625 0.0796875
5 0.75078125 0.21171875 0.13359375 0.0796875
5 0.6125 0.6453125 0.20234375 0.14921875
5 0.85 0.4296875 0.1671875 0.11015625
5 0.05234375 0.8078125 0.1046875 0.1640625
2 0.67734375 0.1921875 0.04296875 0.05390625