6 1 0.32099609375 0.9609375 0.27607421875 0.7998046875 0.14423828125 0.7041015625 0.10126953125 0.4501953125 0.03095703125 0.4345703125 0.03291015625 0.1953125 0.28583984375 0.0859375 0.45185546875 0 0.60029296875 0 0.91669921875 0.0107421875 0.93134765625 0.25265066875 0.95625 0.3292643234375 0.95625 0.4033203125 0.95283203125 0.7060546875 0.83955078125 0.9033203125 0.71259765625 0.955078125 0.66279296875 1 0.59833984375 1 0.32099609375
6 0.35869140625 0.0388671875 0.22587890625 0.0076171875 0.00126953125 0.0037109375 0.00029296875 0.08671875 0.0907166859375 0.309375 0.09237706875 0.309375 0.34892578125 0.1111328125 0.384375 0.069935071875 0.384375 0.0550383390625 0.35869140625 0.0388671875
3 0.1484375 0.11953125 0.253125 0.0703125
3 0.12421875 0.21640625 0.1359375 0.134375
3 0.46171875 0.21796875 0.1609375 0.2421875
3 0.609375 0.17734375 0.1125 0.0921875
3 0.81328125 0.32109375 0.2609375 0.1140625
3 0.696875 0.46796875 0.1375 0.2515625
3 0.84296875 0.57734375 0.15 0.1765625
3 0.52734375 0.51875 0.24375 0.09375
3 0.28984375 0.60390625 0.4109375 0.2328125
3 0.365625 0.765625 0.425 0.21875
5 0.084375 0.05078125 0.11875 0.0765625
5 0.4859375 0.08046875 0.103125 0.0703125
5 0.3390625 0.21953125 0.11875 0.0796875
5 0.2765625 0.365625 0.134375 0.078125
5 0.3375 0.4359375 0.14375 0.121875
5 0.54296875 0.3953125 0.1671875 0.10625
5 0.60390625 0.28125 0.15625 0.08125
5 0.75078125 0.21171875 0.1328125 0.0796875
5 0.6125 0.6453125 0.203125 0.15
5 0.85 0.4296875 0.16875 0.109375
5 0.05234375 0.8078125 0.1046875 0.165625
2 0.67734375 0.1921875 0.0421875 0.053125