6 0.5872767078125001 0 0.3804435359375 0.063524325 0.23142515624999999 0.14645064531250002 0.06536855312499999 0.271624975 0 0.3352321796875 0 0.5377685828125001 0.07387871562500001 1 0.5356052765625 1 1 0.9264471015625 1 0.4778497328125 0.9268259828125001 0 0.5872767078125001 0
5 0.9359375 0.88671875 0.128125 0.1140625
5 0.83046875 0.78828125 0.1703125 0.128125
5 0.91328125 0.640625 0.1734375 0.159375
5 0.7625 0.67421875 0.1859375 0.1453125
5 0.86328125 0.384375 0.2421875 0.18125
5 0.93671875 0.25859375 0.0828125 0.1546875
5 0.55078125 0.31875 0.228125 0.1703125
5 0.5015625 0.5140625 0.240625 0.1921875
5 0.525 0.65234375 0.20625 0.16875
5 0.23046875 0.50546875 0.21875 0.18125
5 0.33046875 0.73046875 0.234375 0.153125
5 0.1390625 0.8078125 0.1859375 0.125
5 0.1640625 0.73828125 0.146875 0.0921875
5 0.3203125 0.8203125 0.1984375 0.1234375
5 0.38046875 0.88203125 0.1671875 0.1046875
5 0.5765625 0.84140625 0.1640625 0.11875
5 0.63359375 0.92265625 0.1671875 0.1015625
5 0.7453125 0.95234375 0.11875 0.046875
5 0.390625 0.9515625 0.153125 0.096875
5 0.16875 0.94140625 0.171875 0.1171875