6 0.0302734375 0 0.0009765625 0.0234375 0 0.7158203125 0.0068359375 0.72265625 0.1064453125 0.79296875 0.2900390625 0.890625 0.4501953125 0.94921875 0.7255859375 0.98828125 0.9287109375 0.982421875 1 0.9677734375 0.9951171875 0.015625 0.9501953125 0 0.0302734375 0
5 0.8828125 0.046875 0.14140625 0.09296875
5 0.78125 0.16328125 0.15546875 0.10546875
5 0.89296875 0.2953125 0.16875 0.1328125
5 0.73203125 0.28671875 0.16875 0.12109375
5 0.8765625 0.55703125 0.22109375 0.14765625
5 0.96953125 0.6703125 0.0609375 0.14609375
5 0.578125 0.67109375 0.20859375 0.13984375
5 0.49921875 0.4859375 0.21875 0.1609375
5 0.50078125 0.3453125 0.18671875 0.140625
5 0.2328125 0.53671875 0.196875 0.15234375
5 0.296875 0.29921875 0.21953125 0.11953125
5 0.0953125 0.25234375 0.1703125 0.1
5 0.13125 0.3171875 0.1359375 0.0734375
5 0.27265625 0.21171875 0.18671875 0.09609375
5 0.321875 0.14140625 0.15546875 0.08125
5 0.521875 0.15078125 0.15078125 0.096875
5 0.565625 0.06171875 0.15546875 0.078125
5 0.671875 0.01484375 0.11640625 0.0296875
5 0.32109375 0.06875 0.14296875 0.078125
5 0.103125 0.10703125 0.15625 0.11015625