6 0.48710164687499996 0 0 0.0623457765625 0 0.5257733906250001 0.05822770625 1 0.5276896140625 1 0.7757278624999999 0.9698997874999999 0.7816797546875 0.9622817140625 0.8393288265625 0.8548458734375 0.9138827125000001 0.6607193 0.9525215765624999 0.49461604843750007 0.9575488968749999 0.2262510671875 0.9505981390624999 0.1696416890625 0.927160825 0.0156207640625 0.9219003703125 0 0.48710164687499996 0
5 0.0296875 0.17421875 0.059375 0.1515625
5 0.13125 0.26171875 0.1234375 0.1671875
5 0.24921875 0.13515625 0.1546875 0.184375
5 0.26015625 0.2953125 0.140625 0.1828125
5 0.5109375 0.11953125 0.175 0.2390625
5 0.6109375 0.02578125 0.153125 0.0515625
5 0.66015625 0.4015625 0.1640625 0.225
5 0.4859375 0.50234375 0.184375 0.2359375
5 0.34609375 0.51796875 0.1625 0.2015625
5 0.56875 0.7609375 0.175 0.2140625
5 0.32578125 0.72578125 0.1453125 0.23125
5 0.30234375 0.9203125 0.1203125 0.159375
5 0.36328125 0.88828125 0.0875 0.1453125
5 0.24140625 0.7609375 0.1171875 0.196875
5 0.165625 0.7203125 0.1 0.165625
5 0.15078125 0.52109375 0.1140625 0.1609375
5 0.05703125 0.48828125 0.096875 0.1640625
5 0.009375 0.3875 0.01875 0.11875
5 0.09375 0.73046875 0.0953125 0.15
5 0.15859375 0.92890625 0.1296875 0.1421875