6 0.8740234375 1 0.99609375 0.9189453125 0.9990234375 0.158203125 0.8447265625 0.0859375 0.7294921875 0.060546875 0.5029296875 0.044921875 0.3408203125 0.056640625 0.2041015625 0.0859375 0.1103515625 0.1171875 0.0087890625 0.1796875 0 0.1884765625 0.0009765625 0.875 0.1767578125 0.9453125 0.3701171875 1 0.8740234375 1
5 0.2453125 0.3609375 0.1703125 0.146875
5 0.11484375 0.24921875 0.1296875 0.14375
5 0.04296875 0.59296875 0.0859375 0.209375
5 0.17578125 0.74453125 0.153125 0.16328125
5 0.296875 0.5765625 0.16171875 0.1671875
5 0.4796875 0.62578125 0.17890625 0.171875
5 0.42109375 0.7578125 0.1703125 0.16171875
5 0.7 0.8125 0.17578125 0.17421875
5 0.86328125 0.76484375 0.159375 0.18125
5 0.8140625 0.4734375 0.15234375 0.16328125
5 0.9078125 0.259375 0.14765625 0.15078125
5 0.74296875 0.1515625 0.146875 0.140625
5 0.6546875 0.271875 0.1265625 0.14765625
5 0.5234375 0.359375 0.13359375 0.12421875
5 0.471875 0.2734375 0.15234375 0.13359375
5 0.3328125 0.16484375 0.1328125 0.1421875
5 0.5421875 0.10234375 0.14921875 0.14375