6 0.110406246875 0 0.060628365625 0.0560974046875 0 0.487490646875 0 0.651216978125 0.014579321875 0.757753675 0.059743525 0.9416098421875001 0.4709658640625 1 0.774732746875 1 0.825403103125 0.9387663875 0.8693964578125 0.850277915625 0.917435790625 0.718967040625 0.951601759375 0.5600662375 0.9676602265625001 0.3335340484375 0.9585542265625 0.215887434375 0.9087987249999999 0.054116982812500006 0.6446546093750001 0.0169939484375 0.5202623484375 0 0.110406246875 0
5 0.60234375 0.771875 0.16875 0.190625
5 0.69453125 0.91640625 0.1609375 0.1484375
5 0.34453125 0.93984375 0.21875 0.1140625
5 0.2125 0.78671875 0.184375 0.175
5 0.39609375 0.690625 0.1859375 0.184375
5 0.37265625 0.50234375 0.1953125 0.2
5 0.23359375 0.5421875 0.184375 0.190625
5 0.21875 0.25859375 0.196875 0.196875
5 0.28828125 0.103125 0.2015625 0.1828125
5 0.5703125 0.19296875 0.1828125 0.175
5 0.7953125 0.1296875 0.16875 0.165625
5 0.87890625 0.3078125 0.159375 0.165625
5 0.74765625 0.37890625 0.1625 0.146875
5 0.6421875 0.49609375 0.1421875 0.15
5 0.7203125 0.559375 0.1546875 0.1703125
5 0.80859375 0.7125 0.159375 0.153125
5 0.9 0.51328125 0.1625 0.16875