6 0.6746949828125001 0 0.35258342656249997 0.005622478125 0.1694831765625 0.0608772140625 0 0.1321262875 0 0.4488749296875 0.00596089375 0.82068273125 0.014902007812500001 0.829317065625 0.117539815625 0.8900350359375 0.2118209234375 0.9196441140625 0.3490301515625 0.9465504546875 0.5113193578125 0.9554382218749999 0.7375746578125 0.9358615406249999 0.8523483531249999 0.908463665625 1 0.83614185 1 0.5851657984374999 0.9996884109374999 0.567314878125 0.9891544968750001 0.072941003125 0.8750303328125 0 0.6746949828125001 0
5 0.24765625 0.64375 0.175 0.15
5 0.11953125 0.7578125 0.1328125 0.1453125
5 0.04296875 0.41484375 0.0859375 0.2109375
5 0.171875 0.2609375 0.15625 0.1671875
5 0.2953125 0.42734375 0.165625 0.16875
5 0.47734375 0.37421875 0.18125 0.175
5 0.41640625 0.24375 0.1734375 0.165625
5 0.69453125 0.184375 0.178125 0.178125
5 0.85859375 0.22890625 0.1625 0.184375
5 0.81484375 0.52109375 0.15625 0.165625
5 0.91171875 0.73359375 0.15 0.153125
5 0.74921875 0.84453125 0.15 0.14375
5 0.65859375 0.725 0.13125 0.1484375
5 0.52578125 0.63984375 0.1359375 0.1265625
5 0.47578125 0.72734375 0.1546875 0.1375
5 0.3390625 0.83828125 0.1375 0.14375
5 0.54921875 0.896875 0.153125 0.146875