6 0.1982421875 0 0.0810546875 0.08333333281250001 0.0009765625 0.1588541671875 0.0009765625 0.9973958328125001 1 0.99609375 1 0.13671875 0.9658203125 0.1041666671875 0.8720703125 0.0286458328125 0.8193359375 0 0.1982421875 0
5 0.415625 0.0234375 0.0859375 0.046875
5 0.29296875 0.0390625 0.12109375 0.078125
5 0.1953125 0.11171875 0.11640625 0.090625
5 0.2953125 0.19453125 0.10625 0.0953125
5 0.1078125 0.25703125 0.11484375 0.121875
5 0.2453125 0.34296875 0.10625 0.07109375
5 0.4109375 0.29375 0.11875 0.140625
5 0.4546875 0.1328125 0.11953125 0.096875
5 0.60859375 0.0359375 0.0859375 0.071875
5 0.78671875 0.221875 0.0859375 0.15859375
5 0.72578125 0.4109375 0.1375 0.14375
5 0.70078125 0.57109375 0.15078125 0.17109375
5 0.53984375 0.6 0.1515625 0.16328125
5 0.40234375 0.4765625 0.109375 0.15703125
5 0.17734375 0.59765625 0.1625 0.175
5 0.4390625 0.89765625 0.18046875 0.2046875
5 0.62421875 0.91640625 0.0875 0.16640625
5 0.8453125 0.7859375 0.1640625 0.2171875
5 0.9734375 0.41328125 0.053125 0.1359375