6 0.076423478125 0 0.0405827 0.22439648124999997 0 0.4806255640625 0 0.9260021703125 0.4672039078125 1 0.8182459359375001 1 0.8456211453125 0.97885909375 0.9462606703124999 0.876150571875 1 0.5368537984375 1 0.16540588125 0.9634521421875 0.10172735 0.9379113484375001 0.0647077578125 0.5293626437500001 0 0.076423478125 0
5 0.9578125 0.6578125 0.059375 0.09375
5 0.92265625 0.7765625 0.0953125 0.13125
5 0.8359375 0.86171875 0.1078125 0.128125
5 0.76953125 0.75 0.1109375 0.1203125
5 0.67890625 0.925 0.1390625 0.1328125
5 0.615625 0.77578125 0.0859375 0.115625
5 0.68984375 0.6203125 0.1578125 0.1390625
5 0.85546875 0.60234375 0.1140625 0.1328125
5 0.96640625 0.465625 0.0671875 0.096875
5 0.81953125 0.26015625 0.1703125 0.109375
5 0.6234375 0.290625 0.1640625 0.1578125
5 0.4609375 0.290625 0.1921875 0.1765625
5 0.4078125 0.4453125 0.184375 0.175
5 0.5078125 0.6 0.171875 0.1328125
5 0.353125 0.803125 0.1984375 0.1875
5 0.10625 0.49765625 0.2125 0.2109375
5 0.1078125 0.3125 0.178125 0.1125
5 0.271875 0.1140625 0.2390625 0.196875
5 0.659375 0.04609375 0.1421875 0.0734375