6 0.49609720625 0 0.093519834375 0.035220956250000005 0.0654589 0.07036873437499999 0 0.1679533 0 0.5173485546875 0.028587459375000002 0.8441047171875 0.1218172484375 0.9535833046875 0.173955159375 1 0.510065425 1 1 0.9571362796875 1 0.5140248796875 0.9775233125 0.25711516875 0.9546909328125001 0 0.49609720625 0
5 0.0328125 0.62578125 0.0546875 0.090625
5 0.05859375 0.74609375 0.0890625 0.1265625
5 0.13984375 0.8375 0.1 0.1234375
5 0.21328125 0.73046875 0.1046875 0.1140625
5 0.2921875 0.91171875 0.13125 0.1265625
5 0.365625 0.7671875 0.0796875 0.1125
5 0.30234375 0.60703125 0.15 0.13125
5 0.13828125 0.57734375 0.10625 0.1265625
5 0.03359375 0.43203125 0.0671875 0.0921875
5 0.19765625 0.23828125 0.165625 0.1
5 0.39140625 0.2828125 0.1546875 0.15
5 0.553125 0.29375 0.1828125 0.165625
5 0.59609375 0.4515625 0.175 0.165625
5 0.48515625 0.59921875 0.165625 0.121875
5 0.62578125 0.81328125 0.1890625 0.1765625
5 0.8953125 0.52578125 0.209375 0.1984375
5 0.90390625 0.33984375 0.1734375 0.1015625
5 0.7546875 0.13125 0.2296875 0.184375
5 0.37265625 0.0359375 0.140625 0.0640625