6 0.055091587500000004 0 0.029760906250000004 0.056938817187500004 0 0.49051683593749995 0 0.825658703125 0.33687680625 0.9428248 0.91378408125 0.92442925625 0.9728753515624999 0.8913613281250001 1 0.5097573578125 1 0.0338793234375 0.47739400937500004 0 0.055091587500000004 0
3 0.46796875 0.42578125 0.8625 0.70625
8 0.52734375 0.378125 0.15625 0.140625
8 0.890625 0.25546875 0.165625 0.171875
8 0.90390625 0.68046875 0.16875 0.0953125
8 0.78671875 0.7921875 0.1203125 0.1203125
8 0.62734375 0.7890625 0.0828125 0.0828125
8 0.49765625 0.8125 0.0953125 0.103125
8 0.38046875 0.778125 0.1296875 0.0890625
8 0.15234375 0.521875 0.1484375 0.1328125
8 0.12109375 0.37265625 0.1765625 0.14375
8 0.09296875 0.228125 0.15625 0.1125
2 0.40703125 0.575 0.3546875 0.2015625
2 0.240625 0.6234375 0.1359375 0.0828125
2 0.5828125 0.57734375 0.121875 0.0703125
2 0.315625 0.49609375 0.11875 0.146875
8 0.71875 0.55625 0.1265625 0.1171875