6 1 0.9091796875 0.9990234375 0.146484375 0.6318359375 0.046875 0.0576171875 0.10546875 0.0009765625 0.142578125 0 0.9931640625 0.0068359375 1 0.96875 0.9951171875 1 0.9091796875
3 0.5375 0.571875 0.8203125 0.64921875
8 0.48125 0.6234375 0.14765625 0.13046875
8 0.12734375 0.77109375 0.15546875 0.1609375
8 0.084375 0.3484375 0.1609375 0.08515625
8 0.19375 0.228125 0.1109375 0.11171875
8 0.353125 0.2203125 0.078125 0.07734375
8 0.48046875 0.18828125 0.08828125 0.096875
8 0.6 0.2140625 0.12578125 0.08125
8 0.8453125 0.45390625 0.1421875 0.1234375
8 0.88671875 0.60078125 0.16796875 0.13203125
8 0.925 0.74296875 0.15 0.1015625
2 0.5875 0.41875 0.3421875 0.17890625
2 0.75 0.35859375 0.1328125 0.07421875
2 0.41171875 0.42890625 0.1171875 0.0625
2 0.684375 0.49140625 0.10859375 0.1390625
8 0.278125 0.459375 0.11953125 0.10859375