6 0.4842979921875 0 0.10044546406249999 0.034026865625 0.0684138578125 0.0936862515625 0.06008953593750001 0.6708267078125 0.18105646250000001 1 0.515404425 1 0.95120050625 0.9624349890625 1 0.9396969265624999 1 0.5100114265625 0.9579873296875 0 0.4842979921875 0
3 0.575 0.53125 0.71875 0.871875
8 0.62109375 0.4703125 0.14375 0.1578125
8 0.7375 0.10546875 0.1734375 0.16875
8 0.3125 0.09921875 0.0984375 0.16875
8 0.20234375 0.21875 0.121875 0.121875
8 0.20859375 0.378125 0.084375 0.084375
8 0.1875 0.5078125 0.1046875 0.096875
8 0.22421875 0.62421875 0.0921875 0.13125
8 0.484375 0.84765625 0.1359375 0.1515625
8 0.634375 0.8765625 0.146875 0.178125
8 0.77890625 0.90234375 0.1140625 0.1578125
2 0.4265625 0.59453125 0.2078125 0.3578125
2 0.38125 0.76171875 0.084375 0.1375
2 0.42109375 0.41796875 0.071875 0.121875
2 0.5078125 0.684375 0.1484375 0.1203125
8 0.43984375 0.2828125 0.11875 0.128125