6 1 0.22470085312500002 0.91592529375 0.1704959828125 0.7962799875 0.1268874703125 0.6912679171875 0.0980074734375 0.535148234375 0.0701547359375 0.51904173125 0.06902845937499999 0.3330408234375 0.06904200625 0.161184975 0.10009835 0.059606595312499996 0.134111078125 0.028164832812500002 0.154428240625 0 0.530036284375 0 0.7809061500000001 0.000017732812499999998 0.780944084375 0.0284621453125 0.8034910015625 0.1244545578125 0.8493613328125 0.33106341875 0.9186298718750001 0.48898565156249996 0.9375044484374999 0.6846398390624999 0.9394385562500001 0.813976815625 0.9191142625 0.950553084375 0.8699277765625 0.9655904468750001 0.8602108718749999 0.9754075578125001 0.8243499875 0.9783413234375 0.7823951874999999 1 0.40022714375 1 0.22470085312500002
5 0.665625 0.8375 0.409375 0.18125
5 0.44140625 0.7859375 0.1796875 0.1578125
5 0.2234375 0.8 0.2953125 0.178125
5 0.27421875 0.70546875 0.246875 0.1515625
5 0.07890625 0.66953125 0.1578125 0.2171875
5 0.13125 0.4671875 0.2625 0.309375
5 0.325 0.42578125 0.3078125 0.1875
5 0.32578125 0.2609375 0.4125 0.228125
5 0.66875 0.325 0.28125 0.2046875
5 0.84296875 0.3796875 0.25 0.203125
5 0.90859375 0.46171875 0.1828125 0.2484375
5 0.8015625 0.6765625 0.3828125 0.1765625
5 0.590625 0.51796875 0.4359375 0.2640625
5 0.4859375 0.65546875 0.2484375 0.175