6 0.3033854171875 0.91796875 0.4986979171875 0.931640625 0.6627604171875 0.9140625 0.76953125 0.892578125 0.8919270828125001 0.857421875 0.9895833328125001 0.8037109375 0.9973958328125001 0.2119140625 0.9895833328125001 0.1728515625 0.9752604171874999 0.162109375 0.8424479171874999 0.103515625 0.71484375 0.07421875 0.51953125 0.0625 0.3606770828125 0.0703125 0.1497395828125 0.125 0.05078125 0.1640625 0.0208333328125 0.1845703125 0.0078125 0.2080078125 0.0026041671875 0.2939453125 0.0052083328125 0.8115234375 0.03515625 0.833984375 0.1341145828125 0.875 0.3033854171875 0.91796875
5 0.6890625 0.175 0.4 0.15390625
5 0.46171875 0.2109375 0.17109375 0.14765625
5 0.2453125 0.18125 0.28359375 0.15859375
5 0.2890625 0.27890625 0.23671875 0.13515625
5 0.08203125 0.3 0.1640625 0.20625
5 0.12578125 0.50703125 0.2515625 0.29140625
5 0.3203125 0.56171875 0.296875 0.16640625
5 0.309375 0.7265625 0.3984375 0.20078125
5 0.65625 0.68671875 0.2703125 0.18671875
5 0.83359375 0.64375 0.2375 0.18828125
5 0.9109375 0.56640625 0.178125 0.2359375
5 0.81328125 0.34453125 0.3734375 0.1515625
5 0.59140625 0.48828125 0.42109375 0.2359375
5 0.496875 0.34375 0.23828125 0.159375