6 0.24134498437500002 0 0.19271540468749998 0.067399809375 0.1429049046875 0.184598853125 0.1085685796875 0.2879555453125 0.072583340625 0.442403571875 0.0706156578125 0.45842905624999997 0.060894649999999995 0.6441757671875 0.0829141921875 0.8174214546874999 0.11156410624999999 0.9206407140625 0.130207890625 0.9531027046875 0.49689376249999995 1 0.7667363015625 1 0.77839669375 0.9867751203124999 0.8292280140624999 0.8933149296874999 0.9092146968750001 0.6906144546874999 0.9363284171874999 0.5338964671875 0.9484996234375 0.33861164062500004 0.9349721578124999 0.2083882234375 0.8930009296874999 0.06942490625 0.8840843375 0.05389960781250001 0.8487863859375 0.0422191390625 0.807042625 0.03709365 0.46799647968749997 0 0.24134498437500002 0
5 0.8453125 0.35234375 0.2 0.415625
5 0.78203125 0.5734375 0.1671875 0.1875
5 0.78515625 0.79140625 0.1921875 0.3015625
5 0.69375 0.7359375 0.1640625 0.2515625
5 0.646875 0.92265625 0.225 0.1546875
5 0.44765625 0.86328125 0.3203125 0.2734375
5 0.4171875 0.67109375 0.2015625 0.315625
5 0.2515625 0.66171875 0.246875 0.421875
5 0.33359375 0.321875 0.2171875 0.2890625
5 0.39765625 0.1515625 0.215625 0.2578125
5 0.484375 0.09375 0.25625 0.1875
5 0.6921875 0.2078125 0.1953125 0.3890625
5 0.52265625 0.4109375 0.2859375 0.4453125
5 0.6546875 0.521875 0.1875 0.2546875