6 1 0.2861328125 0.9404296875 0.224609375 0.7548828125 0.08984375 0.5498046875 0.044921875 0.4169921875 0.044921875 0.2783203125 0.0703125 0.1650390625 0.125 0.1123046875 0.1640625 0.046875 0.2353515625 0.001953125 0.3232421875 0.005859375 0.5810546875 0.1083984375 0.7265625 0.1826171875 0.783203125 0.2490234375 0.8125 0.4345703125 0.86328125 0.5458984375 0.869140625 0.6982421875 0.853515625 0.8037109375 0.8203125 0.8916015625 0.771484375 0.9677734375 0.70703125 1 0.6669921875 1 0.2861328125
3 0.4953125 0.3640625 0.57578125 0.4234375
2 0.46953125 0.4328125 0.1546875 0.053125
2 0.64765625 0.39296875 0.10078125 0.06015625
2 0.66796875 0.49921875 0.05390625 0.05390625
2 0.525 0.5140625 0.0296875 0.02109375
2 0.51875 0.53828125 0.034375 0.0203125
2 0.42109375 0.5203125 0.06015625 0.03046875
2 0.5140625 0.64453125 0.06484375 0.03046875
2 0.3828125 0.29453125 0.02890625 0.04140625
2 0.50703125 0.26796875 0.03125 0.04140625
2 0.5421875 0.246875 0.06171875 0.03828125