6 0.5598493312499999 0 0.393220628125 0.0112662640625 0.2532787078125 0.121280090625 0.20060001718749998 0.19836146875 0.1748187265625 0.266209990625 0.13381784375 0.454160265625 0.133794621875 0.558210328125 0.134382378125 0.5694254046875 0.1573696046875 0.71695969375 0.19604703437499998 0.8205461859375 0.24940808125 0.9057608921875 0.31775940468749997 0.9784551609375001 0.347599309375 1 0.5130929578125001 1 0.7402456671875 0.98809543125 0.798089075 0.925900875 0.9229592359375 0.733555196875 0.9567898265625001 0.5282083828124999 0.9496339734375001 0.3916665640625 0.9175223640624999 0.2566236234375 0.8569811296875001 0.14635974375 0.8152122593750001 0.0957420125 0.7405965703125 0.034132974999999996 0.6641914859375 0 0.5598493312499999 0
3 0.63515625 0.48828125 0.4515625 0.596875
2 0.565625 0.46640625 0.0609375 0.1578125
2 0.61484375 0.6421875 0.065625 0.1046875
2 0.509375 0.66796875 0.0578125 0.0578125
2 0.4875 0.52578125 0.0234375 0.0328125
2 0.4625 0.52109375 0.021875 0.0359375
2 0.47578125 0.421875 0.034375 0.0625
2 0.35625 0.521875 0.0328125 0.0671875
2 0.69921875 0.371875 0.04375 0.0296875
2 0.73203125 0.49453125 0.04375 0.0328125
2 0.7546875 0.52890625 0.040625 0.0640625