6 0.33748411875 0 0.301172575 0.02819640625 0.23539988437499998 0.1032318171875 0.18504529375 0.1902568890625 0.1500065421875 0.2951301 0.132182190625 0.44337675781249997 0.13198619218750002 0.45460551562499996 0.1356406953125 0.5585913828125 0.183175971875 0.744996253125 0.21130943593749998 0.8119036906250001 0.2666461390625 0.8870996515625 0.4103422359375 0.9921625593750001 0.6506424546875 1 0.6692074703124999 1 0.7567085296875 0.9571865328125 0.829128640625 0.8930109749999999 0.8691055328124999 0.8409663671875001 0.9257617343750001 0.7286567984375 0.9531408515625 0.59257544375 0.9555271046874999 0.455867065625 0.914550621875 0.2518260140625 0.7830437609375 0.06395541406250001 0.72306503125 0.00381745 0.5043634265625 0 0.33748411875 0
3 0.6359375 0.50703125 0.43125 0.5828125
2 0.56640625 0.53125 0.05625 0.15625
2 0.609375 0.35390625 0.0625 0.103125
2 0.50390625 0.33203125 0.05625 0.05625
2 0.48671875 0.475 0.021875 0.03125
2 0.46171875 0.48046875 0.0203125 0.034375
2 0.478125 0.57890625 0.0328125 0.0609375
2 0.35546875 0.48359375 0.03125 0.065625
2 0.703125 0.62109375 0.0421875 0.028125
2 0.73203125 0.496875 0.0421875 0.03125
2 0.75390625 0.4625 0.0390625 0.0625