6 1 0.486907034375 0.999892303125 0.48485205468750003 0.9539075859375 0.465748153125 0.9483711906250001 0.43474541718750004 0.9222017609375 0.4018903046875 0.9061893 0.3949062609375 0.8966414953124999 0.3993182515625 0.8861737234374999 0.38617620625 0.83351161875 0.388936109375 0.728400140625 0.361196078125 0.7229618171875 0.350724159375 0.735899425 0.33635549062500003 0.73518389375 0.3227023515625 0.6986406171875 0.3158163796875 0.6838630734375 0.2950769796875 0.6624081421875 0.296201384375 0.645667709375 0.3313053078125 0.6333475609375 0.338796296875 0.6020381687499999 0.3384813484375 0.5974217421875 0.325032646875 0.58007214375 0.3298535109375 0.5751490609375 0.310553465625 0.5536941296875 0.311677871875 0.552156703125 0.30100151406250003 0.541173690625 0.296687596875 0.5324436359375 0.3167031734375 0.5218736453124999 0.3016106796875 0.50062315 0.30663598125 0.43728883749999997 0.29235294375 0.2006878671875 0.2186972390625 0.1753320390625 0.22002608281249997 0.136842459375 0.1946619609375 0.107892390625 0.20204658593749997 0.042607628125000005 0.1878657671875 0.0082959 0.186241309375 0 0.186676078125 0 0.40242109687500005 0.043260956249999996 0.4802244296875 0.0514550375 0.5619388203125 0.068898559375 0.596229140625 0.0675614234375 0.60803405 0.0778247578125 0.6172751984375 0.077297078125 0.6818444296874999 0.091657453125 0.7319427734375 0.09462179375 0.788505775 0.12365749374999999 0.8573930703125001 0.16727044687499998 0.9245385031250001 0.20627941249999998 0.9224941296875 0.2115174453125 0.9104847843749999 0.22424646875 0.9107955875 0.2224023859375 0.8942678859375001 0.2520679859375 0.9005363984375 0.2551511328125 0.8847283750000001 0.26705826093749996 0.8880159593749999 0.2803025234375 0.8794986359375001 0.315308375 0.8757082515624999 0.3439517875 0.86247228125 0.362536303125 0.8438960609375 0.41355461406250005 0.8470897203125001 0.43038482499999997 0.8696773500000001 0.47093536406250003 0.859728965625 0.499476559375 0.8445425468750001 0.5150842921875001 0.8251444296875 0.5105742296875 0.795065809375 0.61826605625 0.7600848390625 0.693515790625 0.740494725 0.851910978125 0.74001680625 0.880656609375 0.728731284375 0.9181322953125 0.6974301859375001 0.968332859375 0.685020259375 1 0.6852228031250001 1 0.486907034375
2 0.08203125 0.3796875 0.096875 0.2578125
2 0.09453125 0.56171875 0.084375 0.0734375
2 0.1125 0.64765625 0.08125 0.0921875
2 0.1875 0.79375 0.059375 0.1609375
2 0.26796875 0.81640625 0.04375 0.0640625
2 0.3484375 0.74921875 0.05625 0.059375
2 0.42890625 0.64609375 0.0953125 0.0484375
2 0.68203125 0.69453125 0.0859375 0.1046875
2 0.61796875 0.7234375 0.0625 0.05
2 0.84921875 0.63046875 0.08125 0.175
2 0.8765625 0.5078125 0.221875 0.134375
2 0.97890625 0.60546875 0.0421875 0.1671875
2 0.36796875 0.38359375 0.128125 0.078125
2 0.19765625 0.28125 0.06875 0.121875
4 0.13515625 0.29296875 0.090625 0.171875
4 0.21640625 0.42109375 0.18125 0.20625
4 0.25546875 0.61484375 0.21875 0.1890625
4 0.140625 0.715625 0.0734375 0.09375
4 0.246875 0.77734375 0.078125 0.134375
4 0.4015625 0.8046875 0.2015625 0.103125
4 0.503125 0.73515625 0.1671875 0.1015625
4 0.51484375 0.52421875 0.303125 0.228125