6 0.574924340625 0 0.5038235609374999 0.0428490328125 0.42244491718750005 0.053889912500000005 0.38878425625 0.0725195234375 0.3769398734375 0.0715951875 0.36806253906249997 0.08217478125 0.3035142265625 0.08390085625 0.2539475703125 0.10000089062499999 0.1975224796875 0.1049374453125 0.1296904796875 0.1363595890625 0.0641080203125 0.18228931718750002 0.06751254062499999 0.221203171875 0.0796973765625 0.22601889375 0.0798309984375 0.238751009375 0.096284275 0.23633124218749998 0.09105489375 0.26619753749999997 0.10696088906250001 0.268727115625 0.104090859375 0.2807417234375 0.11306521249999998 0.29368066875 0.118074975 0.3285329125 0.132302521875 0.3566969484375 0.15151601718750002 0.37462184062500004 0.1501048171875 0.42572053125 0.1281183125 0.44332878593749997 0.13947583125000002 0.4835074296875 0.1556490703125 0.5115012390625 0.17558007343749998 0.5264224796875 0.20548297343750002 0.5208654375 0.2442010234375 0.6272708406249999 0.26640538281250004 0.7017910515625 0.272410921875 0.86007306875 0.28469277656249997 0.88840733125 0.3172826890625 0.9247677953125001 0.33143703125 0.9745046765625001 0.33216411562500003 1 0.521830475 1 0.5325847078125 0.9990591265625 0.550072128125 0.95243570625 0.5808627609375 0.945820703125 0.6127845578125 0.9185205875 0.6192055203125 0.9022741406250001 0.6144630046875 0.8928861296875 0.6272317234375 0.8819660828125 0.6226356203125001 0.829432378125 0.646690415625 0.72341681875 0.6569661609375 0.7176163437499999 0.67177759375 0.7300446109375 0.6853974421875 0.728853028125 0.691003878125 0.6920916953125 0.711214915625 0.6765993578125 0.7093424296874999 0.6551967375000001 0.6736756578125 0.6396916125 0.6657592640625001 0.6276404015625 0.664981340625 0.596339090625 0.6782607375 0.591256121875 0.6728373171875 0.5740853390625 0.6919537921875001 0.56849169375 0.69008130625 0.5470890734375 0.700697503125 0.5451799828125 0.7046254921874999 0.5340531078125 0.684317434375 0.5260269046875 0.6990318453125 0.5149366328125 0.6932679734375 0.4938744640625 0.705331975 0.4300802609375 0.7706855546875 0.191052875 0.7684726171875 0.16575886875 0.7924780203124999 0.12640754062499998 0.7840875515625 0.097732828125 0.7959813265625 0.03199293125 0.7963781296875 0 0.574924340625 0
2 0.60546875 0.078125 0.259375 0.10625
2 0.42421875 0.09765625 0.075 0.0875
2 0.3390625 0.11796875 0.0953125 0.084375
2 0.1953125 0.1984375 0.1609375 0.065625
2 0.17578125 0.27890625 0.065625 0.0453125
2 0.24609375 0.3578125 0.0609375 0.0578125
2 0.3515625 0.43359375 0.0515625 0.096875
2 0.31171875 0.6890625 0.10625 0.0890625
2 0.28046875 0.62578125 0.0515625 0.0625
2 0.38203125 0.85390625 0.178125 0.0859375
2 0.50546875 0.8765625 0.1421875 0.225
2 0.4109375 0.97890625 0.16875 0.0421875
2 0.61171875 0.3640625 0.0828125 0.13125
2 0.7078125 0.18984375 0.1234375 0.071875
4 0.69453125 0.12890625 0.1734375 0.0953125
4 0.56875 0.2140625 0.2109375 0.1890625
4 0.37734375 0.26015625 0.1953125 0.2234375
4 0.271875 0.1484375 0.096875 0.0765625
4 0.21328125 0.25703125 0.1375 0.0828125
4 0.1921875 0.4125 0.109375 0.2046875
4 0.26484375 0.5109375 0.1078125 0.1703125
4 0.4765625 0.515625 0.2375 0.309375