6 0.6357421875 0 0.5439453125 0.044921875 0.4619140625 0.048828125 0.4267578125 0.064453125 0.4150390625 0.0625 0.4052734375 0.072265625 0.3408203125 0.068359375 0.2900390625 0.080078125 0.2333984375 0.080078125 0.1630859375 0.10546875 0.09375 0.1455078125 0.09375 0.1845703125 0.10546875 0.1904296875 0.1044921875 0.203125 0.12109375 0.2021484375 0.11328125 0.2314453125 0.12890625 0.2353515625 0.125 0.2470703125 0.1328125 0.2607421875 0.134765625 0.2958984375 0.146484375 0.3251953125 0.1640625 0.3447265625 0.158203125 0.3955078125 0.134765625 0.4111328125 0.142578125 0.4521484375 0.15625 0.4814453125 0.1748046875 0.498046875 0.205078125 0.4951171875 0.234375 0.6044921875 0.25 0.6806640625 0.2421875 0.8388671875 0.251953125 0.8681640625 0.28125 0.9072265625 0.291015625 0.9580078125 0.2890625 0.9912109375 0.2958984375 1 0.4892578125 1 0.5107421875 0.955078125 0.5419921875 0.951171875 0.576171875 0.9267578125 0.583984375 0.9111328125 0.580078125 0.9013671875 0.59375 0.8916015625 0.59375 0.8388671875 0.626953125 0.7353515625 0.6376953125 0.73046875 0.6513671875 0.744140625 0.6650390625 0.744140625 0.673828125 0.7080078125 0.6953125 0.6943359375 0.6953125 0.6728515625 0.6611328125 0.654296875 0.654296875 0.6416015625 0.65625 0.6103515625 0.669921875 0.6064453125 0.666015625 0.5888671875 0.685546875 0.5849609375 0.685546875 0.5634765625 0.6962890625 0.5625 0.701171875 0.5517578125 0.681640625 0.5419921875 0.697265625 0.5322265625 0.693359375 0.5107421875 0.7109375 0.4482421875 0.796875 0.2158203125 0.796875 0.1904296875 0.82421875 0.1533203125 0.818359375 0.1240234375 0.8359375 0.0595703125 0.841796875 0.0009765625 0.7822265625 0.0078125 0.7490234375 0 0.6357421875 0
2 0.6421875 0.0890625 0.25390625 0.084375
2 0.459375 0.0921875 0.0671875 0.08125
2 0.37265625 0.10546875 0.0890625 0.07578125
2 0.22265625 0.17265625 0.15703125 0.0515625
2 0.19609375 0.2515625 0.0625 0.0421875
2 0.259375 0.3359375 0.0546875 0.05234375
2 0.3578125 0.42109375 0.04453125 0.09375
2 0.29609375 0.671875 0.1 0.0796875
2 0.2703125 0.60625 0.0453125 0.05859375
2 0.3515625 0.8421875 0.1703125 0.07109375
2 0.47265625 0.87578125 0.12421875 0.215625
2 0.36875 0.978125 0.16484375 0.04375
2 0.6234375 0.37421875 0.07109375 0.125
2 0.734375 0.209375 0.11875 0.06171875
4 0.72578125 0.146875 0.1671875 0.08125
4 0.59375 0.22109375 0.196875 0.171875
4 0.3984375 0.25 0.17734375 0.21015625
4 0.303125 0.1296875 0.090625 0.06953125
4 0.2359375 0.2328125 0.13125 0.07109375
4 0.20078125 0.3859375 0.09296875 0.196875
4 0.26484375 0.490625 0.09375 0.1625
4 0.475 0.51328125 0.21328125 0.29140625