6 0.2158203125 0.765625 0.2744140625 0.8046875 0.3564453125 0.830078125 0.5009765625 0.845703125 0.5712890625 0.8359375 0.6728515625 0.802734375 0.7333984375 0.767578125 0.7861328125 0.716796875 0.81640625 0.6787109375 0.849609375 0.6044921875 0.865234375 0.5498046875 0.8671875 0.4912109375 0.86328125 0.4638671875 0.826171875 0.3955078125 0.7724609375 0.33984375 0.5947265625 0.2734375 0.5322265625 0.26171875 0.4462890625 0.259765625 0.3154296875 0.2890625 0.2080078125 0.341796875 0.1640625 0.3837890625 0.125 0.4423828125 0.1015625 0.5283203125 0.099609375 0.5927734375 0.123046875 0.6611328125 0.171875 0.7255859375 0.2158203125 0.765625
6 0.715625 0.4171875 0.08359375 0.09453125
6 0.3171875 0.37578125 0.11875 0.090625
6 0.325 0.6796875 0.075 0.10078125
6 0.4390625 0.709375 0.1171875 0.1078125
6 0.4 0.56484375 0.0625 0.0890625
6 0.28125 0.55625 0.090625 0.0921875
2 0.58671875 0.6390625 0.1265625 0.15078125
2 0.49453125 0.6140625 0.090625 0.078125
2 0.34765625 0.59765625 0.1671875 0.1078125
2 0.3546875 0.4390625 0.1078125 0.1015625
2 0.546875 0.396875 0.128125 0.11015625
2 0.65703125 0.46328125 0.128125 0.10625
2 0.575 0.5453125 0.103125 0.11171875
2 0.47890625 0.52421875 0.09375 0.09921875
6 0.2158203125 0.015625 0.1298828125 0.00390625 0.0009765625 0.0234375 0.0009765625 0.28515625 0.1259765625 0.267578125 0.22265625 0.2216796875 0.2158203125 0.015625
6 0.9990234375 0.302734375 1 0.0537109375 0.9501953125 0.064453125 0.87109375 0.1201171875 0.869140625 0.1708984375 0.888671875 0.2177734375 0.9326171875 0.26171875 0.9990234375 0.302734375