6 0.43463710625 0.09357156875 0.3648093328125 0.11218346875 0.29710713593750004 0.156396628125 0.2541001359375 0.19744190781249998 0.21104549687500002 0.2531680640625 0.17999451093750002 0.3332283296875 0.156250753125 0.46558587031250004 0.15490603281249998 0.48481625624999997 0.1591626671875 0.5471400015625 0.18520026875 0.6507712328124999 0.21604734374999998 0.7136229953125001 0.2630263296875 0.7697712328125 0.2989077234375 0.802627665625 0.370629546875 0.8409271484374999 0.421754821875 0.8594800671874999 0.5010046609375001 0.86502175625 0.5099582890625001 0.8643752234375001 0.5807397640625 0.8321247546875 0.6400149171875 0.7824275828125 0.718657528125 0.609758425 0.7347075109375 0.5482281312499999 0.742650575 0.4626362140625 0.7225533546875 0.330051959375 0.677440809375 0.21921319375 0.6386163828125 0.17244570312500002 0.5828902265625 0.1293910640625 0.4987969828125 0.100015959375 0.43463710625 0.09357156875
6 0.5671875 0.72109375 0.1 0.090625
6 0.63671875 0.3265625 0.0984375 0.125
6 0.3328125 0.31328125 0.1046875 0.08125
6 0.2953125 0.42421875 0.1140625 0.1234375
6 0.4421875 0.39609375 0.09375 0.06875
6 0.459375 0.278125 0.1 0.096875
2 0.35546875 0.5765625 0.1578125 0.1359375
2 0.38671875 0.48671875 0.084375 0.0953125
2 0.41328125 0.34140625 0.11875 0.175
2 0.57109375 0.359375 0.1109375 0.115625
2 0.59921875 0.55390625 0.11875 0.1359375
2 0.52578125 0.659375 0.115625 0.1359375
2 0.44921875 0.571875 0.11875 0.1109375
2 0.47734375 0.47734375 0.1046875 0.1
6 1 0.035308771875 0.749868990625 0.0178179078125 0.7491279796875 0.0284148609375 0.7571601046875001 0.143143515625 0.7958477687500001 0.24188353906249999 0.8226922203125 0.24376068593750003 1 0.2502619234375 1 0.035308771875
6 0.905614159375 1 0.9027345390624999 0.979946059375 0.8527239171875 0.89715425625 0.8022026109375 0.8916635671875 0.7540793640625 0.9078774062500001 0.7071756312499999 0.9486502 0.6702751124999999 1 0.905614159375 1