6 0.5172546890625 0.15635113437499998 0.4547971140625 0.15754257031250002 0.43575710624999997 0.1605582109375 0.3059726296875 0.1957473375 0.2289232890625 0.2336578765625 0.177161646875 0.28140553437500004 0.1400208640625 0.3278262109375 0.101876584375 0.39912421249999996 0.0894214015625 0.47030840312500005 0.10143317031250002 0.5336624671875 0.1380257015625 0.6148755015625 0.185773359375 0.6666371437499999 0.23574665781249998 0.7012377765625 0.350095465625 0.7365184203124999 0.48392678437500003 0.7449836859375 0.568500715625 0.7296110203125 0.6283980203125 0.70825939375 0.7935559640625 0.6148669328125 0.8378978531250001 0.5514859453125001 0.8638565874999999 0.47816300156249997 0.8637203 0.4691870953125 0.8512926203125 0.39072181562499997 0.828354440625 0.34140808125 0.7839497296875 0.2732972 0.74809105625 0.24041597343749999 0.688061990625 0.19850939843749998 0.6227608984375 0.1732575984375 0.5172546890625 0.15635113437499998
6 0.72578125 0.5484375 0.0984375 0.10625
6 0.3390625 0.6515625 0.13125 0.1078125
6 0.29921875 0.35 0.0890625 0.1109375
6 0.40703125 0.303125 0.13125 0.1234375
6 0.39140625 0.4515625 0.075 0.0984375
6 0.275 0.47890625 0.1046875 0.10625
2 0.5640625 0.34921875 0.1484375 0.1671875
2 0.4765625 0.38828125 0.1015625 0.090625
2 0.334375 0.42734375 0.18125 0.1328125
2 0.365625 0.5828125 0.1234375 0.11875
2 0.5625 0.59453125 0.14375 0.128125
2 0.6609375 0.51171875 0.14375 0.125
2 0.5671875 0.44375 0.11875 0.1265625
2 0.475 0.4796875 0.1078125 0.1125
6 0.2923160375 1 0.2728602328125 0.8437970078125 0.26865058125 0.8172183109375 0.1669144421875 0.7872836234375 0.051922318749999995 0.7892813249999999 0.041430275 0.7909431015624999 0.074541634375 1 0.2923160375 1
6 1 0.6371781203125 0.9649994953125001 0.6672848234375001 0.9284697843749999 0.7175636578125 0.9165118624999999 0.766916909375 0.9263848781249999 0.816767421875 1 0.8528855890625 1 0.6371781203125