6 0.5723867499999999 1 0.6697626046875 0.997422525 0.696651175 0.9677825671875 0.71777849375 0.8765143515625 0.724208640625 0.6200430109374999 0.652446021875 0.254860615625 0.5675384328125 0.083195559375 0.520676428125 0.026086284375 0.474090684375 0.0025970625 0.4550360234375 0.0022644625000000002 0.42144771875 0.0034086421875000003 0.35118455625 0.430827825 0.35100363125 0.4411929625 0.3654366171875 0.582362225 0.40138645781250004 0.7610273171874999 0.45164570625 0.9032873859375 0.50990486875 0.9789229984375 0.5494638453125 1 0.5723867499999999 1
1 0.5734375 0.84453125 0.0359375 0.0796875
1 0.5359375 0.70078125 0.0609375 0.0703125
1 0.52109375 0.57265625 0.059375 0.1078125
1 0.62890625 0.62265625 0.0578125 0.0640625
1 0.62109375 0.68515625 0.0375 0.071875
1 0.65 0.7734375 0.0546875 0.059375
1 0.66875 0.915625 0.05625 0.0765625
1 0.6453125 0.540625 0.0375 0.0515625
1 0.60859375 0.4921875 0.05 0.0578125
1 0.6484375 0.4875 0.040625 0.0421875
1 0.6921875 0.66171875 0.0296875 0.0546875
1 0.6453125 0.45703125 0.0203125 0.03125
1 0.6171875 0.40703125 0.0265625 0.046875
1 0.5765625 0.3375 0.0421875 0.046875
1 0.5734375 0.2984375 0.034375 0.06875
1 0.4578125 0.47265625 0.05625 0.0609375
0 0.671875 0.69921875 0.0890625 0.246875
0 0.56015625 0.22265625 0.046875 0.2375
0 0.484375 0.09765625 0.10625 0.075
0 0.61328125 0.2984375 0.065625 0.1640625
0 0.6640625 0.55546875 0.0640625 0.1
0 0.48125 0.5296875 0.1171875 0.1296875