6 1 0.3569479640625 0.980360765625 0.33645871875 0.8907886421875 0.3090163171875 0.6353905953125001 0.2847112984375 0.266091859375 0.3308252703125 0.08892211718750001 0.40355127968750004 0.0286830296875 0.44631538906249996 0.00200136875 0.491149128125 0.00034039374999999996 0.5101341703125 0 0.5196485359375 0 0.5439246125 0.420615484375 0.64362773125 0.4309427515625 0.64453125 0.5727749281250001 0.639980890625 0.753512534375 0.6165816703125 0.8989319734375 0.5763684109375 0.9784472953125001 0.5235272390625 1 0.48910080625 1 0.3569479640625
1 0.8484375 0.45078125 0.0828125 0.040625
1 0.70234375 0.47890625 0.0734375 0.065625
1 0.57421875 0.48359375 0.1109375 0.0671875
1 0.63125 0.3796875 0.0671875 0.0609375
1 0.69296875 0.3921875 0.075 0.0421875
1 0.78359375 0.36953125 0.0625 0.0578125
1 0.9265625 0.3609375 0.0796875 0.0609375
1 0.55078125 0.3578125 0.0546875 0.040625
1 0.5 0.390625 0.0609375 0.053125
1 0.4984375 0.35078125 0.0453125 0.04375
1 0.675 0.31953125 0.05625 0.0328125
1 0.4671875 0.35234375 0.0328125 0.0234375
1 0.41484375 0.3765625 0.0484375 0.0296875
1 0.34296875 0.4125 0.05 0.0453125
1 0.30390625 0.41328125 0.071875 0.0390625
1 0.46953125 0.540625 0.0640625 0.059375
0 0.7109375 0.34296875 0.2515625 0.1046875
0 0.228125 0.4203125 0.240625 0.0625
0 0.096875 0.4875 0.0828125 0.1109375
0 0.30703125 0.3734375 0.1671875 0.0765625
0 0.56640625 0.340625 0.103125 0.0703125
0 0.528125 0.5203125 0.1375 0.1265625