6 0.2369109953125 0.59375 0.414921465625 0.6328125 0.561518325 0.650390625 0.9947643984375001 0.5869140625 0.9973821984375 0.5361328125 0.9738219890625001 0.4873046875 0.9175392671875 0.439453125 0.7473821984375 0.3515625 0.383507853125 0.2734375 0.1269633515625 0.275390625 0.0353403140625 0.294921875 0.0052356015625 0.3212890625 0 0.4404296875 0.0209424078125 0.4814453125 0.0955497375 0.541015625 0.2369109953125 0.59375
1 0.15703125 0.4203125 0.07890625 0.03359375
1 0.3 0.4609375 0.06953125 0.06015625
1 0.42734375 0.47734375 0.10625 0.05859375
1 0.3796875 0.36875 0.06328125 0.0546875
1 0.3171875 0.37578125 0.07265625 0.03515625
1 0.22890625 0.3453125 0.0578125 0.0515625
1 0.0875 0.32421875 0.075 0.0546875
1 0.46171875 0.35390625 0.05234375 0.03515625
1 0.509375 0.39140625 0.0578125 0.0484375
1 0.51484375 0.3515625 0.04296875 0.0390625
1 0.34140625 0.3046875 0.05390625 0.0296875
1 0.5453125 0.35546875 0.03203125 0.01953125
1 0.5953125 0.384375 0.046875 0.0265625
1 0.6640625 0.4265625 0.0484375 0.040625
1 0.703125 0.43046875 0.0671875 0.03203125
1 0.5265625 0.54296875 0.0578125 0.05546875
0 0.30390625 0.325 0.2453125 0.08359375
0 0.778125 0.44453125 0.2359375 0.04296875
0 0.90234375 0.52265625 0.07265625 0.1046875
0 0.703125 0.390625 0.1609375 0.06171875
0 0.44765625 0.33515625 0.09921875 0.0625
0 0.4703125 0.51796875 0.12890625 0.115625