6 1 0.2926803859375 0.990423415625 0.27273779062500003 0.9659439375 0.250009965625 0.5577603484375 0.07509695 0.374705203125 0.031045325000000002 0.3605178609375 0.02980409375 0.306011871875 0.0393477125 0.1465876625 0.11362625468750001 0.0989428859375 0.14278783125 0.0229766375 0.21554536406249997 0 0.4781695328125 0 0.7597608546875 0.0103724140625 0.77418983125 0.11852947031250001 0.8601151874999999 0.19540903125 0.9001712328125 0.3584829578125 0.96345299375 0.4861001640625 1 0.738081175 1 0.7617520390625 0.992852709375 0.8560202359375 0.9462037109375 0.9122623109375001 0.89720815 0.960101128125 0.8210094937499999 0.9835940890625 0.7093508953125001 1 0.521830475 1 0.2926803859375
1 0.45078125 0.42421875 0.040625 0.0640625
1 0.4234375 0.39765625 0.03125 0.0484375
1 0.72578125 0.50859375 0.046875 0.05625
1 0.82734375 0.634375 0.0546875 0.0625
1 0.62421875 0.64375 0.0390625 0.0546875
1 0.08203125 0.6921875 0.0390625 0.025
1 0.07578125 0.67109375 0.0484375 0.0265625
1 0.1140625 0.6828125 0.0390625 0.025
1 0.1046875 0.6640625 0.0140625 0.025
1 0.3390625 0.45078125 0.0921875 0.0765625
1 0.13671875 0.43046875 0.103125 0.1015625
1 0.28203125 0.7109375 0.0515625 0.0515625
1 0.16484375 0.675 0.078125 0.0765625
1 0.428125 0.75 0.0671875 0.05625
1 0.6015625 0.875 0.09375 0.0859375
1 0.6875 0.72734375 0.0671875 0.059375
1 0.503125 0.5296875 0.1125 0.1
1 0.575 0.3453125 0.075 0.08125
1 0.87265625 0.47265625 0.0875 0.11875
1 0.809375 0.75078125 0.071875 0.078125