6 0.24547972968749998 0 0.1640332765625 0.0364691078125 0.10768715312499999 0.085344975 0.0483725421875 0.1722034734375 0.0130766234375 0.24858590781249998 0.00285475625 0.4436307390625 0.021361934375 0.57563961875 0.0613323359375 0.7459336390625 0.09029899218750001 0.8276397375 0.160335575 0.946702715625 0.20037916875 0.9849837109375 0.48690704218749997 1 0.730488334375 1 0.7979194421875 0.9468683796875 0.8334280921874999 0.903745784375 0.929171321875 0.7562106562500001 0.94620783125 0.70356333125 0.946953175 0.6893413125000001 0.9288066109375 0.5019368453124999 0.8124040125 0.07338248593749999 0.79330425625 0.0459781375 0.7422776515625 0.0120110609375 0.5130929515625 0 0.24547972968749998 0
1 0.56796875 0.559375 0.0625 0.0390625
1 0.590625 0.58984375 0.0484375 0.0296875
1 0.52265625 0.275 0.0546875 0.0453125
1 0.4125 0.1578125 0.0609375 0.053125
1 0.375 0.35703125 0.053125 0.0375
1 0.2515625 0.88671875 0.0234375 0.0390625
1 0.27109375 0.89609375 0.025 0.0484375
1 0.265625 0.85703125 0.0234375 0.0390625
1 0.2828125 0.86875 0.0234375 0.0140625
1 0.5265625 0.66640625 0.0734375 0.0890625
1 0.51796875 0.86953125 0.0984375 0.1
1 0.2609375 0.6859375 0.0515625 0.05
1 0.2796875 0.8078125 0.0734375 0.075
1 0.2421875 0.53671875 0.0546875 0.065625
1 0.14296875 0.34765625 0.0828125 0.0921875
1 0.30078125 0.2828125 0.0578125 0.065625
1 0.4703125 0.49296875 0.0953125 0.109375
1 0.6640625 0.44765625 0.078125 0.071875
1 0.57890625 0.13515625 0.1171875 0.084375
1 0.29453125 0.159375 0.0765625 0.06875