6 0.2744140625 0 0.1962890625 0.03125 0.1064453125 0.0859375 0.0546875 0.1396484375 0.013671875 0.2197265625 0 0.3330078125 0 0.7158203125 0.03125 0.7685546875 0.0576171875 0.7890625 0.4794921875 0.927734375 0.6748046875 0.95703125 0.7333984375 0.94140625 0.8857421875 0.853515625 0.9306640625 0.8203125 1 0.7412109375 1 0.2255859375 0.9638671875 0.18359375 0.8486328125 0.107421875 0.7685546875 0.07421875 0.6005859375 0.025390625 0.4697265625 0 0.2744140625 0
1 0.55546875 0.57109375 0.0359375 0.06015625
1 0.58515625 0.5953125 0.0265625 0.04765625
1 0.27421875 0.5109375 0.04296875 0.053125
1 0.1625 0.39453125 0.0484375 0.05859375
1 0.3640625 0.36796875 0.0359375 0.0515625
1 0.89921875 0.271875 0.0375 0.02265625
1 0.9078125 0.2921875 0.04765625 0.02109375
1 0.86875 0.284375 0.0375 0.02265625
1 0.8796875 0.30234375 0.0125 0.0234375
1 0.66484375 0.53515625 0.08515625 0.06875
1 0.86796875 0.5375 0.09453125 0.09375
1 0.6984375 0.27109375 0.0484375 0.0484375
1 0.81875 0.29609375 0.07265625 0.06953125
1 0.55 0.24453125 0.0625 0.0515625
1 0.36640625 0.13515625 0.0875 0.078125
1 0.29375 0.28984375 0.0625 0.0546875
1 0.49453125 0.4703125 0.1046875 0.0921875
1 0.4390625 0.6609375 0.06875 0.07421875
1 0.13125 0.559375 0.078125 0.1140625
1 0.1703125 0.27734375 0.0671875 0.07265625