6 0.4287109375 0.7421875 0.6513671875 0.77734375 0.8271484375 0.783203125 0.9521484375 0.767578125 0.9609375 0.7587890625 0.9560546875 0.205078125 0.9150390625 0.1875 0.6728515625 0.146484375 0.2978515625 0.16796875 0.1572265625 0.21875 0.033203125 0.3271484375 0.03125 0.5361328125 0.0390625 0.5732421875 0.2919921875 0.693359375 0.4287109375 0.7421875
5 0.109375 0.43984375 0.15234375 0.078125
5 0.0765625 0.359375 0.1015625 0.0921875
5 0.153125 0.2953125 0.128125 0.08359375
5 0.25 0.459375 0.1515625 0.09453125
5 0.3234375 0.3796875 0.13828125 0.09921875
5 0.22265625 0.3375 0.128125 0.0703125
5 0.2953125 0.27265625 0.12734375 0.06015625
5 0.42890625 0.28203125 0.17265625 0.1109375
5 0.565625 0.28046875 0.11640625 0.0625
5 0.7015625 0.29296875 0.10859375 0.0625
5 0.753125 0.26953125 0.096875 0.06015625
5 0.546875 0.19921875 0.18046875 0.08046875
5 0.73125 0.2140625 0.1203125 0.04609375
5 0.83046875 0.22421875 0.090625 0.0578125
5 0.85703125 0.28359375 0.11484375 0.0484375
5 0.8421875 0.32578125 0.140625 0.0625
5 0.81796875 0.37734375 0.146875 0.096875
5 0.928125 0.415625 0.08359375 0.07734375
5 0.9125 0.50703125 0.1125 0.09453125
5 0.790625 0.46640625 0.140625 0.0828125
5 0.79609375 0.58359375 0.1640625 0.13046875
5 0.6515625 0.3484375 0.15234375 0.09609375
5 0.61484375 0.425 0.15078125 0.1015625
5 0.45390625 0.4078125 0.1625 0.07734375
5 0.36328125 0.55 0.1703125 0.14140625
5 0.5734375 0.5625 0.17265625 0.1671875