6 0.085220934375 0.1722905484375 0.00342415625 0.7199482265625 0.0411849875 0.7437261921875 0.2717574578125 0.8213766796874999 0.2807698453125 0.8228041015625 0.6477185234375 0.8595663765625 0.794556134375 0.8314089250000001 0.9340098890625 0.7437465921874999 0.9686313265625 0.5376406984375001 0.966720196875 0.49976605625000003 0.7356949609375001 0.341560790625 0.6082978484375 0.271946296875 0.393882515625 0.20239176718750002 0.232695396875 0.1713253171875 0.2180343984375 0.1690032421875 0.0952767015625 0.16498460625 0.085220934375 0.1722905484375
5 0.8765625 0.6203125 0.1640625 0.1015625
5 0.89609375 0.70546875 0.1171875 0.109375
5 0.8109375 0.75625 0.1390625 0.103125
5 0.740625 0.57890625 0.1625 0.115625
5 0.65546875 0.64609375 0.1515625 0.1203125
5 0.7484375 0.70390625 0.1375 0.0875
5 0.66640625 0.75625 0.1359375 0.0796875
5 0.5359375 0.7265625 0.1890625 0.1359375
5 0.40078125 0.70625 0.1234375 0.0796875
5 0.26875 0.67265625 0.1171875 0.078125
5 0.2140625 0.68828125 0.1046875 0.075
5 0.40703125 0.78984375 0.1921875 0.1078125
5 0.2265625 0.74609375 0.125 0.065625
5 0.13046875 0.7203125 0.0984375 0.071875
5 0.11328125 0.6578125 0.1203125 0.065625
5 0.13515625 0.61875 0.1484375 0.084375
5 0.16640625 0.57109375 0.1609375 0.11875
5 0.0640625 0.51640625 0.0953125 0.090625
5 0.09375 0.42890625 0.1265625 0.1125
5 0.2078125 0.4875 0.1515625 0.103125
5 0.2203125 0.37109375 0.1828125 0.153125
5 0.3265625 0.62578125 0.165625 0.1203125
5 0.375 0.55625 0.165625 0.121875
5 0.53125 0.5984375 0.1734375 0.103125
5 0.64296875 0.471875 0.190625 0.165625
5 0.4375 0.4265625 0.196875 0.19375