6 0.0109598046875 0.29931406250000003 0.0832866109375 0.8483026578124999 0.1261387453125 0.8607512109375 0.3691826046875 0.8718392640625 0.37823931875 0.8707272390625 0.7411060843749999 0.8049206421875 0.874494209375 0.7373800312500001 0.9843827484375 0.614674925 0.9608525265625 0.4070102609375 0.9485757640625 0.3711295984375 0.6828927734375 0.2827321203125 0.541242453125 0.250929778125 0.3159613796875 0.24317054843750002 0.152455303125 0.25773674999999996 0.137722196875 0.2595457484375 0.0186122375 0.28951939531250004 0.0109598046875 0.29931406250000003
5 0.8953125 0.51171875 0.1609375 0.096875
5 0.9375 0.58828125 0.1140625 0.10625
5 0.86953125 0.6609375 0.1375 0.1
5 0.753125 0.51015625 0.1609375 0.1109375
5 0.68984375 0.59765625 0.1484375 0.115625
5 0.7953125 0.62734375 0.1359375 0.084375
5 0.73125 0.70078125 0.134375 0.0765625
5 0.596875 0.7078125 0.1859375 0.13125
5 0.46171875 0.72578125 0.121875 0.0765625
5 0.325 0.7296875 0.115625 0.075
5 0.2765625 0.759375 0.103125 0.071875
5 0.48984375 0.80390625 0.1890625 0.1015625
5 0.30546875 0.81171875 0.1234375 0.0609375
5 0.20546875 0.8140625 0.096875 0.06875
5 0.171875 0.75859375 0.11875 0.0625
5 0.18125 0.71484375 0.146875 0.0796875
5 0.19921875 0.66015625 0.1578125 0.1140625
5 0.08515625 0.6359375 0.09375 0.0875
5 0.08984375 0.54296875 0.1234375 0.1078125
5 0.215625 0.56875 0.15 0.1
5 0.19609375 0.453125 0.178125 0.1484375
5 0.36796875 0.66875 0.1640625 0.1140625
5 0.3953125 0.58828125 0.1625 0.1171875
5 0.55703125 0.5859375 0.1703125 0.096875
5 0.6296875 0.43359375 0.1859375 0.1609375
5 0.41953125 0.446875 0.190625 0.1890625