6 0.5 0.5 1 1
5 0.30859375 0.32734375 0.1765625 0.1796875
5 0.66953125 0.40859375 0.215625 0.1765625
5 0.56796875 0.20234375 0.175 0.1640625
5 0.1203125 0.21015625 0.1796875 0.1484375
5 0.4953125 0.65703125 0.1921875 0.178125
5 0.934375 0.60859375 0.1 0.11875
1 0.4421875 0.42734375 0.0828125 0.1078125
1 0.259375 0.2859375 0.0671875 0.0703125
1 0.16953125 0.29375 0.1015625 0.0984375
1 0.10625 0.59921875 0.1375 0.1375
1 0.82890625 0.671875 0.1421875 0.1453125
1 0.625 0.0953125 0.078125 0.125
1 0.696875 0.05390625 0.1375 0.1078125
1 0.86640625 0.0859375 0.1125 0.075
1 0.8921875 0.33046875 0.0921875 0.115625
1 0.978125 0.4609375 0.04375 0.15
1 0.6421875 0.75390625 0.09375 0.128125
1 0.6703125 0.2046875 0.1078125 0.1296875
4 0.1234375 0.8125 0.1703125 0.1875
4 0.55703125 0.93046875 0.1328125 0.1390625
4 0.78515625 0.91484375 0.115625 0.1328125
4 0.525 0.35703125 0.209375 0.1328125
4 0.20703125 0.39296875 0.1765625 0.1421875
4 0.2703125 0.10234375 0.1859375 0.140625
4 0.865625 0.56796875 0.1484375 0.1296875