6 0.5 0.5 0.99609375 1
5 0.32421875 0.3109375 0.1625 0.16484375
5 0.6765625 0.4234375 0.2015625 0.1578125
5 0.59375 0.209375 0.1625 0.15078125
5 0.146875 0.178125 0.1703125 0.13515625
5 0.48125 0.65625 0.17734375 0.16328125
5 0.9234375 0.64609375 0.090625 0.11171875
1 0.4484375 0.42265625 0.07578125 0.10078125
1 0.27890625 0.265625 0.06015625 0.065625
1 0.1890625 0.265625 0.09375 0.090625
1 0.09921875 0.56484375 0.12578125 0.12578125
1 0.8125 0.7 0.1296875 0.13515625
1 0.66015625 0.1078125 0.06875 0.11875
1 0.7359375 0.06875 0.12734375 0.10625
1 0.90078125 0.11953125 0.1078125 0.065625
1 0.90546875 0.365625 0.08359375 0.10859375
1 0.98203125 0.503125 0.03515625 0.146875
1 0.61953125 0.765625 0.08359375 0.12265625
1 0.6953125 0.2203125 0.09609375 0.1203125
4 0.09765625 0.778125 0.15625 0.17421875
4 0.5203125 0.934375 0.12109375 0.13125
4 0.74765625 0.93828125 0.1046875 0.1234375
4 0.5375 0.359375 0.2 0.115625
4 0.2171875 0.36796875 0.16640625 0.128125
4 0.30625 0.08359375 0.1734375 0.12578125
4 0.85859375 0.59921875 0.13828125 0.11875