6 0.5 0.5 1 1
5 0.29375 0.3453125 0.18125 0.1796875
5 0.4421875 0.68359375 0.1796875 0.21875
5 0.22109375 0.6234375 0.165625 0.1765625
5 0.14296875 0.1828125 0.1515625 0.18125
5 0.653125 0.46484375 0.1796875 0.19375
5 0.68984375 0.90546875 0.1203125 0.1015625
1 0.41796875 0.45703125 0.109375 0.0859375
1 0.24375 0.3046875 0.071875 0.0671875
1 0.234375 0.215625 0.1 0.103125
1 0.52265625 0.09453125 0.1390625 0.1390625
1 0.73125 0.78984375 0.146875 0.1453125
1 0.1265625 0.7 0.125 0.08125
1 0.09609375 0.7796875 0.11875 0.1390625
1 0.16328125 0.93828125 0.0765625 0.1140625
1 0.40859375 0.9171875 0.1171875 0.09375
1 0.553125 0.9765625 0.15 0.046875
1 0.7765625 0.59140625 0.1296875 0.0953125
1 0.2421875 0.7234375 0.13125 0.109375
4 0.734375 0.07890625 0.190625 0.1578125
4 0.93125 0.475 0.1375 0.134375
4 0.946875 0.70078125 0.10625 0.1171875
4 0.3640625 0.55234375 0.1359375 0.2109375
4 0.3390625 0.2328125 0.1453125 0.178125
4 0.06875 0.35 0.1375 0.1875
4 0.6359375 0.84609375 0.1328125 0.15