6 1 0.126953125 0.9412202375 0.104631696875 0.6770833328125 0.061383928125 0.450148809375 0.054408482812500006 0 0.146484375 0.0052083328125 0.7646484375 0.0052083328125 0.9150390625 0.0455729171875 0.93359375 0.31640625 1 0.7330729171875 1 0.88671875 0.958984375 0.98046875 0.919921875 0.9973958328125001 0.9033203125 0.9973958328125001 0.7763671875 1 0.5929129468750001 1 0.126953125
3 0.89609375 0.38359375 0.2078125 0.2453125
3 0.51640625 0.31484375 0.28828125 0.11875
3 0.48671875 0.40625 0.16171875 0.16484375
3 0.62890625 0.44921875 0.27890625 0.21796875
3 0.81484375 0.55546875 0.27890625 0.21171875
3 0.58125 0.6359375 0.22890625 0.0921875
3 0.13046875 0.628125 0.17109375 0.13671875
3 0.15703125 0.50703125 0.29609375 0.1796875
3 0.15546875 0.34921875 0.2546875 0.1578125
3 0.1546875 0.22890625 0.215625 0.13125
2 0.3578125 0.425 0.16953125 0.196875
2 0.26328125 0.28359375 0.18046875 0.165625
2 0.56328125 0.23984375 0.1859375 0.1171875
2 0.71640625 0.1609375 0.16015625 0.0796875
2 0.61953125 0.55859375 0.23828125 0.13515625
2 0.8125 0.72890625 0.21171875 0.146875
2 0.259375 0.6421875 0.1875 0.1265625