6 0.20835594687499998 0 0.1547255578125 0.009404884375 0.057927784375 0.0401478890625 0.0396181921875 0.05521098437500001 0.0285534984375 0.181681015625 0.00997015 0.36421018906249997 0 0.478169528125 0 0.8432054125 0.025969723437499998 0.8557563765625 0.285332215625 0.9218606218750001 0.510795234375 0.9485881703124999 0.967256034375 0.896095709375 1 0.481641046875 1 0.113449615625 0.9904576390625 0.1080095796875 0.7374802 0.022003843749999998 0.4859751140625 0 0.20835594687499998 0
3 0.1046875 0.58125 0.209375 0.2625
3 0.4671875 0.6828125 0.2984375 0.14375
3 0.5046875 0.59453125 0.175 0.1796875
3 0.3671875 0.5390625 0.296875 0.240625
3 0.19140625 0.4171875 0.296875 0.234375
3 0.43125 0.3578125 0.234375 0.1109375
3 0.87890625 0.4046875 0.18125 0.1515625
3 0.8421875 0.52265625 0.309375 0.2046875
3 0.83046875 0.68046875 0.2671875 0.1796875
3 0.8203125 0.8 0.2265625 0.15
2 0.63515625 0.58671875 0.1859375 0.2109375
2 0.7171875 0.7359375 0.19375 0.18125
2 0.4140625 0.75390625 0.1953125 0.1328125
2 0.2546875 0.81875 0.1671875 0.0921875
2 0.3859375 0.43125 0.25 0.15625
2 0.20859375 0.24453125 0.225 0.1640625
2 0.75234375 0.3796875 0.1984375 0.14375