6 0.1567945875 0 0.1442436234375 0.025969723437499998 0.078139378125 0.285332215625 0.0514118296875 0.510795234375 0.10390429062499999 0.967256034375 0.518358953125 1 0.886550384375 1 0.8919904203125 0.9904576390625 0.97799615625 0.7374802 1 0.4859751140625 1 0.20835594687499998 0.9905951156249999 0.1547255578125 0.9598521109375 0.057927784375 0.9447890156250001 0.0396181921875 0.8183189843750001 0.0285534984375 0.6357898109375 0.00997015 0.521830471875 0 0.1567945875 0
3 0.41875 0.1046875 0.2625 0.209375
3 0.3171875 0.4671875 0.14375 0.2984375
3 0.40546875 0.5046875 0.1796875 0.175
3 0.4609375 0.3671875 0.240625 0.296875
3 0.5828125 0.19140625 0.234375 0.296875
3 0.6421875 0.43125 0.1109375 0.234375
3 0.5953125 0.87890625 0.1515625 0.18125
3 0.47734375 0.8421875 0.2046875 0.309375
3 0.31953125 0.83046875 0.1796875 0.2671875
3 0.2 0.8203125 0.15 0.2265625
2 0.41328125 0.63515625 0.2109375 0.1859375
2 0.2640625 0.7171875 0.18125 0.19375
2 0.24609375 0.4140625 0.1328125 0.1953125
2 0.18125 0.2546875 0.0921875 0.1671875
2 0.56875 0.3859375 0.15625 0.25
2 0.75546875 0.20859375 0.1640625 0.225
2 0.6203125 0.75234375 0.14375 0.1984375