6 0.24939745000000002 0.000758678125 0.192264775 0.0844097328125 0.126820109375 0.252564009375 0.0862128578125 0.480611265625 0.0859551140625 0.4953773828125 0.089075665625 0.6243577390625 0.11813935625000001 0.7498840890625 0.147975678125 0.831146346875 0.23993815000000002 0.9903276406250001 0.47623028125 0.9944521359375 0.5712847625 0.8645808687500001 0.656212253125 0.699371228125 0.6704758390625 0.44176842812499995 0.6508126953125 0.3372426734375 0.6050825375 0.159334140625 0.5149819953125 0.0053944734375 0.24939745000000002 0.000758678125
3 0.3125 0.740625 0.071875 0.2203125
3 0.21953125 0.5203125 0.11875 0.1609375
3 0.37578125 0.54140625 0.1265625 0.1015625
3 0.471875 0.6734375 0.0625 0.184375
3 0.4484375 0.896875 0.0765625 0.1453125
3 0.5515625 0.759375 0.08125 0.1921875
3 0.590625 0.5546875 0.0609375 0.1234375
3 0.62109375 0.44375 0.0671875 0.13125
3 0.49453125 0.45546875 0.0578125 0.10625
3 0.55546875 0.334375 0.059375 0.1359375
3 0.47421875 0.2453125 0.1125 0.125
3 0.40703125 0.34609375 0.084375 0.196875
3 0.3984375 0.146875 0.0625 0.1609375
3 0.328125 0.26328125 0.0875 0.1390625
2 0.3828125 0.70078125 0.0875 0.1609375
2 0.4609375 0.6578125 0.040625 0.1546875
2 0.5921875 0.63828125 0.078125 0.096875
2 0.53828125 0.5671875 0.0421875 0.0734375
2 0.54453125 0.46796875 0.0515625 0.0984375
2 0.61171875 0.37265625 0.0546875 0.075
2 0.55234375 0.33984375 0.028125 0.103125
2 0.48984375 0.3140625 0.0671875 0.1046875
2 0.42421875 0.3734375 0.0609375 0.1109375
2 0.3078125 0.43359375 0.125 0.1140625
2 0.28828125 0.30859375 0.103125 0.2546875
2 0.4171875 0.13984375 0.0734375 0.0765625
2 0.35625 0.53359375 0.078125 0.0671875
2 0.24453125 0.734375 0.0546875 0.0671875
2 0.6078125 0.2890625 0.0359375 0.06875