6 0.47637695625000004 1 0.5580326953125 0.9914176359375 0.634373653125 0.8302109765625 0.66442404375 0.64899379375 0.67490234375 0.5431520359374999 0.6382414703125 0.2877726453125 0.5392381859375 0.1305935953125 0.4332263890625 0.009501071875 0.19819289375 0.0342040875 0.12045393125 0.20079470625 0.09781361718750001 0.28434814375 0.079800865625 0.4119298953125 0.08793356875 0.540691415625 0.0894772828125 0.5553788796875 0.1498056390625 0.7790191921875 0.229656878125 0.9408297125 0.2781434640625 1 0.47637695625000004 1
3 0.2921875 0.2765625 0.090625 0.225
3 0.21953125 0.5046875 0.13125 0.1703125
3 0.37265625 0.46953125 0.134375 0.1125
3 0.45703125 0.3296875 0.078125 0.1875
3 0.4140625 0.109375 0.0875 0.15
3 0.52890625 0.23671875 0.096875 0.1984375
3 0.58515625 0.4375 0.071875 0.128125
3 0.62578125 0.5453125 0.078125 0.1359375
3 0.4984375 0.5453125 0.0671875 0.109375
3 0.56953125 0.66015625 0.071875 0.1390625
3 0.49609375 0.75546875 0.1234375 0.134375
3 0.42109375 0.66171875 0.1015625 0.203125
3 0.4296875 0.8609375 0.075 0.1640625
3 0.34921875 0.75078125 0.0984375 0.1453125
2 0.36640625 0.31015625 0.1 0.1671875
2 0.44765625 0.34609375 0.053125 0.1578125
2 0.5796875 0.35390625 0.0859375 0.103125
2 0.53203125 0.4296875 0.0484375 0.0765625
2 0.546875 0.528125 0.059375 0.1015625
2 0.621875 0.61640625 0.0609375 0.078125
2 0.565625 0.6546875 0.0375 0.1046875
2 0.50625 0.6859375 0.0765625 0.109375
2 0.43515625 0.6328125 0.0703125 0.115625
2 0.31484375 0.5828125 0.134375 0.125
2 0.30625 0.70859375 0.125 0.2625
2 0.44921875 0.865625 0.0796875 0.0828125
2 0.35390625 0.47890625 0.0828125 0.0734375
2 0.225 0.28828125 0.059375 0.0703125
2 0.62578125 0.70078125 0.040625 0.071875