6 0.4908854171875 0.9140625 0.6315104171875 0.908203125 0.7565104171875 0.876953125 0.8372395828125001 0.845703125 0.9947916671874999 0.7509765625 0.9947916671874999 0.5146484375 0.86328125 0.421875 0.6966145828125 0.33984375 0.4388020828125 0.330078125 0.3346354171875 0.3515625 0.1575520828125 0.400390625 0.0052083328125 0.4931640625 0.0052083328125 0.7587890625 0.08984375 0.814453125 0.2591145828125 0.876953125 0.4908854171875 0.9140625
3 0.74375 0.68359375 0.2203125 0.06875
3 0.525 0.7796875 0.16015625 0.115625
3 0.54375 0.6234375 0.1 0.12421875
3 0.67421875 0.525 0.18359375 0.059375
3 0.89765625 0.54453125 0.14375 0.07265625
3 0.75859375 0.44375 0.190625 0.07890625
3 0.553125 0.40859375 0.121875 0.059375
3 0.44140625 0.3796875 0.1296875 0.0640625
3 0.45546875 0.50625 0.10546875 0.0578125
3 0.33359375 0.44765625 0.134375 0.0578125
3 0.24609375 0.53046875 0.1234375 0.11171875
3 0.34765625 0.5953125 0.1953125 0.08203125
3 0.1484375 0.6078125 0.1578125 0.059375
3 0.26640625 0.67578125 0.1375 0.084375
2 0.703125 0.61328125 0.16015625 0.084375
2 0.65859375 0.5359375 0.15546875 0.03828125
2 0.63671875 0.40546875 0.09609375 0.07734375
2 0.56640625 0.4609375 0.0734375 0.0390625
2 0.4671875 0.45625 0.09609375 0.05
2 0.37109375 0.390625 0.0734375 0.05234375
2 0.3390625 0.45078125 0.10390625 0.02734375
2 0.3140625 0.51328125 0.1015625 0.065625
2 0.375 0.578125 0.11015625 0.05859375
2 0.43671875 0.69296875 0.1125 0.1234375
2 0.3125 0.71484375 0.253125 0.09765625
2 0.14140625 0.5890625 0.075 0.07265625
2 0.5359375 0.64296875 0.06640625 0.0765625
2 0.7390625 0.7515625 0.06640625 0.0546875
2 0.2875 0.39609375 0.06953125 0.034375