6 1 0.2138671875 0.8896484375 0.142578125 0.7880859375 0.10546875 0.5947265625 0.080078125 0.5107421875 0.08203125 0.3837890625 0.111328125 0.3583984375 0.125 0.1962890625 0.140625 0.1044921875 0.1796875 0.0498046875 0.21875 0.0439453125 0.232421875 0.0029296875 0.25 0 0.7548828125 0.0185546875 0.76953125 0.0458984375 0.76171875 0.0751953125 0.767578125 0.4814453125 0.939453125 0.5869140625 0.943359375 0.6474609375 0.9375 0.7333984375 0.91015625 0.7470703125 0.890625 0.8193359375 0.86328125 0.9130859375 0.8125 1 0.7470703125 1 0.2138671875
5 0.546875 0.77421875 0.16484375 0.12421875
5 0.3234375 0.7546875 0.18203125 0.12265625
5 0.103125 0.68671875 0.146875 0.10625
5 0.3859375 0.54921875 0.1375 0.09140625
5 0.53203125 0.6265625 0.13984375 0.10859375
5 0.19453125 0.57421875 0.146875 0.0765625
5 0.0625 0.584375 0.12421875 0.08203125
5 0.1203125 0.4578125 0.10859375 0.07578125
5 0.06640625 0.390625 0.12265625 0.05546875
5 0.05390625 0.33125 0.1078125 0.08984375
5 0.2140625 0.34921875 0.11640625 0.06796875
5 0.31171875 0.28984375 0.10234375 0.090625
5 0.1921875 0.25234375 0.1328125 0.06953125
5 0.2375 0.1796875 0.08984375 0.07421875
5 0.40546875 0.21328125 0.11328125 0.05234375
5 0.5109375 0.14609375 0.08984375 0.065625
5 0.5515625 0.2125 0.13125 0.06484375
5 0.45703125 0.2953125 0.09921875 0.0625
5 0.72109375 0.4796875 0.14140625 0.06328125
5 0.77734375 0.58828125 0.15078125 0.11875
5 0.7375 0.38046875 0.14921875 0.07421875
5 0.8 0.2796875 0.14375 0.08203125
5 0.76875 0.1765625 0.1234375 0.075
5 0.6375 0.1515625 0.11796875 0.065625
5 0.93046875 0.35078125 0.1390625 0.115625
5 0.93046875 0.521875 0.11953125 0.046875