6 0.2554392984375 0 0.247435140625 0.009441465625000001 0.25428859843749996 0.0370412109375 0.24741034687500002 0.06611575 0.0614621265625 0.466119921875 0.05387745000000001 0.5713880984374999 0.057620199999999996 0.632102578125 0.08194811874999999 0.7189420109375 0.100990328125 0.7332871875 0.12579538750000002 0.8064630734374999 0.173273875 0.9019282046875 0.23563044843749997 0.9910727843749999 0.4912724609375 1 0.775253284375 1 0.8436056093750001 0.9018849171875001 0.8842368578125 0.8016793859375 0.9163601609375001 0.6093239203125 0.9173392375 0.5253225421875001 0.892490809375 0.39742430781250004 0.8797133828125 0.371572009375 0.8697554375 0.20901608125 0.8339203984375001 0.115911865625 0.796790259375 0.05989441718750001 0.783331203125 0.053561470312500005 0.7671952109375 0.0119573640625 0.4736313609375 0 0.2554392984375 0
5 0.22421875 0.5375 0.1296875 0.1703125
5 0.2515625 0.31484375 0.128125 0.1859375
5 0.32734375 0.096875 0.1109375 0.15
5 0.4546875 0.384375 0.096875 0.140625
5 0.37265625 0.52734375 0.1140625 0.1421875
5 0.43671875 0.1921875 0.08125 0.15
5 0.43046875 0.06171875 0.0859375 0.1234375
5 0.55546875 0.121875 0.078125 0.1125
5 0.62421875 0.0703125 0.0609375 0.125
5 0.684375 0.06015625 0.09375 0.1109375
5 0.6609375 0.21953125 0.071875 0.1171875
5 0.71640625 0.31953125 0.09375 0.1046875
5 0.75859375 0.20078125 0.075 0.1375
5 0.82890625 0.24921875 0.078125 0.09375
5 0.78984375 0.415625 0.05625 0.115625
5 0.853125 0.5234375 0.06875 0.0921875
5 0.78515625 0.56171875 0.0703125 0.1328125
5 0.70625 0.4640625 0.065625 0.1
5 0.5125 0.721875 0.0671875 0.14375
5 0.40234375 0.77421875 0.1234375 0.15625
5 0.6109375 0.74140625 0.078125 0.153125
5 0.709375 0.8078125 0.0859375 0.146875
5 0.8140625 0.7796875 0.0796875 0.128125
5 0.84375 0.64921875 0.0703125 0.1203125
5 0.63359375 0.93125 0.1203125 0.1375
5 0.46328125 0.9296875 0.0515625 0.121875