6 1 0.302087896875 0.9861064875000001 0.3040270015625 0.9579101953125001 0.2941473125 0.57953416875 0.067405915625 0.47563547812499996 0.048859268750000004 0.4148623734375 0.0462351234375 0.32595569687500003 0.061352578125 0.3096986515625 0.07879099375000001 0.2343307953125 0.09581120625 0.13442578125 0.133050778125 0.0392515078125 0.1857476078125 0 0.465036596875 0 0.74400219375 0.064400084375 0.7997148890625 0.1598095578125 0.8505978859375001 0.34775347968750003 0.9026518343750001 0.4311923484375 0.9124060828125 0.5609873109375 0.9010627828125 0.5880335921875 0.8910576546875 0.7507399109375 0.8981459796875001 0.8470798734375 0.8722392890625 0.9066716078124999 0.8411679718749999 0.9143767171875 0.8284446187500001 0.9574395828125001 0.816745834375 1 0.5261576234375 1 0.302087896875
5 0.49140625 0.221875 0.18125 0.1453125
5 0.71015625 0.27265625 0.196875 0.1453125
5 0.91875 0.3703125 0.1609375 0.125
5 0.61953125 0.4671875 0.1484375 0.1109375
5 0.4859375 0.3703125 0.153125 0.128125
5 0.8125 0.46875 0.15625 0.096875
5 0.9390625 0.47734375 0.121875 0.0984375
5 0.8703125 0.59453125 0.11875 0.0890625
5 0.9140625 0.66875 0.1296875 0.0734375
5 0.91796875 0.72890625 0.11875 0.1046875
5 0.7625 0.6890625 0.1234375 0.0828125
5 0.65703125 0.734375 0.1125 0.103125
5 0.7703125 0.78828125 0.1421875 0.0890625
5 0.715625 0.85390625 0.1 0.0875
5 0.55390625 0.796875 0.1203125 0.0671875
5 0.43984375 0.84921875 0.0984375 0.078125
5 0.40859375 0.77734375 0.1390625 0.0828125
5 0.5140625 0.70859375 0.10625 0.075
5 0.278125 0.4890625 0.15 0.08125
5 0.2375 0.37421875 0.1671875 0.1390625
5 0.2484375 0.58515625 0.159375 0.09375
5 0.171875 0.6765625 0.153125 0.1
5 0.1890625 0.7828125 0.134375 0.0921875
5 0.315625 0.82578125 0.1265625 0.08125
5 0.06484375 0.5875 0.1296875 0.134375
5 0.0765625 0.41875 0.125 0.0625