6 0.461129378125 0.11742960625000001 0.29847207343750004 0.10218627656249998 0.1263943359375 0.17581285156249998 0.034026889062499996 0.234149728125 0.0091615125 0.411076071875 0.33078249375 0.8125491 0.3881898375 0.8391218703125001 0.4677991203125 0.11836697656249999 0.461129378125 0.11742960625000001
8 0.10390625 0.40078125 0.1453125 0.15
8 0.2546875 0.37578125 0.146875 0.178125
8 0.30625 0.54609375 0.103125 0.125
8 0.38203125 0.58828125 0.084375 0.109375
8 0.4046875 0.46796875 0.071875 0.115625
8 0.1328125 0.5171875 0.1390625 0.1265625
8 0.21640625 0.6296875 0.125 0.109375
1 0.3375 0.4609375 0.05625 0.0796875
1 0.34765625 0.3890625 0.0828125 0.071875
1 0.27890625 0.3515625 0.0890625 0.0875
1 0.39453125 0.4234375 0.059375 0.090625
1 0.184375 0.50234375 0.0578125 0.04375
1 0.10703125 0.50078125 0.0546875 0.0640625
1 0.2890625 0.6625 0.0703125 0.0734375
1 0.2875 0.71015625 0.090625 0.0796875
1 0.36640625 0.7484375 0.071875 0.090625
1 0.3625 0.80234375 0.0640625 0.084375
1 0.32578125 0.77265625 0.0734375 0.0703125
1 0.334375 0.66953125 0.053125 0.0765625
1 0.3671875 0.54140625 0.059375 0.075
1 0.25234375 0.47734375 0.0546875 0.0890625
1 0.24375 0.5625 0.0578125 0.0828125
6 0.9270868890624999 0.7107191421875 0.9155267 0.5122985156250001 0.915708690625 0.3316830328125 0.9298904015625 0.09355571093750001 0.9204981546875001 0.06996193125 0.918091609375 0.0696237140625 0.8891052171875 0.0679972703125 0.8602621765625 0.083770103125 0.7011389015625 0.3178289703125 0.52844991875 0.59227774375 0.4759231265625 0.6853496359375 0.4677954421875 0.729147334375 0.5335847828125 0.7872986859375 0.695771903125 0.8682502078125 0.8645169171875 0.9025398843750001 0.9501217750000001 0.8828485296874999 0.9600148562499999 0.8194724843750001 0.9270868890624999 0.7107191421875
1 0.82890625 0.45703125 0.0640625 0.0734375
1 0.81171875 0.24921875 0.0546875 0.0765625
1 0.859375 0.22109375 0.053125 0.059375
1 0.90078125 0.15859375 0.0765625 0.1015625
1 0.77109375 0.3703125 0.0734375 0.0890625
1 0.71953125 0.48125 0.0421875 0.0984375
1 0.66796875 0.4671875 0.0703125 0.1171875
1 0.62265625 0.51796875 0.053125 0.10625
1 0.7921875 0.7484375 0.071875 0.065625
1 0.73671875 0.634375 0.0640625 0.0875
1 0.66640625 0.6484375 0.0515625 0.075
1 0.8015625 0.63671875 0.075 0.0890625
1 0.859375 0.61484375 0.0953125 0.140625
1 0.91328125 0.66328125 0.040625 0.0671875
0 0.7390625 0.51015625 0.046875 0.0640625
0 0.72421875 0.5515625 0.05 0.0671875
0 0.659375 0.5375 0.0578125 0.06875
0 0.78203125 0.71328125 0.0484375 0.0765625
0 0.85546875 0.33515625 0.0671875 0.096875
0 0.8328125 0.49296875 0.0546875 0.071875