6 1 0.6976439796875 0.9990234375 0.5209424078125 0.6240234375 0.1675392671875 0.5634765625 0.149214659375 0.5849609375 0.8743455499999999 0.7548828125 0.866492146875 0.9150390625 0.7696335078125001 1 0.6976439796875
8 0.90625 0.54296875 0.12890625 0.13203125
8 0.76015625 0.5890625 0.125 0.1625
8 0.68515625 0.42734375 0.0875 0.11328125
8 0.6046875 0.39609375 0.0734375 0.1
8 0.59921875 0.51875 0.0578125 0.109375
8 0.8609375 0.43203125 0.125 0.11015625
8 0.7625 0.33203125 0.11171875 0.09453125
1 0.66640625 0.51640625 0.046875 0.07265625
1 0.66640625 0.58828125 0.075 0.0625
1 0.73984375 0.61640625 0.08046875 0.07578125
1 0.61484375 0.5609375 0.0484375 0.0859375
1 0.8125 0.45390625 0.05234375 0.03515625
1 0.8890625 0.44453125 0.046875 0.05703125
1 0.6859375 0.31015625 0.06328125 0.065625
1 0.68125 0.2625 0.08125 0.06796875
1 0.59765625 0.23515625 0.06171875 0.0828125
1 0.59375 0.18125 0.05234375 0.07734375
1 0.634375 0.20546875 0.06484375 0.0625
1 0.640625 0.309375 0.0421875 0.07265625
1 0.62578125 0.440625 0.05 0.0671875
1 0.7484375 0.48828125 0.04453125 0.084375
1 0.7453125 0.40234375 0.0453125 0.07734375
6 0.1117621515625 0.724258290625 0.130859375 0.962041884375 0.1435546875 0.9842931937499999 0.1748046875 0.9816753921875 0.201171875 0.962041884375 0.326171875 0.7081151828125 0.458984375 0.412303665625 0.498046875 0.31282722500000004 0.5 0.2683246078125 0.4267578125 0.21989528749999998 0.2548828125 0.162303665625 0.0830078125 0.1518324609375 0.0009765625 0.1832460734375 0 0.24738219843749998 0.047743054687499994 0.3504944734375 0.0868055546875 0.5453752171875 0.1117621515625 0.724258290625
1 0.18046875 0.58828125 0.05390625 0.06796875
1 0.22578125 0.79140625 0.0453125 0.06953125
1 0.1828125 0.8265625 0.0484375 0.05390625
1 0.15078125 0.89375 0.06484375 0.09453125
1 0.25 0.66640625 0.06171875 0.08125
1 0.28515625 0.54921875 0.0296875 0.09453125
1 0.33828125 0.55546875 0.05546875 0.11015625
1 0.37578125 0.49921875 0.03828125 0.1015625
1 0.17578125 0.29453125 0.06328125 0.05703125
1 0.246875 0.4 0.053125 0.08125
1 0.31484375 0.37578125 0.04140625 0.07109375
1 0.18203125 0.40625 0.0640625 0.0796875
1 0.128125 0.4359375 0.078125 0.13125
1 0.06796875 0.39609375 0.03359375 0.0625
0 0.26171875 0.5234375 0.0390625 0.0609375
0 0.27109375 0.48046875 0.0421875 0.0625
0 0.33671875 0.48515625 0.05 0.0625
0 0.19140625 0.328125 0.03984375 0.07109375
0 0.17109375 0.7125 0.05546875 0.08984375
0 0.17109375 0.553125 0.0453125 0.065625