6 0 0.6739470640625 0.0671562171875 0.7394258953125 0.2201658171875 0.8472205265625 0.3824379375 0.8661286562500001 0.38915681874999997 0.8665984859375 0.461140559375 0.145042115625 0.3994629140625 0.15909855 0.0013991875 0.48492966718749997 0 0.5049389796875 0 0.6739470640625
8 0.09140625 0.51484375 0.1375 0.1421875
8 0.234375 0.5703125 0.1359375 0.1703125
8 0.3203125 0.41484375 0.0953125 0.1203125
8 0.403125 0.3890625 0.078125 0.1046875
8 0.4 0.51171875 0.065625 0.1125
8 0.14453125 0.40703125 0.1328125 0.11875
8 0.25 0.3140625 0.11875 0.103125
1 0.3328125 0.5046875 0.0515625 0.0765625
1 0.328125 0.5765625 0.0796875 0.0671875
1 0.25234375 0.59921875 0.084375 0.08125
1 0.38125 0.553125 0.0546875 0.0875
1 0.19140625 0.43203125 0.05625 0.0390625
1 0.115625 0.4171875 0.0515625 0.0609375
1 0.328125 0.29765625 0.0671875 0.0703125
1 0.3359375 0.25078125 0.0859375 0.075
1 0.42109375 0.22890625 0.0671875 0.0875
1 0.42890625 0.17578125 0.0578125 0.08125
1 0.38671875 0.196875 0.0703125 0.0671875
1 0.37265625 0.3 0.0484375 0.075
1 0.37890625 0.43203125 0.0546875 0.071875
1 0.253125 0.47109375 0.05 0.0875
1 0.26171875 0.38515625 0.0515625 0.0796875
6 1 0.20985039374999997 0.9402440953125 0.18204390625 0.768057340625 0.1805002109375 0.59258363125 0.2259621484375 0.5161415984375 0.2691643796875 0.5149856203125001 0.313694834375 0.547013840625 0.4156538171875 0.6588680484375 0.720009284375 0.765850521875 0.9820369937500001 0.7867550484375 1 0.8272808046875 1 0.8359917453125 0.9869417468749999 0.8716293937499999 0.751069534375 0.9090034499999999 0.5743630953125 0.9615649890625001 0.382681934375 1 0.3128990328125 1 0.20985039374999997
1 0.8125 0.61015625 0.059375 0.0703125
1 0.753125 0.81015625 0.05 0.0734375
1 0.79375 0.84765625 0.05 0.05625
1 0.82109375 0.9171875 0.0703125 0.0984375
1 0.7375 0.68359375 0.06875 0.0859375
1 0.7109375 0.5640625 0.0359375 0.096875
1 0.6578125 0.56640625 0.0625 0.1140625
1 0.62421875 0.5078125 0.0453125 0.1046875
1 0.8375 0.31796875 0.0671875 0.0625
1 0.759375 0.41796875 0.059375 0.084375
1 0.69375 0.3890625 0.046875 0.0734375
1 0.8234375 0.42890625 0.0703125 0.0859375
1 0.87578125 0.46171875 0.0875 0.1359375
1 0.93828125 0.4265625 0.0375 0.0640625
0 0.7359375 0.53984375 0.04375 0.0625
0 0.7296875 0.49609375 0.046875 0.065625
0 0.6640625 0.496875 0.0546875 0.065625
0 0.81953125 0.35 0.04375 0.075
0 0.81328125 0.73515625 0.0609375 0.09375
0 0.82421875 0.57578125 0.05 0.06875