6 0.49563654062499996 0 0.076005021875 0.0073246953125 0.06545194843749999 0.018252725 0.0243304265625 0.12445531875 0.008847196875000001 0.205456190625 0.009006268750000001 0.21456938593750002 0.028420834375 0.358794621875 0.062086232812499996 0.4968999890625 0.1051749015625 0.6153066468749999 0.23256613750000002 0.8631211078125001 0.28275029375 0.9403820406250001 0.33500873593749997 1 0.4915203078125 1 1 0.9903840640625001 1 0.7615651953125 0.97924775625 0.6664660140625001 0.8377875703125 0.28411097500000004 0.7279278109375 0.14538216406249999 0.5773801734374999 0 0.49563654062499996 0
5 0.3 0.5625 0.234375 0.3015625
5 0.27421875 0.15390625 0.1625 0.303125
5 0.42734375 0.46015625 0.2171875 0.2640625
5 0.57734375 0.3765625 0.146875 0.1875
5 0.6921875 0.5875 0.134375 0.2171875
5 0.65859375 0.74296875 0.1421875 0.2625
5 0.57890625 0.903125 0.2390625 0.19375
5 0.82109375 0.934375 0.16875 0.1234375
5 0.89921875 0.7890625 0.2015625 0.215625
5 0.84921875 0.51875 0.1671875 0.178125
5 0.72421875 0.29609375 0.19375 0.21875
5 0.5078125 0.09765625 0.171875 0.1953125