6 0.7919921875 0 0.6748046875 0.0234375 0.2900390625 0.158203125 0.1494140625 0.265625 0 0.4150390625 0 0.9150390625 0.0107421875 0.92578125 0.1162109375 0.96875 0.2001953125 0.986328125 0.3505859375 0.96875 0.4892578125 0.9375 0.6083984375 0.896484375 0.8583984375 0.7734375 0.9365234375 0.724609375 1 0.6708984375 0.9990234375 0 0.7919921875 0
5 0.559375 0.70078125 0.29609375 0.23046875
5 0.15 0.71953125 0.3 0.1578125
5 0.45859375 0.571875 0.2609375 0.21171875
5 0.378125 0.4203125 0.184375 0.14375
5 0.590625 0.309375 0.21640625 0.1328125
5 0.74609375 0.3453125 0.259375 0.13828125
5 0.90546875 0.42734375 0.1890625 0.2359375
5 0.93984375 0.18671875 0.11953125 0.1671875
5 0.796875 0.103125 0.21171875 0.20390625
5 0.525 0.15078125 0.17421875 0.16484375
5 0.3 0.271875 0.21484375 0.18984375
5 0.096875 0.484375 0.19375 0.1671875