6 0.49217890468750003 0 0.302875228125 0.0096446984375 0.25256000625 0.07584528125 0.20788754375 0.15641868125 0.098093290625 0.41251584062499996 0.0633692140625 0.5336397796875 0.039419565625 0.6737571078125 0.0301129375 0.8189853109375 0.030589957812500002 0.8280874031250001 0.05168580625 0.9078109046874999 0.0950005796875 1 0.513092946875 1 0.6107199125 0.9948835875 0.7521094796875001 0.8378545640624999 0.85202439375 0.691800259375 0.9664682499999999 0.3005088546875 0.983740509375 0.1822553328125 0.9741889125000001 0 0.49217890468750003 0
5 0.29609375 0.4515625 0.2453125 0.3078125
5 0.29921875 0.853125 0.1734375 0.29375
5 0.43046875 0.5453125 0.2265625 0.271875
5 0.5859375 0.6171875 0.153125 0.1921875
5 0.6859375 0.39921875 0.1421875 0.221875
5 0.64140625 0.24609375 0.1515625 0.265625
5 0.55078125 0.09609375 0.2453125 0.1921875
5 0.78984375 0.05390625 0.1734375 0.1078125
5 0.88046875 0.1828125 0.2140625 0.2234375
5 0.84765625 0.45703125 0.1734375 0.1828125
5 0.73828125 0.6875 0.2015625 0.225
5 0.5359375 0.9 0.178125 0.2