6 0.2802734375 0 0.2041015625 0.0390625 0.0166015625 0.1875 0 0.2041015625 0 0.8505859375 0.0087890625 0.859375 0.2216796875 1 0.9052734375 1 0.99609375 0.9052734375 1 0.1494140625 0.9873046875 0.13671875 0.8193359375 0.04296875 0.7177734375 0 0.2802734375 0
5 0.37890625 0.7203125 0.1578125 0.16015625
5 0.2546875 0.71484375 0.13828125 0.19921875
5 0.1296875 0.58203125 0.17578125 0.13125
5 0.1390625 0.478125 0.14375 0.11875
5 0.19375 0.36484375 0.15078125 0.12109375
5 0.24765625 0.20546875 0.13828125 0.09609375
5 0.28828125 0.13515625 0.1328125 0.1453125
5 0.4296875 0.07890625 0.12578125 0.14921875
5 0.571875 0.06953125 0.13359375 0.12265625
5 0.75625 0.10703125 0.10859375 0.11328125
5 0.33046875 0.2859375 0.128125 0.13984375
5 0.459375 0.321875 0.13125 0.13359375
5 0.54921875 0.24140625 0.09921875 0.13984375
5 0.66796875 0.19609375 0.128125 0.11015625
5 0.8078125 0.27578125 0.1203125 0.16328125
5 0.953125 0.32109375 0.09296875 0.12265625
5 0.84375 0.40234375 0.14765625 0.1296875
5 0.76328125 0.46640625 0.128125 0.09609375
5 0.68828125 0.36171875 0.115625 0.14921875
5 0.35546875 0.47734375 0.14765625 0.15625
5 0.446875 0.54375 0.12109375 0.14375
5 0.559375 0.48984375 0.128125 0.13984375
5 0.5375 0.38828125 0.15234375 0.08203125
5 0.6671875 0.72734375 0.146875 0.1828125
5 0.79375 0.68984375 0.14765625 0.17734375
5 0.9421875 0.5609375 0.115625 0.13671875
5 0.49609375 0.1484375 0.07421875 0.11328125