6 0.155528265625 0 0.010017825 0.20439948437500002 0 0.4912724546875 0 0.90180501875 0.077660021875 0.9816477046875001 0.5353693265625 1 0.8457167171875 1 0.8460532609375001 0.9996861671874999 0.9456081749999999 0.8350915671875001 0.9920952296875001 0.7350905234375 1 0.5087275171875 1 0.2821725125 0.970983415625 0.22036830312500003 0.8291799953125001 0.027802128125 0.8131679328124999 0.01063129375 0.5087275171875 0 0.155528265625 0
5 0.284375 0.37109375 0.1640625 0.1625
5 0.29375 0.24765625 0.203125 0.14375
5 0.43125 0.12734375 0.1375 0.1796875
5 0.534375 0.13984375 0.1234375 0.1484375
5 0.64609375 0.1984375 0.125 0.1546875
5 0.803125 0.2578125 0.1 0.1421875
5 0.871875 0.30078125 0.15 0.1375
5 0.9234375 0.44453125 0.153125 0.1296875
5 0.92734375 0.58671875 0.128125 0.1390625
5 0.88359375 0.76953125 0.1171875 0.1140625
5 0.71953125 0.33828125 0.1453125 0.1328125
5 0.6796875 0.465625 0.1390625 0.1359375
5 0.75703125 0.55859375 0.1421875 0.103125
5 0.79765625 0.678125 0.115625 0.13125
5 0.71328125 0.815625 0.16875 0.128125
5 0.66328125 0.9546875 0.1265625 0.090625
5 0.5859375 0.846875 0.134375 0.1515625
5 0.52421875 0.7640625 0.1 0.13125
5 0.63125 0.69296875 0.153125 0.1203125
5 0.52734375 0.35625 0.1609375 0.153125
5 0.4578125 0.4453125 0.1484375 0.1265625
5 0.5078125 0.559375 0.14375 0.1328125
5 0.61015625 0.54140625 0.0875 0.15625
5 0.2671875 0.659375 0.1875 0.153125
5 0.3 0.78671875 0.18125 0.153125
5 0.4234375 0.93984375 0.1421875 0.1203125
5 0.8515625 0.50859375 0.115625 0.0765625