6 0.4650365953125 0 0.08323939062499999 0.0536580984375 0.0757590640625 0.0635848265625 0 0.22279746406249998 0 0.534963409375 0.0612691265625 0.9709158953125 0.10160420625 1 0.5201001265625 1 0.916760609375 0.9463419015625 0.9275655265625 0.93200329375 0.9970264265625 0.7526217265625 1 0.741471359375 1 0.46503659218750004 0.9645540078125 0.21282525156249998 0.9152705843750001 0.142831125 0.7654534625 0 0.4650365953125 0
5 0.26484375 0.4109375 0.1796875 0.178125
5 0.253125 0.28671875 0.215625 0.1640625
5 0.3671875 0.14453125 0.1546875 0.1921875
5 0.47109375 0.13984375 0.1375 0.159375
5 0.59140625 0.178125 0.140625 0.165625
5 0.75625 0.209375 0.1140625 0.1515625
5 0.83203125 0.23984375 0.1625 0.1515625
5 0.90703125 0.371875 0.1640625 0.14375
5 0.9328125 0.5109375 0.134375 0.15
5 0.925 0.69921875 0.128125 0.1234375
5 0.68828125 0.30234375 0.1578125 0.146875
5 0.67109375 0.43515625 0.1515625 0.1484375
5 0.76328125 0.5125 0.1515625 0.1171875
5 0.82421875 0.62421875 0.128125 0.1421875
5 0.76484375 0.7734375 0.1796875 0.14375
5 0.73984375 0.9234375 0.1359375 0.109375
5 0.64453125 0.8265625 0.1484375 0.1640625
5 0.56953125 0.75625 0.1125 0.140625
5 0.66328125 0.6671875 0.1625 0.1359375
5 0.50234375 0.35390625 0.175 0.16875
5 0.44921875 0.453125 0.159375 0.140625
5 0.51796875 0.55703125 0.15625 0.146875
5 0.615625 0.521875 0.103125 0.1625
5 0.2984375 0.696875 0.2015625 0.1703125
5 0.353125 0.8171875 0.1953125 0.1703125
5 0.50078125 0.9390625 0.1515625 0.121875
5 0.84765625 0.446875 0.121875 0.0890625