6 1 0.417359634375 0.7074861390625 0.1020071203125 0.7032748203125 0.10149003593749999 0.6012050359375001 0.10388455468749999 0.5542500390625 0.23445912500000002 0.5072161000000001 0.09093859843749999 0.0230512390625 0.2816814078125 0 0.4694186875 0 0.841618096875 0.1558924765625 0.9457614812499999 0.1625913578125 0.946584 0.47315293125 0.9750739828125001 0.881995890625 0.7933551703124999 0.9919648046875 0.5960227296875 1 0.513946196875 1 0.417359634375
5 0.13515625 0.33828125 0.225 0.234375
5 0.328125 0.28359375 0.253125 0.2421875
5 0.87734375 0.52109375 0.125 0.16875
5 0.77890625 0.40546875 0.1484375 0.134375
5 0.7703125 0.3125 0.1109375 0.1109375
5 0.7859375 0.62265625 0.1546875 0.159375
5 0.5109375 0.5671875 0.1859375 0.175
3 0.66171875 0.659375 0.1609375 0.2390625
3 0.096875 0.521875 0.19375 0.221875
2 0.59453125 0.45703125 0.328125 0.25