6 1 0.4869070375 0.97957634375 0.097200453125 0.7614740875 0.00125699375 0.7547341484375 0.00161021875 0.44394347031250003 0.0274815140625 0.0728668953125 0.2774344453125 0 0.4875064375 0 0.5059746671875 0.0119222328125 0.6606134609375001 0.3647767796875 0.9279760625 0.369013909375 0.9277540046875 0.46911722187500005 0.90767163125 0.4926848296875 0.7709271328125 0.563926296875 0.9040999015625 1 0.6368465671875 1 0.4869070375
5 0.8875 0.59609375 0.2125 0.221875
5 0.70703125 0.6828125 0.2390625 0.2265625
5 0.12421875 0.54453125 0.1140625 0.1609375
5 0.24140625 0.6421875 0.140625 0.125
5 0.26640625 0.73125 0.1046875 0.1046875
5 0.19765625 0.42890625 0.1453125 0.15
5 0.478125 0.43515625 0.1765625 0.165625
3 0.31328125 0.37109375 0.1453125 0.23125
3 0.90078125 0.40625 0.1984375 0.209375
2 0.41484375 0.55859375 0.315625 0.2296875