6 0.6584821421875 1 0.9068080359374999 0.5426897328125 0.7700892859375 0.478515625 0.9054129468750001 0.44782366093750003 0.9207589281249999 0.34319196406249997 0.634765625 0.004185267187499999 0.46456473281250005 0 0.25530133906249997 0.085100446875 0.0251116078125 0.46875 0.0153459828125 0.7868303578125 0.12276785781249999 1 0.6584821421875 1
5 0.61640625 0.88203125 0.21171875 0.20078125
5 0.69375 0.696875 0.21484375 0.22734375
5 0.525 0.12265625 0.1578125 0.10625
5 0.628125 0.234375 0.11875 0.13359375
5 0.71875 0.2546875 0.10078125 0.09921875
5 0.41328125 0.2015625 0.14375 0.13828125
5 0.434375 0.48125 0.1578125 0.1671875
3 0.36171875 0.3203125 0.225 0.1328125
3 0.428125 0.90625 0.2 0.1875
2 0.55390625 0.41171875 0.21484375 0.30390625