6 0.75 0.8167155421875 0.8046875 0.714076246875 0.865234375 0.5645161296875 0.890625 0.3621700875 0.7724609375 0.258064515625 0.5654296875 0.1935483875 0.4111328125 0.24633431093749997 0.3134765625 0.3225806453125 0.25 0.397360703125 0.2529296875 0.43108504375 0.6748046875 0.8768328453124999 0.7021484375 0.8797653953125 0.75 0.8167155421875
2 0.52578125 0.29921875 0.08046875 0.15625
2 0.64921875 0.3875 0.159375 0.1078125
2 0.59765625 0.47890625 0.10078125 0.06953125
2 0.61015625 0.55859375 0.19296875 0.06953125
2 0.7515625 0.53828125 0.11640625 0.2625
2 0.771875 0.34921875 0.084375 0.0921875
2 0.7609375 0.27578125 0.05625 0.07421875
2 0.609375 0.24921875 0.10625 0.07109375
2 0.415625 0.28125 0.0578125 0.059375
2 0.46796875 0.39609375 0.07578125 0.0859375
2 0.4390625 0.46796875 0.0703125 0.09453125
2 0.36328125 0.4 0.0734375 0.08125
2 0.36171875 0.559375 0.04609375 0.07421875