6 0.21822965 0.7312291578125001 0.302568578125 0.864224125 0.5063953734375 0.8707999953125001 0.663585775 0.834394909375 0.7735164203125 0.7964370265625 0.8399461265625 0.760822790625 0.8445922765624999 0.7314881609375 0.4703926015625 0.24516057343750003 0.4375417671875 0.23699130624999998 0.3537524546875 0.2879881890625 0.2631680359375 0.3725145734375 0.1868946453125 0.5166542609375 0.21822965 0.7312291578125001
2 0.29765625 0.49375 0.1671875 0.103125
2 0.365625 0.6296875 0.1296875 0.1734375
2 0.4640625 0.59296875 0.0859375 0.1109375
2 0.540625 0.61796875 0.1 0.2015625
2 0.4984375 0.7546875 0.278125 0.1546875
2 0.30859375 0.7453125 0.1046875 0.0984375
2 0.2375 0.72265625 0.08125 0.0671875
2 0.23515625 0.56875 0.0859375 0.115625
2 0.296875 0.3828125 0.0671875 0.065625
2 0.40234375 0.45234375 0.096875 0.0890625
2 0.478125 0.43515625 0.1046875 0.0859375
2 0.42265625 0.34921875 0.0921875 0.0859375
2 0.58046875 0.37265625 0.08125 0.05625