6 0.7999381671875 0.70711965 0.904534175 0.5893894890625 0.8546730281249999 0.3916460421875 0.7763506671875 0.25057953125 0.709562215625 0.1553700234375 0.65701710625 0.1013303046875 0.627538196875 0.10494985937500001 0.2631935265625 0.5987037234375 0.2643956390625 0.6325337265625001 0.336512453125 0.6990205390625001 0.44273287968749997 0.7627972421875 0.6023126343749999 0.7963856484375 0.7999381671875 0.70711965
2 0.55 0.69609375 0.0984375 0.1640625
2 0.66171875 0.59375 0.171875 0.125
2 0.59921875 0.509375 0.109375 0.0828125
2 0.60234375 0.428125 0.2 0.09375
2 0.7453125 0.43125 0.146875 0.275
2 0.78828125 0.61640625 0.0953125 0.1015625
2 0.7859375 0.690625 0.0640625 0.0796875
2 0.6390625 0.7359375 0.1140625 0.0828125
2 0.44296875 0.72734375 0.0625 0.065625
2 0.48125 0.60703125 0.0859375 0.0953125
2 0.44375 0.5390625 0.0828125 0.103125
2 0.3765625 0.615625 0.0828125 0.0890625
2 0.35546875 0.4578125 0.0546875 0.0796875