6 0.8832349234375 1 0.8974100265624999 0.9820091734374999 0.9926504359375 0.7463612875 0.9969979859375 0.4972903421875 0.971728603125 0.305468796875 0.956889978125 0.26028106875 0.860368521875 0.138460796875 0.7212647546875 0.05008214062500001 0.6525688374999999 0.030716218750000003 0.6236800078125 0.0302119625 0.545748884375 0.0333445421875 0.4517454109375 0.10300362656249999 0.395668684375 0.1821151265625 0.3360029671875 0.3549282625 0.343493178125 0.5972833953125 0.36420016875 0.7539186390625 0.393536553125 0.86382236875 0.461520446875 0.9978417625 0.570534478125 1 0.8832349234375 1
2 0.64375 0.253125 0.075 0.153125
2 0.53828125 0.178125 0.0671875 0.134375
2 0.509375 0.3109375 0.0609375 0.0984375
2 0.40703125 0.35703125 0.0734375 0.075
2 0.37265625 0.55703125 0.0421875 0.08125
2 0.46875 0.5828125 0.0609375 0.06875
2 0.60234375 0.553125 0.0640625 0.0921875
2 0.70703125 0.6296875 0.1234375 0.1078125
2 0.83984375 0.5078125 0.103125 0.1671875
2 0.77734375 0.87421875 0.090625 0.153125
2 0.5828125 0.83515625 0.08125 0.0765625
2 0.56640625 0.7234375 0.0703125 0.1296875
2 0.51875 0.70625 0.0421875 0.065625
2 0.40234375 0.75 0.059375 0.0984375