6 0.4931640625 1 0.7021484375 0.96875 0.7470703125 0.953125 0.8671875 0.8544921875 0.953125 0.7138671875 0.97265625 0.6396484375 0.966796875 0.5380859375 0.8955078125 0.4453125 0.8154296875 0.390625 0.6416015625 0.333984375 0.3994140625 0.345703125 0.2431640625 0.369140625 0.1337890625 0.400390625 0.0009765625 0.470703125 0 0.8876953125 0.0244140625 0.90625 0.2685546875 1 0.4931640625 1
2 0.74921875 0.6390625 0.1515625 0.07265625
2 0.82265625 0.5328125 0.13203125 0.06640625
2 0.6890625 0.50625 0.09609375 0.059375
2 0.64140625 0.4046875 0.07421875 0.07109375
2 0.440625 0.3734375 0.0828125 0.0421875
2 0.41640625 0.4703125 0.06796875 0.0578125
2 0.4484375 0.603125 0.090625 0.0640625
2 0.37421875 0.709375 0.10625 0.12109375
2 0.4984375 0.83984375 0.16484375 0.1
2 0.13046875 0.78359375 0.15234375 0.0875
2 0.16640625 0.58828125 0.075 0.0796875
2 0.278125 0.5703125 0.128125 0.06796875
2 0.29375 0.52265625 0.06640625 0.040625
2 0.2484375 0.40703125 0.096875 0.05703125