6 1 0.26562500624999996 0.9220917999999999 0.0394502375 0.9044004546875 0.014403496875 0.48762820625 0.0008266484375000001 0.41272344843750003 0.1311043703125 0.377675353125 0.2393221328125 0.348799084375 0.39465899375 0.3286352515625 0.63628998125 0.3791748578125 0.81198894375 0.4310343578125 0.8939268531250001 0.521263328125 0.9684102343750001 0.598923703125 0.9756171203124999 0.62779933125 0.9766254796875 0.6974146375 0.9608813656249999 0.8409531484375 0.8799039578125001 0.9437179062500001 0.763302178125 0.9609011390625 0.7189529734375 0.9961750546875001 0.528716809375 1 0.41918470937499996 1 0.26562500624999996
2 0.63046875 0.75390625 0.0765625 0.1546875
2 0.521875 0.8234375 0.0703125 0.134375
2 0.5 0.6890625 0.0625 0.0984375
2 0.4 0.63828125 0.075 0.0765625
2 0.37578125 0.4359375 0.04375 0.0828125
2 0.4734375 0.415625 0.0609375 0.06875
2 0.6046875 0.45234375 0.065625 0.0921875
2 0.71328125 0.38125 0.125 0.1109375
2 0.83984375 0.51015625 0.10625 0.16875
2 0.79609375 0.140625 0.0921875 0.1546875
2 0.6 0.16953125 0.0828125 0.078125
2 0.578125 0.28046875 0.0734375 0.1296875
2 0.5296875 0.29453125 0.0421875 0.0671875
2 0.415625 0.2453125 0.0609375 0.0984375