6 0.5271679578125 0 0.26770913125 0.0059319109375 0.18088858125 0.0680034671875 0.12613629531249998 0.12072486874999999 0.0578456203125 0.23716881562499997 0.0354683796875 0.298115509375 0.012399518750000001 0.431350909375 0.0083476328125 0.534953028125 0.026151804687500002 0.6596612953125 0.07002446875 0.8229829875 0.10879844062499999 0.9180238875000001 0.173013734375 1 0.47244502343750006 1 0.865117228125 0.99370301875 0.9176731374999999 0.9830185390624999 0.94892331875 0.9268005234375 0.9801784437500001 0.8149098796875001 0.9794285359374999 0.771947675 0.99959271875 0.472303471875 0.99134863125 0 0.8850825203125 0 0.794480525 0.13640679218750001 0.7178138921875 0.052771132812499996 0.6327012125 0 0.5271679578125 0
5 0.63515625 0.44296875 0.1515625 0.2375
5 0.7546875 0.46484375 0.3046875 0.2421875
5 0.55703125 0.309375 0.2046875 0.2203125
5 0.36953125 0.22890625 0.184375 0.18125
5 0.225 0.2953125 0.1265625 0.1828125
5 0.153125 0.41953125 0.11875 0.1984375
5 0.31796875 0.5 0.1390625 0.1953125
5 0.378125 0.4109375 0.1 0.1875
5 0.3328125 0.771875 0.146875 0.196875
5 0.24140625 0.62265625 0.16875 0.15625
5 0.20390625 0.76484375 0.140625 0.125
5 0.23984375 0.87734375 0.1484375 0.221875
5 0.38125 0.92421875 0.146875 0.1515625
5 0.478125 0.7546875 0.09375 0.1703125
5 0.58125 0.76484375 0.165625 0.2046875
5 0.6625 0.8578125 0.190625 0.215625
5 0.48671875 0.9125 0.15625 0.175
5 0.42265625 0.72734375 0.1125 0.203125
5 0.46328125 0.52890625 0.15 0.153125