6 0.1751804296875 0 0.1224627984375 0.0089231265625 0.06328621718750001 0.034125734375 0.047166679687500004 0.0852769046875 0 0.4739759421875 0 0.8033699203125 0.0433743921875 0.845363121875 0.133841665625 0.8938591656250001 0.291682721875 0.9545632562499999 0.4138467828125 0.9853054578125 0.5173048953125 0.9921051390625 0.6522217703125001 0.98308954375 0.71517365 0.9672055515625001 0.8381180234375 0.9114606875 0.896273784375 0.8625192265624999 0.9670805250000001 0.7826625328125 1 0.52603069375 1 0.39726184062500003 0.9675466515625001 0.3301274625 0.8923830031250001 0.24513850937499998 1 0.18889614375 1 0.0576373671875 0.5797664625000001 0.0060391765625 0.4189144640625 0 0.1751804296875 0
5 0.57109375 0.371875 0.25 0.175
5 0.56171875 0.25 0.271875 0.3265625
5 0.69609375 0.46328125 0.240625 0.2265625
5 0.75625 0.6578125 0.1984375 0.2015625
5 0.675 0.79453125 0.1953125 0.1453125
5 0.54375 0.853125 0.209375 0.1390625
5 0.48125 0.68125 0.209375 0.1578125
5 0.57578125 0.63046875 0.196875 0.11875
5 0.2125 0.6375 0.209375 0.165625
5 0.35078125 0.74453125 0.171875 0.1828125
5 0.20625 0.7671875 0.1375 0.153125
5 0.10703125 0.71796875 0.2140625 0.1703125
5 0.0734375 0.57421875 0.146875 0.1609375
5 0.24453125 0.4953125 0.178125 0.1109375
5 0.24453125 0.39140625 0.2203125 0.1859375
5 0.1609375 0.30078125 0.234375 0.2125
5 0.09140625 0.46953125 0.1828125 0.1734375
5 0.265625 0.553125 0.2140625 0.1328125
5 0.4671875 0.53359375 0.1671875 0.1640625