6 1 0.8984375 0.8583984375 0.80078125 0.943359375 0.7255859375 1 0.6376953125 0.998046875 0.2763671875 0.9375 0.1884765625 0.8857421875 0.1328125 0.7705078125 0.0625 0.7099609375 0.0390625 0.5771484375 0.013671875 0.4736328125 0.0078125 0.3486328125 0.0234375 0.1845703125 0.064453125 0.0888671875 0.1015625 0.0009765625 0.16796875 0 0.8564453125 0.009765625 0.9091796875 0.0654296875 0.94140625 0.1767578125 0.974609375 0.2197265625 0.974609375 0.5189732140625 1 1 1 1 0.8984375
5 0.5546875 0.6359375 0.2359375 0.14765625
5 0.53046875 0.75546875 0.2375 0.3
5 0.68984375 0.56015625 0.21640625 0.20234375
5 0.7734375 0.37421875 0.17734375 0.18125
5 0.709375 0.22890625 0.1796875 0.12265625
5 0.58671875 0.1546875 0.196875 0.1171875
5 0.503125 0.31796875 0.19375 0.13671875
5 0.59140625 0.3796875 0.18671875 0.09765625
5 0.23125 0.328125 0.19375 0.1421875
5 0.38203125 0.2390625 0.153125 0.165625
5 0.240625 0.19921875 0.12109375 0.13984375
5 0.12734375 0.23359375 0.21875 0.14609375
5 0.07578125 0.3734375 0.1515625 0.14375
5 0.24609375 0.4734375 0.16875 0.090625
5 0.23359375 0.5765625 0.20234375 0.16328125
5 0.1390625 0.65625 0.21328125 0.18828125
5 0.0875 0.4796875 0.171875 0.153125
5 0.27421875 0.41875 0.20234375 0.10859375
5 0.471875 0.4625 0.14921875 0.14609375