6 0.5140248765625001 0 0 0.04497135 0 0.45929935781250003 0.0080684875 0.5543117984375 0.0206788875 0.5639917515625 0.2091267890625 0.5965193375 0.3988071375 0.6132544125 0.5978840234375 0.5879951 0.9904203375 0.4732686109375 0.960365121875 0.0968514984375 0.9518917124999999 0 0.5140248765625001 0
5 0.82421875 0.465625 0.20625 0.1265625
5 0.8921875 0.409375 0.2109375 0.1140625
5 0.9390625 0.3328125 0.1078125 0.1296875
5 0.95078125 0.26015625 0.06875 0.1171875
5 0.81171875 0.25234375 0.3046875 0.18125
5 0.77109375 0.35859375 0.234375 0.13125
5 0.58984375 0.403125 0.1859375 0.09375
5 0.54453125 0.52578125 0.178125 0.0984375
5 0.2765625 0.56640625 0.2703125 0.115625
5 0.38359375 0.48984375 0.15 0.10625
5 0.17734375 0.465625 0.253125 0.1390625
5 0.190625 0.27265625 0.234375 0.159375
5 0.415625 0.271875 0.21875 0.1703125
5 0.33359375 0.35546875 0.16875 0.096875