6 0.29859407656250003 1 0.5332350671875 0.9900225562499999 0.599268259375 0.5864305062499999 0.6000779234375 0.3857591734375 0.5603513687499999 0.199532165625 0.5051002171875 0.016453040625000002 0.4939555953125 0.005116326562500001 0 0.0236265734375 0 0.419184703125 0.020282517187499998 1 0.29859407656250003 1
5 0.50546875 0.82578125 0.115625 0.2
5 0.4578125 0.8984375 0.103125 0.203125
5 0.3875 0.95234375 0.125 0.0953125
5 0.31640625 0.97265625 0.1140625 0.0546875
5 0.2921875 0.83984375 0.165625 0.296875
5 0.39296875 0.7859375 0.1203125 0.228125
5 0.4140625 0.60078125 0.084375 0.1828125
5 0.53125 0.54140625 0.090625 0.175
5 0.5390625 0.2703125 0.103125 0.265625
5 0.47578125 0.3859375 0.0984375 0.1453125
5 0.4265625 0.18359375 0.1265625 0.2484375
5 0.23671875 0.22109375 0.1484375 0.228125
5 0.26328125 0.44453125 0.1609375 0.2109375
5 0.3359375 0.35234375 0.0890625 0.165625