6 0.58984375 0.404296875 0.3893229171875 0.396484375 0.20182291718749998 0.4296875 0.0169270828125 0.478515625 0.0052083328125 0.4892578125 0.006510417187500001 1 0.9947916671874999 0.9990234375 0.9908854171874999 0.484375 0.58984375 0.404296875
5 0.82578125 0.50625 0.196875 0.10859375
5 0.8984375 0.55625 0.203125 0.096875
5 0.9515625 0.628125 0.096875 0.121875
5 0.9703125 0.7 0.05859375 0.11171875
5 0.83203125 0.71953125 0.2921875 0.15625
5 0.78203125 0.6171875 0.225 0.11328125
5 0.59765625 0.5890625 0.18046875 0.078125
5 0.5421875 0.4703125 0.17265625 0.08359375
5 0.271875 0.453125 0.2640625 0.0921875
5 0.38515625 0.5203125 0.14140625 0.09453125
5 0.18125 0.5625 0.24375 0.1171875
5 0.21171875 0.753125 0.2234375 0.13984375
5 0.4359375 0.734375 0.20625 0.15234375
5 0.346875 0.65859375 0.16171875 0.08359375