6 0.2822265625 0.8125 0.4248046875 0.8333333328125001 0.5302734375 0.8229166671874999 0.5908203125 0.8072916671874999 0.7021484375 0.7473958328125 0.8017578125 0.6588541671875 0.84765625 0.5872395828125 0.861328125 0.5481770828125 0.869140625 0.3763020828125 0.822265625 0.24609375 0.7939453125 0.20572916718749998 0.7470703125 0.1692708328125 0.5478515625 0.0859375 0.4111328125 0.09895833281250001 0.2802734375 0.1536458328125 0.1552734375 0.24479166718749998 0.125 0.29296875 0.095703125 0.3736979171875 0.0625 0.5169270828125 0.06640625 0.5924479171875 0.125 0.6861979171875 0.1669921875 0.7317708328125 0.2822265625 0.8125
5 0.69140625 0.20234375 0.07265625 0.08984375
5 0.77890625 0.30703125 0.0890625 0.08671875
5 0.63515625 0.41015625 0.0859375 0.08515625
5 0.50625 0.22109375 0.0875 0.06328125
5 0.34375 0.21953125 0.07265625 0.05078125
5 0.2515625 0.28359375 0.06171875 0.075
5 0.41953125 0.5390625 0.059375 0.0765625
5 0.44921875 0.690625 0.10234375 0.096875
5 0.5328125 0.50390625 0.08671875 0.09375
5 0.64453125 0.56875 0.06953125 0.11015625