6 0.7308630390624999 0.8491745984374999 0.7709787015625 0.8019414734374999 0.8370625875 0.6777276265625 0.8402202609374999 0.5399756859375 0.8383353937500001 0.52462466875 0.8171723015625 0.43026018437499997 0.794284959375 0.372068825 0.72126809375 0.26886998906250004 0.621247075 0.1807936015625 0.5445726828125 0.14396490625 0.5041351656249999 0.1351554609375 0.347599465625 0.147193184375 0.3307877828125 0.1492574 0.2090640375 0.2107414921875 0.17245170468749998 0.24376991406249998 0.14197774999999999 0.29473866875 0.0835442296875 0.50262825 0.11312983125000001 0.6367410796875 0.1833574453125 0.7599603187499999 0.2890575609375 0.8729207046875 0.3405649421875 0.8970971796875 0.4242627578125 0.9163372687500001 0.5704707578125 0.931837659375 0.64495261875 0.91875685 0.7308630390624999 0.8491745984374999
5 0.18125 0.34609375 0.096875 0.084375
5 0.27421875 0.246875 0.096875 0.0984375
5 0.39453125 0.3765625 0.0953125 0.0953125
5 0.22265625 0.528125 0.075 0.0953125
5 0.240625 0.6890625 0.059375 0.078125
5 0.315625 0.77265625 0.0828125 0.071875
5 0.5484375 0.575 0.084375 0.06875
5 0.6953125 0.52734375 0.1078125 0.1125
5 0.5 0.4671875 0.103125 0.0984375
5 0.55078125 0.3484375 0.1171875 0.0828125