6 0.459824378125 0.06429848437499999 0.3846114796875 0.07215183593749999 0.29405652031249996 0.13557178125 0.2507437625 0.179891521875 0.1761561328125 0.2991930109375 0.1633970609375 0.43638912812499997 0.1642065046875 0.45183423125 0.1787355109375 0.5474451124999999 0.1975078765625 0.6070912609375 0.2631480890625 0.7151321078125 0.3567815640625 0.809971059375 0.4307001421875 0.8520585765625001 0.47042463906250004 0.8636673421875001 0.6274187359375001 0.8625783203124999 0.6443334578125001 0.86169185625 0.770049603125 0.8088485562500001 0.8088766968750001 0.7784545359374999 0.84283181875 0.7297356953125 0.9156246421875001 0.5264286375 0.895466346875 0.3905787140625 0.83400514375 0.2627608 0.736442228125 0.1427023125 0.6867467796875 0.11499175625 0.6045949703125 0.0899600703125 0.459824378125 0.06429848437499999
5 0.80703125 0.67578125 0.0921875 0.078125
5 0.70703125 0.76875 0.090625 0.09375
5 0.596875 0.63046875 0.090625 0.090625
5 0.77890625 0.49140625 0.06875 0.090625
5 0.771875 0.32890625 0.0546875 0.075
5 0.703125 0.240625 0.078125 0.065625
5 0.45703125 0.421875 0.08125 0.0640625
5 0.30703125 0.459375 0.1015625 0.10625
5 0.49765625 0.5328125 0.0984375 0.0921875
5 0.4390625 0.64765625 0.1125 0.0765625