6 0.5186722953125 0 0.46465335156250004 0.029293124999999996 0.4055961984375 0.0722205296875 0.36886650625 0.1149377140625 0.32832839687500004 0.188671965625 0.298095778125 0.285317290625 0.2405705421875 0.5871483343749999 0.23721636093749998 0.61446594375 0.21090786874999998 0.8885632609374999 0.2507855046875 0.9377349531249999 0.3111199265625 0.98056335625 0.46941868593749997 1 0.509642321875 1 0.55981634375 0.9530495531250001 0.5965795671875 0.8886907687500001 0.6713624671875 0.48904435 0.6733357015625 0.472973646875 0.690770825 0.1643015578125 0.6507892875 0.030502025 0.6035831390624999 0.008963496875000001 0.5305813125000001 0 0.5186722953125 0
2 0.41015625 0.76328125 0.1046875 0.1203125
2 0.31875 0.75234375 0.059375 0.0671875
2 0.3796875 0.83515625 0.08125 0.078125
2 0.37265625 0.56171875 0.1046875 0.13125
2 0.3875 0.63203125 0.1140625 0.1140625
2 0.3609375 0.3921875 0.1390625 0.0796875
2 0.484375 0.46015625 0.096875 0.121875
2 0.578125 0.271875 0.1453125 0.0875
2 0.47578125 0.23984375 0.11875 0.1296875
2 0.48359375 0.1421875 0.1734375 0.10625