6 1 0.37109375 0.96484375 0.3059895828125 0.9208984375 0.2604166671875 0.6259765625 0.2526041671875 0.3115234375 0.2734375 0.2119140625 0.2916666671875 0.1337890625 0.3229166671875 0.0869140625 0.3541666671875 0.037109375 0.4075520828125 0 0.4596354171875 0 0.54296875 0.015625 0.5924479171875 0.1435546875 0.6484375 0.4599609375 0.6692708328125 0.8740234375 0.6432291671875 0.9423828125 0.6145833328125 1 0.56640625 1 0.37109375
2 0.771875 0.44296875 0.109375 0.09296875
2 0.77265625 0.35078125 0.0609375 0.05078125
2 0.84765625 0.42109375 0.0703125 0.07265625
2 0.5765625 0.38125 0.1234375 0.09140625
2 0.64453125 0.4046875 0.10234375 0.10234375
2 0.41015625 0.34921875 0.06484375 0.13203125
2 0.4625 0.4796875 0.1125 0.08515625
2 0.2640625 0.55 0.0703125 0.1390625
2 0.24453125 0.44453125 0.11640625 0.10390625
2 0.146875 0.43984375 0.0890625 0.16484375