6 1 0.490357678125 0.9530495531250001 0.44018365625 0.8886907687500001 0.4034204328125 0.48904435 0.3286375328125 0.472973646875 0.3266642984375 0.1643015578125 0.30922917499999997 0.030502025 0.3492107125 0.008963496875000001 0.3964168609375 0 0.4694186875 0 0.4813277046875 0.029293124999999996 0.5353466484375 0.0722205296875 0.5944038015625 0.1149377140625 0.6311334937499999 0.188671965625 0.671671603125 0.285317290625 0.701904221875 0.5871483343749999 0.7594294578125 0.61446594375 0.7627836390625 0.8885632609374999 0.78909213125 0.9377349531249999 0.7492144953125 0.98056335625 0.6888800734375 1 0.5305813140625 1 0.490357678125
2 0.76328125 0.58984375 0.1203125 0.1046875
2 0.75234375 0.68125 0.0671875 0.059375
2 0.83515625 0.6203125 0.078125 0.08125
2 0.56171875 0.62734375 0.13125 0.1046875
2 0.63203125 0.6125 0.1140625 0.1140625
2 0.3921875 0.6390625 0.0796875 0.1390625
2 0.46015625 0.515625 0.121875 0.096875
2 0.271875 0.421875 0.0875 0.1453125
2 0.23984375 0.52421875 0.1296875 0.11875
2 0.1421875 0.51640625 0.10625 0.1734375