6 0.2792085390625 0 0.2713110859375 0.0043317734375 0.1319494515625 0.09859362187500001 0.053982581249999995 0.20076409687500002 0.003150775 0.315128753125 0.000979109375 0.5514549718749999 0.056564301562499995 0.7243263953125 0.0885352484375 0.7952076609375001 0.1257461734375 0.8456694546874999 0.2221945140625 0.9157227546875 0.28619469531249997 0.942234375 0.39493947500000004 0.9792941265625 0.44477055312499997 0.9866102265625001 0.4970575109375 0.9875228984375 0.6937220875000001 0.9845093968749999 0.8061922046875001 0.9200562046874999 0.9031078765625 0.8514246640625001 0.9957039109375 0.7504862515624999 1 0.5043634406249999 1 0.168126346875 0.8955341609374999 0.054296078125 0.82605045 0.00620109375 0.47078998437499997 0 0.2792085390625 0
3 0.5046875 0.77265625 0.175 0.1515625
3 0.178125 0.63828125 0.1296875 0.1453125
3 0.37890625 0.1671875 0.0921875 0.128125
3 0.55234375 0.26484375 0.09375 0.1546875
3 0.78515625 0.678125 0.1046875 0.1265625
3 0.90625 0.4296875 0.1015625 0.096875
3 0.5546875 0.61328125 0.1 0.0890625
3 0.5328125 0.65859375 0.0828125 0.0796875
0 0.3671875 0.42734375 0.171875 0.16875
0 0.43671875 0.428125 0.11875 0.234375
0 0.40625 0.61796875 0.1109375 0.1859375
0 0.39140625 0.75625 0.1609375 0.09375
0 0.66796875 0.57109375 0.196875 0.084375