6 0.7412109375 1 0.84375 0.9091796875 0.9140625 0.8134765625 0.98046875 0.7021484375 0.98828125 0.4638671875 0.98046875 0.4033203125 0.9453125 0.2939453125 0.919921875 0.2294921875 0.8515625 0.1318359375 0.8017578125 0.09375 0.7314453125 0.060546875 0.5595703125 0.001953125 0.3232421875 0 0.2080078125 0.048828125 0.1044921875 0.125 0.0078125 0.2626953125 0 0.2763671875 0 0.8173828125 0.046875 0.8876953125 0.1650390625 1 0.7412109375 1
3 0.77265625 0.509375 0.14765625 0.17265625
3 0.64375 0.18046875 0.14375 0.1265625
3 0.16953125 0.3734375 0.1265625 0.090625
3 0.2640625 0.5484375 0.1546875 0.0890625
3 0.6734375 0.78828125 0.12578125 0.103125
3 0.42265625 0.9046875 0.09453125 0.09921875
3 0.6125 0.55703125 0.0890625 0.09921875
3 0.6578125 0.5359375 0.0796875 0.08125
0 0.4296875 0.365625 0.1671875 0.1671875
0 0.42890625 0.43515625 0.2328125 0.1140625
0 0.61953125 0.40859375 0.184375 0.10859375
0 0.7578125 0.39609375 0.0921875 0.159375
0 0.56796875 0.66953125 0.08125 0.1953125