6 0.5080617468749999 0 0.25907411874999997 0.0086948390625 0.245683225 0.016979721875 0.111445865625 0.1184060125 0.0389330359375 0.2245169375 0 0.3261329546875 0 0.47666376093749996 0.0043559453125 0.5775011890624999 0.0689123515625 0.7472265953125 0.10454912187500001 0.816337490625 0.144350015625 0.8647826593750001 0.24433248437500002 0.9296922375 0.30963246718750004 0.9528180125000001 0.4201677734375 0.9841357140625 0.47031345468749997 0.9888338296875 0.5225765203125 0.9870087640625 0.7188138609375 0.9737067625 0.8277566234375 0.9034556703125001 0.9209475765624999 0.8298460125 1 0.734056025 1 0.4912724671875 0.98802589375 0.14837894375 0.871665753125 0.034206240625 0.816259646875 0 0.5080617468749999 0
3 0.51875 0.771875 0.1765625 0.1546875
3 0.1859375 0.6546875 0.13125 0.1484375
3 0.36171875 0.17421875 0.0953125 0.1296875
3 0.53984375 0.2625 0.0953125 0.15625
3 0.79453125 0.66328125 0.1078125 0.128125
3 0.9015625 0.40859375 0.103125 0.0984375
3 0.5609375 0.61015625 0.1015625 0.090625
3 0.54140625 0.65625 0.084375 0.08125
0 0.36328125 0.434375 0.175 0.171875
0 0.4328125 0.43125 0.121875 0.2359375
0 0.4125 0.62265625 0.1140625 0.1875
0 0.40546875 0.7609375 0.1625 0.096875
0 0.671875 0.56171875 0.1984375 0.0875