6 1 0.06550853749999999 0.70261149375 0.028993821875 0.6403359109375 0.0217409 0.036887118749999996 0.18181831875 0.009926101562500001 0.4013981859375 0 0.4874345 0 0.85823733125 0.1218750640625 0.894751203125 0.3141105359375 0.9157310265625 0.41939351562500005 0.9076683640625 0.7222728671875001 0.8608981203124999 0.97010018125 0.74964641875 1 0.51174259375 1 0.06550853749999999
5 0.29453125 0.41875 0.2203125 0.2296875
5 0.52421875 0.2921875 0.234375 0.2359375
5 0.72265625 0.10234375 0.2875 0.1875
5 0.74609375 0.484375 0.1890625 0.196875
5 0.57734375 0.65234375 0.134375 0.146875
5 0.6375 0.7078125 0.146875 0.165625
5 0.73828125 0.76484375 0.1453125 0.159375
5 0.7984375 0.6625 0.1609375 0.1203125
5 0.94375 0.61484375 0.109375 0.1703125
5 0.95859375 0.34609375 0.0828125 0.1796875
5 0.440625 0.5359375 0.1953125 0.19375
5 0.35390625 0.659375 0.1734375 0.1609375
5 0.37578125 0.7671875 0.128125 0.1421875
5 0.53359375 0.85546875 0.11875 0.1
5 0.325 0.8734375 0.1125 0.1
5 0.09296875 0.82265625 0.1484375 0.13125
5 0.0828125 0.68125 0.165625 0.15
5 0.1734375 0.55390625 0.203125 0.1328125
5 0.10078125 0.27109375 0.1765625 0.228125