6 0.5699816140625 0 0.5378335765625 0.00301453125 0 0.2753625625 0 0.5039028 0.000134921875 0.5054449640625001 0.0423851640625 0.9508441515625 0.21221139218750001 0.9647415374999999 0.40460800781249995 0.9452949 0.5059139796875 0.9155188624999999 0.792450609375 0.806798503125 1 0.6550304437500001 1 0.507804240625 0.9570317171875 0 0.5699816140625 0
5 0.28203125 0.46328125 0.2140625 0.2234375
5 0.48046875 0.29140625 0.2265625 0.2296875
5 0.63515625 0.07734375 0.2828125 0.1546875
5 0.7375 0.43359375 0.184375 0.1921875
5 0.60703125 0.6328125 0.1296875 0.1421875
5 0.67734375 0.675 0.1421875 0.1625
5 0.78828125 0.709375 0.140625 0.15625
5 0.82578125 0.596875 0.1578125 0.115625
5 0.95234375 0.5203125 0.0953125 0.16875
5 0.9328125 0.25078125 0.1078125 0.178125
5 0.44921875 0.54765625 0.1890625 0.1875
5 0.38984375 0.6859375 0.1703125 0.1546875
5 0.434375 0.7875 0.1234375 0.1390625
5 0.60625 0.840625 0.1171875 0.096875
5 0.40625 0.9015625 0.1109375 0.096875
5 0.16875 0.9 0.1453125 0.1265625
5 0.12578125 0.76484375 0.171875 0.1453125
5 0.19140625 0.6203125 0.2 0.1265625
5 0.07265625 0.35859375 0.1453125 0.2234375