6 0.9951171875 0.09114583281250001 0.8271484375 0.0625 0.6337890625 0.06510416718749999 0.5302734375 0.0859375 0.2353515625 0.1692708328125 0.0029296875 0.3098958328125 0.0009765625 0.9947916671874999 0.4189453125 0.9921875 1 0.7591145828125 0.9951171875 0.09114583281250001
5 0.7140625 0.55546875 0.19765625 0.20859375
5 0.5015625 0.709375 0.21015625 0.2125
5 0.32734375 0.921875 0.2703125 0.15625
5 0.2578125 0.5453125 0.16796875 0.1765625
5 0.4046875 0.35859375 0.11953125 0.1328125
5 0.33828125 0.31015625 0.13046875 0.1515625
5 0.23125 0.26640625 0.128125 0.14453125
5 0.18359375 0.375 0.15 0.10390625
5 0.0453125 0.43984375 0.08984375 0.16171875
5 0.046875 0.71015625 0.09296875 0.17109375
5 0.5546875 0.45703125 0.17578125 0.1734375
5 0.62578125 0.32421875 0.15703125 0.14140625
5 0.590625 0.21953125 0.1140625 0.12890625
5 0.4234375 0.1515625 0.1078125 0.08828125
5 0.628125 0.1078125 0.10234375 0.08828125
5 0.86484375 0.13046875 0.13671875 0.115625
5 0.89609375 0.26875 0.1609375 0.1328125
5 0.81796875 0.40703125 0.190625 0.11171875
5 0.92421875 0.67890625 0.1515625 0.21015625