6 1 0.3934496234375 0.9382618968750001 0.3041973 0.8659214437499999 0.2362812296875 0.6455358437500001 0.1560908796875 0.49942926249999997 0.144054625 0.2564630625 0.1516101875 0.1463402203125 0.1990903734375 0.0408773046875 0.27272403125 0.022376265625 0.2871786265625 0 0.4694186875 0 0.594826015625 0.0034397375 0.6016681265625 0.066461575 0.6733594953125001 0.1899531984375 0.757395103125 0.3398019609375 0.8190856546875 0.5259240140625 0.8589599765625 0.5374322640625 0.8603730109375001 0.7948203671875 0.8474057937499999 0.8493039031249999 0.836385396875 0.924328878125 0.8023058671875001 0.9725537781250001 0.75411284375 1 0.5305813109375 1 0.3934496234375
8 0.73984375 0.5546875 0.1546875 0.15
8 0.434375 0.59609375 0.1515625 0.1625
8 0.27421875 0.3453125 0.140625 0.1171875
8 0.4734375 0.2890625 0.13125 0.1140625
8 0.54609375 0.24765625 0.0859375 0.1109375
8 0.78203125 0.3015625 0.1265625 0.14375
8 0.76484375 0.33359375 0.140625 0.1015625
8 0.8546875 0.43046875 0.1328125 0.1328125
8 0.7734375 0.44609375 0.15 0.109375
8 0.5640625 0.375 0.1109375 0.08125