6 0.33839298125 0 0.31781935 0.011887262499999999 0.2654831609375 0.075535390625 0.2407368984375 0.12531015625 0.16159458437500002 0.37057181093749997 0.15998091718750002 0.382053646875 0.150324621875 0.572153978125 0.17112940625 0.7328634578125001 0.220339584375 0.873897221875 0.273276878125 0.9533267343749999 0.2995704125 0.9767452453125 0.4650365890625 1 0.6034377109375 1 0.6991224921875 0.9194902578124999 0.7734867203125 0.8254085359375001 0.8436691125 0.5926767328125 0.8698581484375 0.4484334 0.8494402093750001 0.2148024671875 0.8025614109375001 0.1273489828125 0.7255678828125001 0.036649309375 0.6882446484375 0.021542273437500002 0.5349634046875 0 0.33839298125 0
8 0.509375 0.2546875 0.153125 0.15625
8 0.390625 0.53828125 0.1640625 0.153125
8 0.590625 0.7578125 0.11875 0.1421875
8 0.696875 0.58046875 0.115625 0.1328125
8 0.75546875 0.52109375 0.1125 0.0875
8 0.76484375 0.27890625 0.1453125 0.128125
8 0.7296875 0.2875 0.103125 0.1421875
8 0.659375 0.175 0.134375 0.134375
8 0.62265625 0.25 0.1125 0.15
8 0.6375 0.4703125 0.0828125 0.1109375