6 1 0.3798828125 0.990234375 0.3408203125 0.9111328125 0.251953125 0.8310546875 0.193359375 0.6025390625 0.140625 0.4560546875 0.146484375 0.2158203125 0.18359375 0.1123046875 0.244140625 0.0166015625 0.330078125 0 0.3466796875 0 0.6318359375 0.01953125 0.6611328125 0.0908203125 0.724609375 0.2236328125 0.79296875 0.3798828125 0.8359375 0.5771484375 0.853515625 0.8349609375 0.80859375 0.8876953125 0.791015625 0.9580078125 0.748046875 1 0.6943359375 1 0.3798828125
8 0.74453125 0.525 0.13828125 0.13515625
8 0.446875 0.603125 0.13515625 0.146875
8 0.25703125 0.37421875 0.1296875 0.10078125
8 0.44765625 0.29375 0.1203125 0.09921875
8 0.51484375 0.24375 0.07265625 0.103125
8 0.75546875 0.26875 0.11015625 0.1328125
8 0.7421875 0.30234375 0.13125 0.08515625
8 0.84375 0.3875 0.1203125 0.1171875
8 0.76484375 0.41328125 0.13984375 0.09375
8 0.5484375 0.36796875 0.103125 0.06875