6 0.4606491484375 0 0.1623216703125 0.0472504296875 0.0721191859375 0.1831515640625 0.013132371875000002 0.4100159609375 0.025425609375 0.637455534375 0.0447522953125 0.7095383843749999 0.1449803609375 0.9428251578125 0.191104475 0.9968214140624999 0.1954794234375 1 0.53188945 1 0.9090542453125 0.9414447359375 0.9463867531249999 0.871264040625 0.9867118015624999 0.688882265625 0.9881077218750001 0.635269459375 0.9492866921875001 0.352707346875 0.9090277265625 0.2483453671875 0.8313913812499999 0.12024131874999999 0.7431151203125 0.0373268296875 0.6809336734375 0 0.4606491484375 0
8 0.8515625 0.64765625 0.096875 0.10625
8 0.846875 0.5609375 0.1078125 0.0921875
8 0.7359375 0.52734375 0.0921875 0.0921875
8 0.70390625 0.60078125 0.0890625 0.0859375
8 0.51015625 0.3484375 0.1296875 0.0890625
8 0.5421875 0.2765625 0.11875 0.1265625
8 0.56875 0.1796875 0.0984375 0.08125
8 0.5421875 0.1328125 0.1125 0.1140625
8 0.47109375 0.18359375 0.06875 0.06875
8 0.3671875 0.140625 0.1015625 0.1140625
8 0.221875 0.378125 0.1015625 0.1328125
8 0.32265625 0.50078125 0.0984375 0.090625
8 0.1515625 0.56484375 0.0546875 0.06875
8 0.18828125 0.54140625 0.1109375 0.0921875
8 0.1296875 0.30390625 0.1140625 0.1046875
8 0.38984375 0.521875 0.0796875 0.084375
8 0.371875 0.375 0.0640625 0.0703125
8 0.32109375 0.3078125 0.078125 0.053125
8 0.2625 0.38671875 0.078125 0.075
8 0.2375 0.3375 0.0859375 0.0984375
8 0.6234375 0.42734375 0.1109375 0.1359375
8 0.63125 0.26328125 0.1046875 0.1109375