6 1 0.2373046875 0.8798828125 0.126953125 0.6650390625 0.033203125 0.4384765625 0.009765625 0.3642578125 0.017578125 0.1181640625 0.080078125 0.0576171875 0.1171875 0.03125 0.1435546875 0.001953125 0.1962890625 0 0.8349609375 0.0634765625 0.8828125 0.2373046875 0.951171875 0.2900390625 0.9609375 0.5751953125 0.966796875 0.6845703125 0.943359375 0.8232421875 0.88671875 0.9189453125 0.8125 1 0.7158203125 1 0.2373046875
8 0.29921875 0.82421875 0.09375 0.08359375
8 0.3859375 0.8328125 0.0765625 0.09765625
8 0.4359375 0.72890625 0.08203125 0.0796875
8 0.36875 0.6859375 0.07421875 0.0796875
8 0.6484375 0.53359375 0.07265625 0.12109375
8 0.7140625 0.5765625 0.11171875 0.103125
8 0.80546875 0.61796875 0.06875 0.0890625
8 0.85625 0.59921875 0.10078125 0.09921875
8 0.8171875 0.52109375 0.05859375 0.06015625
8 0.87578125 0.425 0.10078125 0.0875
8 0.6640625 0.24453125 0.12265625 0.08203125
8 0.5265625 0.325 0.0765625 0.08671875
8 0.490625 0.14609375 0.0625 0.04609375
8 0.5078125 0.1859375 0.078125 0.10078125
8 0.7515625 0.16484375 0.0890625 0.10078125
8 0.4953125 0.3875 0.075 0.06953125
8 0.64375 0.39296875 0.0625 0.0546875
8 0.71796875 0.353125 0.04296875 0.07265625
8 0.64921875 0.2828125 0.065625 0.06953125
8 0.7015625 0.26640625 0.08671875 0.07265625
8 0.55234375 0.63359375 0.12265625 0.0921875
8 0.71328125 0.66640625 0.09921875 0.090625