6 0.16930675 0 0.1248641890625 0.0568620484375 0.05348150625 0.22947066249999998 0.0427970265625 0.282026571875 0.031961881250000004 0.56703713125 0.0534869546875 0.6768045140625001 0.1076987953125 0.8164437828125 0.180235990625 0.9134276281249999 0.2754863546875 0.9961572640625 0.49563656875 1 0.7582185484374999 1 0.8663601890624999 0.8863355203125 0.96384545 0.6731606546875 0.9912334421875 0.447041703125 0.984717428125 0.37269790937499997 0.926521875 0.125550865625 0.890474840625 0.0643655640625 0.8645718390624999 0.037542221875 0.8123567968750001 0.007329467187499999 0.4550704234375 0 0.16930675 0
8 0.1796875 0.29375 0.084375 0.0953125
8 0.16953125 0.38046875 0.0984375 0.0796875
8 0.271875 0.43203125 0.08125 0.0828125
8 0.31640625 0.365625 0.0796875 0.0765625
8 0.4640625 0.64765625 0.121875 0.0734375
8 0.41953125 0.7125 0.1046875 0.1140625
8 0.3765625 0.803125 0.090625 0.0703125
8 0.39453125 0.8546875 0.1 0.1015625
8 0.4734375 0.81640625 0.0625 0.0609375
8 0.56875 0.87734375 0.0890625 0.103125
8 0.75234375 0.66875 0.084375 0.1234375
8 0.67421875 0.5296875 0.0890625 0.0796875
8 0.85390625 0.496875 0.046875 0.0640625
8 0.8140625 0.51328125 0.1015625 0.0796875
8 0.83046875 0.75703125 0.103125 0.0921875
8 0.6125 0.49765625 0.0703125 0.0765625
8 0.6046875 0.6453125 0.05625 0.0640625
8 0.64296875 0.7203125 0.071875 0.04375
8 0.71484375 0.653125 0.0703125 0.0671875
8 0.7296875 0.70546875 0.075 0.0890625
8 0.365625 0.55 0.09375 0.125
8 0.3296875 0.71015625 0.0921875 0.1