6 0 0.8148403 0.016793778125 0.8318132078125 0.055960521875 0.8478367718750001 0.2797152390625 0.8976917625 0.7639694296874999 0.96048973125 0.8387936406250001 0.9473377546874999 0.8606108390625 0.9254212484375 0.8983174453125 0.82553019375 0.9174042640625 0.6756866328125 0.9075769828125001 0.2403952140625 0.88611526875 0.175579621875 0.79339613125 0.1336214453125 0.681095359375 0.1046898046875 0.3147003578125 0.0453070671875 0.19478855781249999 0.07053071093749999 0.1283716375 0.15718263593749998 0.014770895312499999 0.48834532187499996 0 0.5620089875 0 0.8148403
3 0.4796875 0.409375 0.140625 0.20625
3 0.2859375 0.33203125 0.13125 0.175
3 0.17734375 0.4578125 0.09375 0.0921875
3 0.26328125 0.509375 0.121875 0.1109375
3 0.17421875 0.5875 0.1265625 0.140625
3 0.328125 0.61015625 0.175 0.1671875
3 0.6953125 0.68828125 0.20625 0.15625
3 0.71640625 0.2140625 0.1796875 0.1625
2 0.76953125 0.3046875 0.175 0.1515625
2 0.578125 0.228125 0.1453125 0.11875
2 0.36875 0.14609375 0.184375 0.2
2 0.18046875 0.33984375 0.1125 0.1765625
2 0.09921875 0.5546875 0.1171875 0.209375
2 0.3796875 0.43984375 0.1765625 0.2
2 0.24140625 0.7140625 0.1796875 0.171875
2 0.496875 0.66015625 0.1453125 0.175
2 0.73984375 0.45390625 0.1953125 0.2015625
2 0.64609375 0.5921875 0.096875 0.1078125
2 0.75390625 0.78828125 0.278125 0.18125
2 0.58203125 0.41875 0.1671875 0.1453125
2 0.21015625 0.19453125 0.175 0.228125