6 0.0824990046875 0.43494687499999996 0.0628480375 0.48028169375 0.054920618750000004 0.5933021 0.07739398750000001 0.6501646625 0.14404719531250001 0.751084465625 0.18945521875 0.7923082796875 0.27005593906250003 0.8346504687499999 0.42348369375 0.880717409375 0.43303361406249996 0.88155291875 0.5170619015625 0.87978771875 0.6156351421874999 0.8511606328125 0.6809613796875 0.821585396875 0.7499355703125 0.7727234593750001 0.7980544234375 0.7269383796875 0.8253179359375 0.684230159375 0.8451391296875 0.6369496484375 0.856159503125 0.57037163125 0.857279590625 0.5575689734375 0.8528231156249999 0.5043020874999999 0.8387164015625 0.46385619843750003 0.799582928125 0.3957331375 0.7491523531250001 0.3334837578125 0.6041003390624999 0.265896953125 0.5190005359375001 0.252569928125 0.3777190734375 0.2539335015625 0.228290575 0.3035989421875 0.12668986875 0.3780349203125 0.0824990046875 0.43494687499999996
3 0.68359375 0.44609375 0.209375 0.13125
3 0.5453125 0.71796875 0.171875 0.1609375
3 0.71640625 0.6140625 0.2171875 0.1734375
3 0.50546875 0.51953125 0.178125 0.1859375
3 0.56875 0.3265625 0.221875 0.1390625
3 0.40234375 0.31953125 0.1515625 0.13125
3 0.2953125 0.38828125 0.18125 0.1328125
3 0.184375 0.578125 0.184375 0.1625
3 0.30390625 0.678125 0.2328125 0.1890625
3 0.41171875 0.46015625 0.1265625 0.153125