6 0.46211813749999997 0.07916279375 0.4133759578125 0.07106302812500001 0.30179492343750003 0.0907131984375 0.252058221875 0.1262753125 0.1702610390625 0.21536334531249998 0.14124694375 0.2693955 0.11966157656250001 0.3578455359375 0.1120805546875 0.5178604328125 0.1135801984375 0.52732880625 0.135621246875 0.6084340546875 0.18724501093749998 0.6971537296875 0.23174558437499998 0.7533846015625 0.2958424796875 0.8084891921875 0.3519085515625 0.8441022953124999 0.3999437953125 0.8602239109375001 0.4506150546875 0.868018140625 0.5178814890625 0.86260448125 0.530574828125 0.8605940546875 0.5811813390625 0.8433835296875 0.617013090625 0.8199111 0.6736453609375 0.7654595984375 0.7218454078125001 0.7014675375 0.7523333375 0.5443734609375 0.7446769859375 0.4585773859375 0.7091748390625 0.321822465625 0.6248346484375 0.1888477890625 0.5280303 0.1082727515625 0.46211813749999997 0.07916279375
3 0.596875 0.66484375 0.14375 0.215625
3 0.29921875 0.596875 0.1703125 0.1796875
3 0.4421875 0.7375 0.1859375 0.2265625
3 0.4828125 0.51015625 0.1953125 0.1890625
3 0.68515625 0.52421875 0.1515625 0.228125
3 0.6515625 0.36171875 0.1390625 0.159375
3 0.559375 0.27421875 0.14375 0.1890625
3 0.34765625 0.2125 0.1734375 0.19375
3 0.2796875 0.353125 0.203125 0.2421875
3 0.5171875 0.4046875 0.159375 0.134375