6 0.836624465625 0.0510276546875 0.8095433328125001 0.036096625 0.7031285390625001 0.027384415625000002 0.5538286234375 0.050339468750000005 0.138108421875 0.17976863437499999 0.0817193265625 0.21826455781249998 0.0669433953125 0.318957153125 0.0700868046875 0.43488222499999996 0.113996603125 0.80345180625 0.1712952984375 0.9117658484375 0.272897459375 0.95172538125 0.6225440703125 0.9696446171875 0.8481838765624999 0.9512461671875 0.8576055421875 0.9499220375 0.9353239421874999 0.9030045984375 0.9521490125 0.8730275171875 0.9567560328125 0.8309613328125 0.9430045671875 0.602132596875 0.8698913046875001 0.1193281265625 0.836624465625 0.0510276546875
3 0.41875 0.54453125 0.20625 0.140625
3 0.39765625 0.7515625 0.175 0.13125
3 0.5484375 0.821875 0.0921875 0.09375
3 0.57421875 0.725 0.1109375 0.121875
3 0.67421875 0.7890625 0.140625 0.1265625
3 0.653125 0.634375 0.1671875 0.175
3 0.62734375 0.26015625 0.15625 0.20625
3 0.165625 0.37109375 0.1625 0.1796875
2 0.2375 0.29453125 0.1515625 0.175
2 0.21640625 0.49921875 0.11875 0.1453125
2 0.19609375 0.7234375 0.2 0.184375
2 0.434375 0.8515625 0.1765625 0.1125
2 0.66328125 0.8703125 0.209375 0.1171875
2 0.475 0.63203125 0.2 0.1765625
2 0.7765625 0.68984375 0.171875 0.1796875
2 0.65546875 0.45859375 0.175 0.1453125
2 0.38984375 0.28203125 0.2015625 0.1953125
2 0.5484375 0.33359375 0.1078125 0.096875
2 0.70703125 0.1765625 0.18125 0.278125
2 0.39921875 0.44375 0.1453125 0.1671875
2 0.2859375 0.86328125 0.228125 0.175