6 0.2158203125 0.818359375 0.2998046875 0.853515625 0.4599609375 0.88671875 0.5498046875 0.876953125 0.6455078125 0.83984375 0.7080078125 0.8046875 0.7724609375 0.75 0.81640625 0.7001953125 0.83984375 0.6552734375 0.85546875 0.6064453125 0.861328125 0.5302734375 0.8515625 0.4736328125 0.833984375 0.4345703125 0.7890625 0.3701171875 0.7333984375 0.3125 0.5830078125 0.2578125 0.4970703125 0.251953125 0.3564453125 0.265625 0.2119140625 0.328125 0.1171875 0.4111328125 0.078125 0.4716796875 0.0625 0.5185546875 0.064453125 0.6318359375 0.091796875 0.6865234375 0.1669921875 0.78125 0.2158203125 0.818359375
3 0.678125 0.43046875 0.20078125 0.11328125
3 0.5640625 0.71328125 0.16015625 0.146875
3 0.72578125 0.59453125 0.2046875 0.15625
3 0.50703125 0.51875 0.16328125 0.17265625
3 0.553125 0.32109375 0.21328125 0.1203125
3 0.38671875 0.32890625 0.1421875 0.11875
3 0.2859375 0.40625 0.1703125 0.1171875
3 0.1921875 0.60546875 0.1703125 0.14765625
3 0.3203125 0.69453125 0.21875 0.1703125
3 0.40859375 0.46796875 0.1140625 0.14375