6 0.1748046875 0.9192708328125001 0.6630859375 0.9244791671874999 0.8916015625 0.90625 0.9326171875 0.8958333328125001 0.9599609375 0.875 0.99609375 0.7903645828125 0.982421875 0.5559895828125 0.916015625 0.21223958281250002 0.8623046875 0.1171875 0.7470703125 0.07552083281250001 0.3759765625 0.08333333281250001 0.2607421875 0.09635416718749999 0.1630859375 0.125 0.1328125 0.1861979171875 0.0625 0.6158854171875 0.060546875 0.7669270828125 0.083984375 0.87109375 0.1025390625 0.8958333328125001 0.1748046875 0.9192708328125001
3 0.5328125 0.41328125 0.11484375 0.1921875
3 0.73515625 0.36328125 0.109375 0.16171875
3 0.82578125 0.503125 0.0828125 0.0828125
3 0.7328125 0.5421875 0.1109375 0.096875
3 0.81015625 0.63203125 0.109375 0.12734375
3 0.6546875 0.6328125 0.15625 0.14609375
3 0.28046875 0.659375 0.18984375 0.13203125
3 0.32578125 0.18671875 0.16171875 0.14140625
2 0.26015625 0.26875 0.15859375 0.13203125
2 0.46015625 0.21953125 0.13203125 0.10234375
2 0.67890625 0.16796875 0.16171875 0.1796875
2 0.8390625 0.3859375 0.09140625 0.16484375
2 0.8890625 0.61015625 0.08984375 0.1984375
2 0.62734375 0.45703125 0.153125 0.1796875
2 0.7265625 0.74765625 0.159375 0.15078125
2 0.48046875 0.659375 0.125 0.159375
2 0.26875 0.42109375 0.17109375 0.1796875
2 0.3421875 0.57109375 0.0859375 0.096875
2 0.20859375 0.75 0.26015625 0.14609375
2 0.43046875 0.4078125 0.15078125 0.12421875
2 0.8296875 0.2375 0.1453125 0.20859375