6 0.441273625 0.7211653609375 0.5126938062499999 0.6497676171875 0.637679209375 0.6743106375 0.7158203125 0.654296875 0.7202589749999999 0.5839479046875 0.656650178125 0.55048021875 0.74146179375 0.454539496875 0.7236066625 0.4266497578125 0.7749400343749999 0.4255341453125 0.8697950531249999 0.319553140625 0.9590703656249999 0.1165158640625 0.8720703125 0.064453125 0.7236328125 0.048828125 0.3056640625 0.095703125 0.0009765625 0.16015625 0 0.9990234375 0.0380859375 1 0.24375194687500001 0.851689384375 0.441273625 0.7211653609375
6 1 0.110491071875 0.9557225062500001 0.119862665625 0.80507041875 0.398760021875 0.8218095390625001 0.45342388125 0.8988095968750001 0.49246951406250006 0.946794940625 0.5036254078125 1 0.5449022718750001 1 0.110491071875
3 0.1109375 0.60703125 0.221875 0.2140625
3 0.12890625 0.421875 0.2578125 0.12109375
3 0.34921875 0.2734375 0.28671875 0.1109375
3 0.54296875 0.3640625 0.14765625 0.1078125
3 0.60390625 0.56875 0.30390625 0.17734375
3 0.7984375 0.24375 0.265625 0.115625
3 0.9484375 0.309375 0.10234375 0.15859375
2 0.3046875 0.6140625 0.3875 0.21484375
2 0.1234375 0.35859375 0.20703125 0.071875
2 0.7765625 0.240625 0.09296875 0.08828125