6 0.4606491453125 0 0.25613920156250003 0.032391193750000005 0.19655837812500002 0.11400555781249999 0.1309775859375 0.2825902109375 0.1244273953125 0.45764510312500006 0.13875361875 0.5763972359375 0.1431009671875 0.6038453203125 0.1837294015625 0.748828171875 0.24138203125 0.8464803234374999 0.36496184375 1 0.5366861093749999 1 0.7275037671875 0.9692107703125 0.7746963734375 0.8509978234375 0.807500775 0.7251763875 0.8368943765625 0.544525984375 0.8139791703125001 0.399845075 0.7219786874999999 0.1019761109375 0.594632490625 0 0.4606491453125 0
2 0.346875 0.24453125 0.1359375 0.1203125
0 0.29921875 0.365625 0.1265625 0.221875
0 0.5609375 0.10390625 0.13125 0.1015625
4 0.375 0.11484375 0.1171875 0.1203125
4 0.46484375 0.8359375 0.1125 0.1046875
4 0.33515625 0.353125 0.121875 0.1140625
4 0.58125 0.403125 0.1078125 0.1109375
4 0.7375 0.271875 0.0515625 0.0609375
4 0.78984375 0.434375 0.0796875 0.0859375
4 0.70390625 0.79375 0.1203125 0.121875