6 1 0.34765625 0.8583984375 0.21875 0.5498046875 0.1744791671875 0.4033203125 0.1744791671875 0.2294921875 0.23177083281250002 0.1103515625 0.2838541671875 0.0009765625 0.3489583328125 0 0.6861979171875 0.0166015625 0.7057291671875 0.1982421875 0.8098958328125001 0.3037109375 0.8515625 0.4599609375 0.8697916671874999 0.6005859375 0.8645833328125001 0.7724609375 0.8307291671874999 0.9287109375 0.7395833328125 1 0.66796875 1 0.34765625
2 0.7765625 0.6109375 0.10234375 0.12265625
0 0.6640625 0.67734375 0.20859375 0.0953125
0 0.88203125 0.378125 0.084375 0.1203125
4 0.9 0.56328125 0.1078125 0.10234375
4 0.1734375 0.5875 0.0890625 0.1015625
4 0.67109375 0.63984375 0.0984375 0.10859375
4 0.5828125 0.4046875 0.09765625 0.09375
4 0.68828125 0.2296875 0.05390625 0.04453125
4 0.51953125 0.203125 0.07734375 0.06796875
4 0.178125 0.34453125 0.10546875 0.10390625