6 0.1972607234375 0 0.1146787875 0.27105759375 0.031553784375 0.683350421875 0.034182146875 0.8325848796875001 0.0779015046875 0.9226324359375001 0.08106533437499999 0.9229092359375001 0.28850973125 0.8525517109375 0.40235460625 0.7672944968750001 0.40793997187500003 0.7162536953124999 0.43416740468750004 0.736471634375 0.5371348625000001 0.6603445375 0.564931321875 0.726628184375 0.6353994484375 0.728337728125 0.6621474968750001 0.6522382906249999 0.6485910671874999 0.5255894296875 0.7259418 0.460663746875 0.8731842875 0.2752696171875 1 0.128332828125 1 0.0418344125 0.9108462203125001 0.034034468750000005 0.5165441765625001 0 0.1972607234375 0
6 0.4994480015625 1 0.4645652 0.9458819578125001 0.45763395625000003 0.8971069125 0.4254479 0.8169968125 0.372450965625 0.7955571203125 0.081484703125 0.9213284249999999 0.0684323734375 0.96415264375 0.47816953125 1 0.4994480015625 1
3 0.640625 0.121875 0.2328125 0.2390625
3 0.4546875 0.128125 0.14375 0.25625
3 0.2875 0.3296875 0.134375 0.29375
3 0.3609375 0.53125 0.121875 0.1578125
3 0.559375 0.609375 0.2046875 0.31875
3 0.21875 0.775 0.1390625 0.275
3 0.27109375 0.93046875 0.1671875 0.1171875
2 0.63046875 0.315625 0.2484375 0.4046875
2 0.3921875 0.1125 0.0890625 0.2125
2 0.2171875 0.753125 0.0953125 0.1015625