6 0.32381264062500004 0 0.3115267765625 0.009725279687500001 0.2010844 0.187619890625 0.155762309375 0.29157024531250003 0.13310567812500002 0.440423778125 0.1321358125 0.4681970765625 0.1323886203125 0.5878099765625 0.1602238109375 0.76076176875 0.2458610765625 0.9200975296875 0.31494408125 0.9938424765624999 0.49127247656249995 1 0.639963684375 1 0.7688310015625001 0.8680046828125001 0.8238446328125001 0.5611439500000001 0.8289568640624999 0.41474880937499997 0.7777666125 0.239027125 0.7298729546875 0.11814139531250001 0.6686255812499999 0.0065609203125 0.4951496390625 0 0.32381264062500004 0
2 0.3796875 0.77265625 0.125 0.1078125
0 0.3171875 0.6578125 0.103125 0.2125
0 0.60859375 0.8859375 0.121875 0.0890625
4 0.42265625 0.89765625 0.1046875 0.109375
4 0.42421875 0.1703125 0.103125 0.09375
4 0.35390625 0.66640625 0.1109375 0.1015625
4 0.5921875 0.5859375 0.096875 0.1
4 0.76328125 0.69765625 0.0453125 0.05625
4 0.79609375 0.5296875 0.071875 0.0796875
4 0.66640625 0.18359375 0.1078125 0.109375