6 1 0.9054042125 0.8651139765625 0.737617428125 0.724431346875 0.5471975453125 0.6493936078125 0.47961191249999996 0.6673617609375 0.353513315625 0.6432858375 0.276526740625 0.5728009765625 0.2757759421875 0.542708184375 0.341049128125 0.4424602484375 0.26137489375 0.415543196875 0.28066519218749997 0.4117425328125 0.22946055625 0.3009424421875 0.14028215156249998 0.09607985625 0.06272778125 0.0929082953125 0.06289399531249999 0.0460729546875 0.1513609125 0.0382379875 0.300412734375 0.10692354062500001 0.7153554234375 0.1828966640625 1 0.504408209375 1 0.89433398125 0.9800200046875001 1 0.9744822828125 1 0.9054042125
6 0.48690703593749995 0 0.0848939671875 0.0210686125 0.0964438015625 0.0643222640625 0.382843459375 0.200171528125 0.43655634374999996 0.1805944625 0.47151859687500003 0.10165644062500001 0.4801478421875 0.053153004687500005 0.5170964234375 0 0.48690703593749995 0
3 0.62734375 0.8828125 0.225 0.2328125
3 0.44140625 0.87109375 0.1359375 0.2578125
3 0.28125 0.6625 0.1234375 0.290625
3 0.36171875 0.4640625 0.1171875 0.1546875
3 0.56328125 0.39296875 0.19375 0.3140625
3 0.228125 0.215625 0.1296875 0.271875
3 0.2859375 0.0625 0.1640625 0.1109375
2 0.62421875 0.6890625 0.2359375 0.3984375
2 0.378125 0.88359375 0.0828125 0.209375
2 0.2265625 0.2375 0.0921875 0.0984375