6 0.6337890625 0.7265625 0.8388671875 0.8125 0.9228515625 0.828125 0.943359375 0.8232421875 0.916015625 0.7568359375 0.5927734375 0.1640625 0.4677734375 0.17578125 0.3212890625 0.216796875 0.1279296875 0.30859375 0.09765625 0.3369140625 0.087890625 0.3662109375 0.1103515625 0.40625 0.2236328125 0.484375 0.6337890625 0.7265625
5 0.27109375 0.4 0.12890625 0.13828125
5 0.49765625 0.2890625 0.16640625 0.09453125
5 0.3921875 0.4578125 0.15 0.13984375
5 0.5953125 0.459375 0.1359375 0.1234375
5 0.65390625 0.61875 0.18359375 0.14140625
5 0.3546875 0.296875 0.1109375 0.046875
4 0.4671875 0.35859375 0.31953125 0.1078125
4 0.47109375 0.42421875 0.18203125 0.08671875
4 0.5265625 0.4875 0.13984375 0.0984375
4 0.52734375 0.58203125 0.10625 0.16484375
4 0.609375 0.54921875 0.11640625 0.09140625
4 0.646875 0.61015625 0.05703125 0.0609375
4 0.625 0.4328125 0.0703125 0.0453125
4 0.71484375 0.56328125 0.07421875 0.05234375
4 0.29453125 0.4375 0.0671875 0.0453125
4 0.5625 0.25625 0.10078125 0.06328125