6 0.82657341875 0.6216992890624999 0.8257937296875 0.4961535953125 0.7977011359375 0.346651890625 0.72310595625 0.14602768125 0.6975319140625 0.113401165625 0.669197653125 0.1011193109375 0.6273533515625 0.12000514375 0.5396525296875 0.22604628125 0.26263915312499997 0.61353373125 0.15915493593750002 0.8103415265624999 0.13626967343750002 0.8926445062499999 0.13934653125000002 0.9134998453125001 0.20788325 0.8920478328125 0.82657341875 0.6216992890624999
5 0.61953125 0.28046875 0.1484375 0.140625
5 0.71015625 0.51640625 0.1078125 0.175
5 0.5515625 0.39609375 0.153125 0.1609375
5 0.53203125 0.5984375 0.1359375 0.1453125
5 0.36796875 0.64296875 0.15625 0.19375
5 0.71484375 0.37265625 0.05625 0.1125
4 0.64375 0.4796875 0.1359375 0.3265625
4 0.578125 0.478125 0.1015625 0.1890625
4 0.51015625 0.52734375 0.1125 0.1484375
4 0.415625 0.5203125 0.1734375 0.1203125
4 0.44140625 0.6046875 0.1015625 0.1234375
4 0.37734375 0.63671875 0.065625 0.0609375
4 0.55625 0.63046875 0.053125 0.071875
4 0.41796875 0.70859375 0.0578125 0.078125
4 0.58046875 0.30078125 0.05 0.0703125
4 0.7375 0.58359375 0.0703125 0.1046875