6 0.2841796875 0 0.1376953125 0.07853403125 0.111328125 0.11125654375 0.037109375 0.430628271875 0.025390625 0.51701570625 0.0234375 0.5693717281249999 0.037109375 0.6583769640625 0.083984375 0.8023560203125 0.1787109375 0.9397905765625 0.2294921875 0.9947643984375001 0.8056640625 0.9921465968750001 0.9267578125 0.9083769640625 1 0.8390052359375 1 0.085078534375 0.9658203125 0.023560209375 0.9345703125 0 0.2841796875 0
8 0.596875 0.44765625 0.17109375 0.1078125
8 0.41640625 0.340625 0.13203125 0.19453125
8 0.328125 0.15 0.2046875 0.13359375
8 0.84453125 0.146875 0.1640625 0.1453125
8 0.178125 0.30234375 0.07890625 0.13359375
4 0.63125 0.80546875 0.121875 0.15390625
4 0.49765625 0.853125 0.10078125 0.15859375
4 0.5125 0.73984375 0.0921875 0.17578125
4 0.7171875 0.7265625 0.09765625 0.17890625
4 0.69296875 0.5515625 0.1265625 0.16171875
4 0.853125 0.39453125 0.1703125 0.1640625
4 0.490625 0.128125 0.08984375 0.1078125
4 0.62578125 0.15234375 0.1453125 0.14375
4 0.278125 0.48984375 0.07890625 0.11953125
4 0.5859375 0.6328125 0.14765625 0.18046875