6 0.0638558671875 0 0.056732021875000004 0.007373449999999999 0 0.4694186875 0 0.7121559890625 0.037249732812500005 0.8082069437499999 0.066514984375 0.838365465625 0.374461175 0.9509526234375001 0.4587765328125 0.973112003125 0.5105042734375 0.9814311640625 0.6005122625 0.97870820625 0.7491307453125 0.9497292390625001 0.89708515 0.8724578125000001 0.9570197078125 0.8293432656249999 0.97696153125 0.66693015 1 0.47197834062500005 1 0.20801707500000002 0.9570696703125 0.126158409375 0.89714100625 0.045007871875 0.5305813109375 0 0.0638558671875 0
8 0.46015625 0.39765625 0.128125 0.184375
8 0.33125 0.56328125 0.2078125 0.1546875
8 0.13203125 0.628125 0.1578125 0.2203125
8 0.19140625 0.11484375 0.1625 0.1796875
8 0.26484375 0.7953125 0.140625 0.09375
4 0.81953125 0.40703125 0.16875 0.1390625
4 0.85 0.5453125 0.1703125 0.1203125
4 0.73984375 0.5171875 0.1859375 0.1140625
4 0.7515625 0.31171875 0.1890625 0.1171875
4 0.575 0.31484375 0.1765625 0.1453125
4 0.43828125 0.13671875 0.1828125 0.1875
4 0.1296875 0.4640625 0.1171875 0.103125
4 0.1703125 0.3328125 0.1609375 0.1625
4 0.4625 0.71875 0.1296875 0.0921875
4 0.6421875 0.43125 0.1984375 0.1671875