6 0.5061747359375001 0 0.316525821875 0.0291547984375 0.1549076046875 0.054752609375000004 0.11391100624999999 0.116155334375 0.0418501859375 0.2667163421875 0.01807558125 0.4162556421875 0.018495517187499998 0.5063038296875 0.02861488125 0.5577097249999999 0.0537033265625 0.6412003703125 0.176969065625 0.9450297328125 0.20813055937499997 0.9732246390625001 0.2850323140625 1 0.53935085625 1 1 0.9270403421875001 1 0.46064914218749997 0.9408549390625 0.087221925 0.8576623546875 0.03016188125 0.7949191984375 0 0.5061747359375001 0
8 0.60390625 0.53671875 0.1859375 0.1328125
8 0.4421875 0.6703125 0.1609375 0.2125
8 0.38515625 0.87265625 0.225 0.165625
8 0.8953125 0.79453125 0.184375 0.1671875
8 0.21328125 0.7453125 0.0984375 0.14375
4 0.58203125 0.178125 0.1453125 0.171875
4 0.4421875 0.1515625 0.125 0.1734375
4 0.475 0.2609375 0.1203125 0.1890625
4 0.67890625 0.2421875 0.1234375 0.190625
4 0.6828125 0.41875 0.15 0.1796875
4 0.865625 0.54921875 0.1921875 0.1890625
4 0.54921875 0.86875 0.10625 0.11875
4 0.67890625 0.8234375 0.165625 0.1640625
4 0.2828125 0.54453125 0.0953125 0.13125
4 0.5640625 0.35546875 0.1734375 0.2015625