6 1 0.2353515625 0.9912109375 0.234375 0.9736328125 0.212890625 0.8857421875 0.171875 0.890625 0.1240234375 0.8603515625 0.1015625 0.7724609375 0.064453125 0.7158203125 0.052734375 0.7080078125 0.0390625 0.6923828125 0.033203125 0.6123046875 0.02734375 0.5361328125 0.033203125 0.4658203125 0.05078125 0.4326171875 0.068359375 0.3955078125 0.072265625 0.3662109375 0.09375 0.2626953125 0.1015625 0.2080078125 0.138671875 0.1435546875 0.15625 0.0673828125 0.189453125 0.0048828125 0.236328125 0.0029296875 0.79296875 0.5107421875 1 0.529296875 0.9990234375 0.57421875 0.9091796875 0.5859375 0.9248046875 0.5703125 0.9736328125 0.5712890625 1 0.6845703125 1 0.8779296875 0.916015625 1 0.8310546875 1 0.2353515625
5 0.65078125 0.81484375 0.16328125 0.1984375
5 0.45390625 0.8078125 0.21953125 0.16484375
5 0.15234375 0.76015625 0.18359375 0.17578125
5 0.3171875 0.60546875 0.17578125 0.13203125
5 0.61875 0.53203125 0.17421875 0.12890625
5 0.7546875 0.4421875 0.15 0.12109375
5 0.91953125 0.471875 0.15546875 0.1
5 0.915625 0.625 0.16796875 0.15234375
5 0.55703125 0.3671875 0.1484375 0.08984375
5 0.734375 0.2984375 0.13125 0.06875
5 0.853125 0.23359375 0.09921875 0.084375
5 0.73984375 0.15546875 0.13671875 0.10703125
5 0.571875 0.23203125 0.109375 0.08359375
5 0.55390625 0.11015625 0.1140625 0.09140625
5 0.41328125 0.103125 0.125 0.09609375
5 0.43828125 0.20546875 0.10625 0.07890625
5 0.42890625 0.3015625 0.1515625 0.078125
5 0.38359375 0.425 0.1296875 0.11875
5 0.21015625 0.46796875 0.146875 0.115625
5 0.2015625 0.3609375 0.13046875 0.07734375
5 0.053125 0.2953125 0.10546875 0.07890625
5 0.02578125 0.4015625 0.0515625 0.07421875
5 0.03515625 0.58203125 0.0703125 0.1171875
5 0.11875 0.21484375 0.1484375 0.08359375
5 0.26171875 0.15234375 0.13359375 0.10546875
5 0.325 0.2328125 0.1125 0.075