6 0.5114525484375 0 0.15684689062499999 0.036013045312500006 0.005039803125000001 0.559206334375 0.007350246874999999 0.5811887296875 0.10098853593749998 0.6163198765625 0.08667407499999999 0.6296076875 0.036480178125 0.6191722125 0.011713915625 0.6227062765625 0.02388935 0.7385477875 0.125936484375 0.9190816046875 0.195876871875 1 0.49630772343749996 1 0.8156488296875001 0.966435896875 0.8156841265624999 0.960491440625 0.8352133921875 0.94076388125 0.8668172578125001 0.84906743125 0.914917078125 0.84892164375 0.9340905359375 0.8164662406250001 0.9618095500000001 0.725178103125 0.9675435453125001 0.66762281875 0.9803238953125 0.6584240171875 0.9845179156249999 0.642272140625 0.9819747484375 0.5620202203125 0.9681853437499999 0.48687809375 0.9433538546875001 0.4187881875 0.9224013531249999 0.3876043671875 0.9146375171875001 0.3511065953125 0.890208478125 0.324215940625 0.8716184468750001 0.2220840140625 0.828995959375 0.171575084375 0.80477694375 0.10931245468749999 0.7637935796875001 0.037028528125 0.729420784375 0 0.5114525484375 0
5 0.20234375 0.6828125 0.2140625 0.184375
5 0.1890625 0.48671875 0.1875 0.2359375
5 0.2046875 0.18125 0.1953125 0.2
5 0.37578125 0.32890625 0.15 0.1875
5 0.48046875 0.62109375 0.146875 0.1875
5 0.584375 0.746875 0.1375 0.1625
5 0.571875 0.9140625 0.115625 0.1640625
5 0.41796875 0.9171875 0.1703125 0.165625
5 0.63828125 0.54296875 0.10625 0.1578125
5 0.725 0.71171875 0.0828125 0.1375
5 0.8015625 0.8234375 0.09375 0.1078125
5 0.86796875 0.70234375 0.121875 0.146875
5 0.77421875 0.54375 0.09375 0.1171875
5 0.89296875 0.5125 0.103125 0.1234375
5 0.8859375 0.37265625 0.109375 0.134375
5 0.78671875 0.4078125 0.090625 0.1140625
5 0.68984375 0.40859375 0.09375 0.159375
5 0.5625 0.3765625 0.13125 0.140625
5 0.5015625 0.20859375 0.1296875 0.1578125
5 0.60703125 0.18828125 0.0921875 0.1390625
5 0.65703125 0.0453125 0.0890625 0.090625
5 0.54765625 0.0234375 0.0796875 0.046875
5 0.36953125 0.04609375 0.1234375 0.0828125
5 0.74375 0.09140625 0.0984375 0.1578125
5 0.82109375 0.2265625 0.11875 0.14375
5 0.74765625 0.29765625 0.0859375 0.1203125