6 1 0.49020449062499993 0.9538172906250001 0.169759778125 0.885401796875 0.13203928125 0.805350240625 0.10976036250000001 0.739077965625 0.1013234484375 0.6797580546875001 0.072186246875 0.576162546875 0.07885636875 0.5441607390625001 0.061658415625 0.506868865625 0.0629548078125 0.47154246874999994 0.050168732812500005 0.39946784375 0.0425472859375 0.3232218 0.0473460109375 0.24473845781249998 0.0642930828125 0.2300809859375 0.0722700140625 0.22424727500000002 0.0868961265625 0.16978880624999998 0.10638368125 0.0879181546875 0.155363921875 0.061065293750000006 0.18181951875 0.0725602375 0.22852583750000002 0 0.27567742812499996 0 0.5125093578125 0.05428633125 0.8987766734375 0.183861065625 0.964337246875 0.3126540515625 1 0.49870870624999997 1 0.49650330625 0.9785816703125001 0.47423480625 0.932403315625 0.48366492968749997 0.9152994421875 0.5404056859375 0.9976572812500001 0.5622940562500001 0.994581071875 1 0.7400311125 1 0.49020449062499993
5 0.39453125 0.8328125 0.190625 0.21875
5 0.58828125 0.7984375 0.240625 0.1953125
5 0.88046875 0.709375 0.20625 0.2
5 0.69609375 0.57890625 0.1921875 0.15625
5 0.38671875 0.5484375 0.190625 0.153125
5 0.23984375 0.478125 0.165625 0.1421875
5 0.08203125 0.53046875 0.1640625 0.1203125
5 0.10546875 0.68125 0.1890625 0.175
5 0.425 0.3765625 0.159375 0.1109375
5 0.23984375 0.3328125 0.1390625 0.0859375
5 0.11328125 0.28515625 0.1109375 0.096875
5 0.21484375 0.1921875 0.15 0.125
5 0.39140625 0.24453125 0.1203125 0.096875
5 0.3921875 0.12109375 0.1265625 0.1078125
5 0.53046875 0.09453125 0.1375 0.1140625
5 0.5203125 0.2 0.115625 0.09375
5 0.54296875 0.29375 0.1609375 0.0984375
5 0.6046875 0.409375 0.1453125 0.1359375
5 0.7828125 0.428125 0.1609375 0.134375
5 0.7765625 0.32109375 0.140625 0.0953125
5 0.9140625 0.23515625 0.115625 0.0921875
5 0.95625 0.33671875 0.0609375 0.08125
5 0.9640625 0.51640625 0.071875 0.1265625
5 0.8375 0.16484375 0.159375 0.103125
5 0.6875 0.12265625 0.1453125 0.121875
5 0.6359375 0.2109375 0.121875 0.090625