6 0 0 0 0.9320117953124999 0.0328390078125 0.9643639078125 0.09533170937499999 0.91193115 0.127694025 0.823799646875 0.1567084859375 0.8048345749999999 0.2192011859375 0.7044315203125 0.18349109531250002 0.7947942515624999 0.145549071875 0.8583829046875 0.107607046875 0.90523763125 0.158940334375 0.9643639078125 0.16228819375 1 0.8887660234375 1 1 0.9387053140624999 0.9992443218749999 0 0 0
5 0.3203125 0.69609375 0.23984375 0.278125
5 0.32421875 0.44609375 0.13359375 0.253125
5 0.2125 0.3 0.26796875 0.2171875
5 0.0671875 0.12265625 0.134375 0.15234375
5 0.25078125 0.0703125 0.2671875 0.140625
5 0.45390625 0.05 0.1671875 0.1
5 0.4421875 0.25859375 0.12265625 0.26875
5 0.63671875 0.47421875 0.28515625 0.3734375
5 0.7 0.22265625 0.2125 0.1828125
5 0.83984375 0.0890625 0.23671875 0.11640625
5 0.9 0.23515625 0.2 0.16484375
5 0.9109375 0.41875 0.178125 0.2328125
2 0.8375 0.546875 0.13125 0.253125
2 0.53203125 0.49140625 0.18984375 0.0828125
2 0.61484375 0.5328125 0.13046875 0.128125
2 0.571875 0.384375 0.0671875 0.13515625
2 0.3921875 0.2828125 0.0953125 0.1046875
2 0.28671875 0.271875 0.07734375 0.05234375
2 0.11953125 0.23515625 0.04609375 0.053125
2 0.01484375 0.4421875 0.0296875 0.10546875
2 0.053125 0.61328125 0.0875 0.053125
2 0.82578125 0.23359375 0.04140625 0.115625
2 0.87578125 0.2546875 0.07890625 0.05390625
2 0.7765625 0.146875 0.11015625 0.07890625
2 0.68515625 0.071875 0.05 0.040625
2 0.5 0.18984375 0.115625 0.0546875
2 0.31015625 0.0265625 0.103125 0.04921875
2 0.28671875 0.08359375 0.05 0.05
2 0.2109375 0.0796875 0.05 0.05234375
2 0.1421875 0.0828125 0.04765625 0.03671875
2 0.08515625 0.16328125 0.05078125 0.01875