6 0.4912724609375 0 0.09402105468750001 0.013872325 0 0.0700461859375 0 0.499032775 0.017897953124999998 1 0.5087275390625 1 1 0.9828443874999999 1 0.4912724671875 0.98461841875 0.0508016265625 0.95067034375 0.019615285937499997 0.8900455875000001 0.0741970671875 0.8607787312499999 0.1634043125 0.8324438171875 0.1833704203125 0.7734932015625 0.2858932765625 0.8060279250000001 0.19433932812500002 0.8417276234375001 0.12946525312499998 0.8780113281249999 0.0813149125 0.8246458343749999 0.024016159375000002 0.82154076875 0 0.4912724609375 0
5 0.67265625 0.29765625 0.25 0.2859375
5 0.67734375 0.54765625 0.1421875 0.2578125
5 0.79453125 0.68984375 0.2765625 0.228125
5 0.93828125 0.8609375 0.1234375 0.15625
5 0.7640625 0.92109375 0.271875 0.15
5 0.56171875 0.94765625 0.1703125 0.1046875
5 0.56640625 0.7390625 0.13125 0.2734375
5 0.3640625 0.53046875 0.2984375 0.3828125
5 0.31015625 0.784375 0.21875 0.190625
5 0.175 0.92265625 0.2390625 0.1234375
5 0.109375 0.77890625 0.20625 0.1703125
5 0.0921875 0.5953125 0.184375 0.2375
2 0.1609375 0.46484375 0.140625 0.2578125
2 0.46796875 0.509375 0.1921875 0.0890625
2 0.384375 0.47109375 0.134375 0.1328125
2 0.43203125 0.61796875 0.0734375 0.1359375
2 0.615625 0.71328125 0.1 0.10625
2 0.72109375 0.7203125 0.078125 0.05625
2 0.88984375 0.7515625 0.046875 0.0546875
2 0.98515625 0.53984375 0.0296875 0.1078125
2 0.94296875 0.37109375 0.0890625 0.05625
2 0.18359375 0.77734375 0.046875 0.1171875
2 0.1328125 0.75859375 0.08125 0.05625
2 0.2359375 0.8625 0.1125 0.08125
2 0.3296875 0.934375 0.0515625 0.0421875
2 0.5109375 0.81015625 0.1171875 0.059375
2 0.70625 0.96640625 0.1046875 0.053125
2 0.72734375 0.90859375 0.0515625 0.0515625
2 0.80390625 0.91015625 0.0515625 0.0546875
2 0.871875 0.9046875 0.0484375 0.0390625
2 0.9265625 0.821875 0.0515625 0.0203125