6 0.080450184375 0 0 0.45625566875 0 0.919549815625 0.45625566875 1 0.852692 1 0.8354030796874999 0.9700515640624999 0.7542301484375 0.9228770296875 0.74059150625 0.8910101125000001 0.65256554375 0.812032009375 0.7353544703125 0.8628909078125 0.7913885046875 0.9112985609375001 0.8309428390625 0.9568003984375 0.8980847875 0.91651415 0.9337608375 0.91940529375 1 0.5437443328125 1 0.08046584062499999 0.5414974671875 0 0.080450184375 0
5 0.66171875 0.7109375 0.315625 0.2859375
5 0.41640625 0.6640625 0.271875 0.175
5 0.253125 0.7484375 0.2625 0.303125
5 0.06953125 0.8609375 0.1390625 0.159375
5 0.0625 0.6703125 0.125 0.2875
5 0.05625 0.4671875 0.1125 0.18125
5 0.25234375 0.51484375 0.2859375 0.1671875
5 0.4984375 0.3609375 0.4171875 0.346875
5 0.26171875 0.2546875 0.2171875 0.240625
5 0.15390625 0.11015625 0.1546875 0.2203125
5 0.3078125 0.0859375 0.196875 0.171875
5 0.490625 0.09453125 0.259375 0.1890625
2 0.6046875 0.17578125 0.271875 0.1734375
2 0.496875 0.4671875 0.1140625 0.2
2 0.55234375 0.39296875 0.1484375 0.15
2 0.3984375 0.409375 0.14375 0.090625
2 0.2671875 0.56875 0.11875 0.1140625
2 0.23828125 0.6703125 0.065625 0.084375
2 0.1734375 0.82890625 0.0609375 0.053125
2 0.35859375 0.96796875 0.109375 0.0484375
2 0.53359375 0.95546875 0.0671875 0.0890625
2 0.29453125 0.1328125 0.121875 0.0609375
2 0.3234375 0.0875 0.065625 0.0875
2 0.2 0.16640625 0.0953125 0.121875
2 0.11015625 0.24296875 0.0484375 0.05625
2 0.19453125 0.44609375 0.0734375 0.1234375
2 0.0171875 0.60390625 0.034375 0.1109375
2 0.053125 0.6375 0.0578125 0.0578125
2 0.0359375 0.71171875 0.0609375 0.0578125
2 0.02734375 0.7796875 0.0453125 0.053125
2 0.09609375 0.85 0.028125 0.0546875