6 1 0 0.13676095625 0.0038413203125000003 0 0.07858580468750001 0 1 1 1 1 0
2 0.50234375 0.496875 0.1890625 0.209375
2 0.27734375 0.6484375 0.2453125 0.1859375
2 0.209375 0.7671875 0.23203125 0.121875
2 0.80078125 0.8703125 0.29921875 0.16328125
2 0.971875 0.76484375 0.05625 0.2765625
2 0.821875 0.090625 0.24296875 0.15
2 0.5875 0.2390625 0.2234375 0.12890625
2 0.43515625 0.084375 0.18359375 0.125
2 0.2984375 0.16875 0.11484375 0.0890625
2 0.3 0.265625 0.16796875 0.1421875
2 0.05703125 0.2015625 0.1140625 0.10546875