6 0.46941868906249995 0 0 0.0576373671875 0 0.530581309375 0.0576373671875 1 0.530581309375 1 1 0.9423626328125 1 0.4859594125 0.9481926843749999 0.079001953125 0.891511590625 0 0.46941868906249995 0
2 0.503125 0.5015625 0.23125 0.2125
2 0.32578125 0.296875 0.2125 0.265625
2 0.19921875 0.24375 0.1484375 0.24375
2 0.16796875 0.84296875 0.1984375 0.3140625
2 0.29375 0.978125 0.28125 0.04375
2 0.928125 0.76953125 0.14375 0.2609375
2 0.76953125 0.5546875 0.1546875 0.2390625
2 0.9046875 0.38515625 0.146875 0.196875
2 0.80390625 0.259375 0.1015625 0.125
2 0.70859375 0.27265625 0.1625 0.184375
2 0.7421875 0.04375 0.11875 0.0875