6 0.0832316375 0 0.0102562828125 0.128157115625 0 0.5963381796875 0 0.99134863125 0.4956365609375 1 0.99134863125 1 1 0.5043634390625 1 0.008651368750000001 0.5043634078125 0 0.0832316375 0
2 0.496875 0.50234375 0.2125 0.1921875
2 0.65234375 0.2796875 0.1890625 0.2484375
2 0.771875 0.2140625 0.1265625 0.2328125
2 0.86484375 0.80703125 0.1671875 0.3015625
2 0.75625 0.97265625 0.278125 0.0546875
2 0.08515625 0.81484375 0.1546875 0.246875
2 0.2375 0.5828125 0.1328125 0.2265625
2 0.0859375 0.428125 0.128125 0.184375
2 0.17265625 0.29296875 0.0890625 0.1171875
2 0.26953125 0.29609375 0.146875 0.171875
2 0.20859375 0.0546875 0.1078125 0.109375