6 0.09342560625 0.4931640625 0.1487889265625 0.6162109375 0.17301038124999998 0.7119140625 0.21799307968749998 0.7998046875 0.214532871875 0.8388671875 0.19031141875 0.8720703125 0.231833909375 0.8779296875 0.262975778125 0.9345703125 0.27854671249999996 0.9375 0.356401384375 0.8876953125 0.37370242187499997 0.8544921875 0.453287196875 0.8173828125 0.5259515578125 0.7470703125 0.6089965390625001 0.7001953125 0.771626296875 0.5498046875 0.8996539796875 0.4521484375 0.9723183390625 0.3720703125 0.9359861593750001 0.3515625 0.8287197234375 0.328125 0.7352941171875 0.296875 0.3927335640625 0.259765625 0.26816609062499996 0.25390625 0.0294117640625 0.2578125 0.024221453125 0.3115234375 0.041522490625000005 0.3662109375 0.031141868750000003 0.4111328125 0.09342560625 0.4931640625
5 0.275 0.80078125 0.18828125 0.146875
5 0.3703125 0.6359375 0.2734375 0.14765625
5 0.60078125 0.6640625 0.18828125 0.1078125
5 0.66015625 0.54765625 0.22734375 0.10390625
5 0.3015625 0.5125 0.28203125 0.1203125
5 0.22890625 0.4109375 0.23046875 0.09765625
5 0.5140625 0.31640625 0.215625 0.08515625
5 0.32734375 0.3328125 0.265625 0.07109375
5 0.47421875 0.396875 0.23125 0.09921875
5 0.71796875 0.35625 0.21875 0.08125
5 0.65703125 0.43984375 0.253125 0.0984375
5 0.834375 0.48203125 0.13984375 0.07890625
5 0.9078125 0.41015625 0.1234375 0.06875