6 0.49245224375 0.093582009375 0.371412478125 0.153205878125 0.27661296874999997 0.18075256875 0.19034575781250002 0.22877520312500002 0.15118629374999998 0.2266803640625 0.1171580796875 0.2036324390625 0.1127513875 0.245334125 0.057232101562500005 0.2784337515625 0.0562783078125 0.284699228125 0.056700256250000004 0.2967822375 0.107339053125 0.37016653125 0.14112575 0.3862982578125 0.1809899875 0.464539453125 0.2537956046875 0.534705678125 0.303540278125 0.61606415625 0.45951498593749995 0.7733462875 0.5615798484375001 0.8978878265624999 0.641706271875 0.965650684375 0.645281040625 0.96552585 0.6633724859375 0.930687475 0.6830521640625 0.822668425 0.7110226203125001 0.7282091234375 0.7361541984375 0.38456214843750003 0.7376626625 0.25986606874999996 0.7254263859375001 0.0213935109375 0.671567028125 0.018080846875 0.6175166390625 0.0372799109375 0.5722598515625 0.0284733640625 0.49245224375 0.093582009375
5 0.19140625 0.2859375 0.153125 0.1921875
5 0.359375 0.375 0.15625 0.2765625
5 0.33984375 0.60625 0.115625 0.1921875
5 0.4578125 0.66171875 0.1125 0.2296875
5 0.48046875 0.30234375 0.128125 0.2859375
5 0.5796875 0.22578125 0.1046875 0.2328125
5 0.68359375 0.5078125 0.09375 0.21875
5 0.6609375 0.321875 0.08125 0.26875
5 0.60234375 0.4703125 0.1078125 0.234375
5 0.6515625 0.7125 0.0890625 0.221875
5 0.565625 0.6546875 0.1078125 0.25625
5 0.5296875 0.83359375 0.084375 0.14375
5 0.60390625 0.9046875 0.0734375 0.1234375