6 0.8340524531250001 0.299426703125 0.7921644953125 0.21001974531249998 0.79698585625 0.17110180156250002 0.8223513265625 0.13876421875 0.7810586203125001 0.1314593 0.7519124515625 0.0737663421875 0.7457287703125 0.0723778140625 0.7336457625 0.0719558671875 0.65690784375 0.11735228125 0.6384585734375 0.1499313828125 0.55762718125 0.1842406828125 0.48255321406249996 0.25197440000000004 0.3979229078125 0.2959226171875 0.2301436625 0.44054593124999997 0.098785815625 0.533674590625 0.0255986875 0.6088789328125 0.025473853125 0.6124537015625 0.058965368750000004 0.6329312796875 0.16534850625 0.6600980468750001 0.2576265890625 0.6945895156249999 0.5986833671875 0.7436314765625001 0.7229704671875 0.7538346234375 0.9617156781249999 0.758263159375 0.9687773109375 0.7047660796875 0.9533953796875 0.649508096875 0.965337428125 0.6049758656249999 0.90595448125 0.520820915625 0.8549191609375001 0.39591684531250004 0.8340524531250001 0.299426703125
5 0.73515625 0.20703125 0.1921875 0.153125
5 0.634375 0.36875 0.2765625 0.15625
5 0.4046875 0.3328125 0.1921875 0.115625
5 0.34140625 0.446875 0.2296875 0.1125
5 0.6984375 0.49453125 0.2859375 0.128125
5 0.76796875 0.5984375 0.2328125 0.1046875
5 0.4796875 0.6828125 0.21875 0.09375
5 0.66640625 0.6734375 0.26875 0.08125
5 0.521875 0.60390625 0.234375 0.1078125
5 0.27734375 0.6359375 0.221875 0.0890625
5 0.340625 0.5546875 0.25625 0.1078125
5 0.16484375 0.50625 0.14375 0.084375
5 0.0890625 0.57578125 0.1234375 0.0734375