6 1 0.2333984375 0.9736328125 0.19921875 0.8564453125 0.1171875 0.7490234375 0.0625 0.5771484375 0 0.4287109375 0.00390625 0.3193359375 0.03125 0.2001953125 0.095703125 0.11328125 0.1748046875 0.025390625 0.2822265625 0 0.3212890625 0 0.8330078125 0.03125 0.9033203125 0.1220703125 1 0.9033203125 1 1 0.9228515625 1 0.2333984375
3 0.53671875 0.19296875 0.2578125 0.24140625
3 0.2640625 0.29609375 0.3390625 0.20234375
3 0.76640625 0.321875 0.4171875 0.3765625
3 0.52109375 0.4375 0.12109375 0.1546875
3 0.678125 0.74375 0.2703125 0.315625
3 0.37421875 0.784375 0.31796875 0.321875
3 0.13046875 0.56171875 0.2578125 0.225
2 0.4109375 0.43828125 0.1328125 0.103125
2 0.35078125 0.53046875 0.17734375 0.1578125
2 0.63671875 0.47109375 0.14921875 0.1328125
2 0.7953125 0.77265625 0.2875 0.1203125
2 0.71171875 0.953125 0.12578125 0.0890625
2 0.3609375 0.88046875 0.0765625 0.15078125
2 0.2703125 0.81640625 0.16171875 0.11171875