6 0.137048209375 0 0.057463612500000004 0.056161748437500006 0 0.46503659375 0 0.9165311296875001 0.01167705 0.9362844718750001 0.4650365953125 1 0.7420838828125 1 0.8294793953124999 0.9062536140624999 0.898584915625 0.8074881906250001 0.984397046875 0.6459841843749999 1 0.5088806375 1 0.4872193546875 0.9893317343750001 0.3863315390625 0.942087034375 0.259380240625 0.8758513812500001 0.1623032109375 0.7817069390625 0.060317695312499996 0.7465582859375 0.0297377203125 0.5349634078125 0 0.137048209375 0
3 0.79921875 0.57890625 0.275 0.2890625
3 0.734375 0.29453125 0.246875 0.365625
3 0.63828125 0.77734375 0.4296875 0.4453125
3 0.55859375 0.5296875 0.171875 0.140625
3 0.23359375 0.6421875 0.35 0.309375
3 0.2359375 0.3359375 0.3625 0.359375
3 0.490625 0.134375 0.259375 0.26875
2 0.5734375 0.4203125 0.1203125 0.146875
2 0.490625 0.34765625 0.18125 0.196875
2 0.509375 0.6390625 0.1515625 0.165625
2 0.1890625 0.7546875 0.159375 0.3015625
2 0.03671875 0.646875 0.0734375 0.1375
2 0.14296875 0.309375 0.1609375 0.0984375
2 0.21875 0.228125 0.1328125 0.1765625