6 0.49428056875 0 0.3948888671875 0.008759004687499999 0.26713237031250003 0.0537809046875 0.16891415468749998 0.11831224062500001 0.065301125 0.21066245156250002 0.0341123796875 0.2452720578125 0 0.4606491484375 0 0.8633755265625 0.048506021875 0.9347229421875 0.46064914687499997 1 0.920409596875 1 0.9276956125 0.9958627906249999 1 0.53935085625 1 0.26267386406250004 0.9119419484375 0.1776608890625 0.8143976234375 0.10684219843750001 0.6544158453125 0.0182245046875 0.5158480359375 0 0.49428056875 0
3 0.584375 0.20234375 0.2921875 0.2796875
3 0.29921875 0.26171875 0.3671875 0.253125
3 0.77734375 0.36484375 0.4453125 0.4359375
3 0.53046875 0.44140625 0.14375 0.1734375
3 0.6375 0.76875 0.3140625 0.353125
3 0.33125 0.7609375 0.3640625 0.3671875
3 0.134375 0.503125 0.26875 0.2625
2 0.421875 0.425 0.1484375 0.1234375
2 0.34765625 0.50703125 0.1984375 0.1828125
2 0.63984375 0.49296875 0.1671875 0.1546875
2 0.74921875 0.815625 0.303125 0.1640625
2 0.63828125 0.96328125 0.1390625 0.0734375
2 0.303125 0.85390625 0.1015625 0.1625
2 0.2234375 0.7765625 0.178125 0.134375