6 0.348952309375 0 0.3164614203125 0.07564219531250001 0.263080528125 0.269998896875 0.240359315625 0.47107470781250005 0.24069514218750002 0.6927090109375 0.25109197031249997 0.80035025625 0.3266825875 0.9761772734375 0.5207031203125 1 0.7178911484375 1 0.7307735671875 0.98038529375 0.757812384375 0.9004026640625 0.75997656875 0.8827768046875001 0.7752846734375 0.7140297390625 0.8017637359374999 0.161820996875 0.7981902953125 0.0391551875 0.6818544906249999 0.024870946875 0.473643840625 0 0.348952309375 0
3 0.52890625 0.421875 0.328125 0.6203125
2 0.42421875 0.646875 0.0578125 0.1078125
2 0.4921875 0.46328125 0.05 0.13125
2 0.509375 0.5359375 0.0578125 0.146875
2 0.55625 0.41796875 0.05625 0.1515625
2 0.59765625 0.36328125 0.0390625 0.0875
2 0.71875 0.22421875 0.0640625 0.16875
2 0.56171875 0.06796875 0.053125 0.09375
2 0.40703125 0.23515625 0.08125 0.203125
2 0.425 0.06484375 0.0671875 0.103125
2 0.35625 0.43046875 0.04375 0.08125
2 0.33671875 0.546875 0.04375 0.0625
2 0.465625 0.8546875 0.04375 0.0609375
2 0.55546875 0.69140625 0.0296875 0.0453125