6 0.32111436875 0.798828125 0.8724340171874999 0.7578125 0.9941348968750001 0.7392578125 0.9926686218749999 0.29296875 0.8988269796875 0.265625 0.6994134890625 0.236328125 0.49706744843750006 0.23828125 0.2771261 0.265625 0.17155425156249998 0.2890625 0.005865103125 0.3857421875 0.005865103125 0.7646484375 0.0513196484375 0.787109375 0.1363636359375 0.8046875 0.32111436875 0.798828125
3 0.58125 0.51953125 0.59453125 0.2578125
2 0.3453125 0.44296875 0.10234375 0.0453125
2 0.53515625 0.4875 0.128125 0.034375
2 0.465625 0.51328125 0.14296875 0.040625
2 0.58828125 0.54609375 0.14921875 0.03984375
2 0.64765625 0.58046875 0.084375 0.0296875
2 0.80078125 0.68359375 0.16328125 0.04375
2 0.93671875 0.50859375 0.08828125 0.04296875
2 0.7515625 0.37578125 0.1984375 0.05703125
2 0.92265625 0.37265625 0.096875 0.05625
2 0.5515625 0.34921875 0.0796875 0.034375
2 0.43359375 0.34375 0.05859375 0.03671875
2 0.14375 0.509375 0.05625 0.0390625
2 0.31640625 0.578125 0.0421875 0.0265625