6 0.26330241875 0 0.24440127656250002 0.0323508125 0.22158548125 0.11363893124999999 0.22034673124999998 0.1313539 0.21389114375 0.30067086875000004 0.21634874218750003 0.853508634375 0.22633711875 0.9758193140625 0.3432610671875 0.9839954328125 0.5834760140624999 1 0.6738403015625 1 0.70549621875 0.9141705703125 0.748632109375 0.7172864875 0.7607986890625 0.5152971078124999 0.7488638796875 0.293984121875 0.7328477921875 0.187034525 0.64815869375 0.015404578125000002 0.4278629703125 0 0.26330241875 0
3 0.475 0.5796875 0.2984375 0.6109375
2 0.56796875 0.35 0.053125 0.10625
2 0.51015625 0.5359375 0.04375 0.1296875
2 0.4890625 0.46484375 0.05 0.146875
2 0.44765625 0.58515625 0.05 0.1515625
2 0.409375 0.64140625 0.0359375 0.0859375
2 0.29609375 0.7875 0.0546875 0.1671875
2 0.4609375 0.93515625 0.0484375 0.0921875
2 0.60625 0.759375 0.071875 0.2
2 0.59765625 0.93046875 0.0625 0.1
2 0.646875 0.56171875 0.0390625 0.0796875
2 0.66015625 0.44453125 0.0421875 0.0609375
2 0.515625 0.14375 0.040625 0.059375
2 0.43515625 0.31171875 0.028125 0.04375