6 0.078052940625 0 0.0711422125 0.0114748984375 0.065982675 0.0440509359375 0 0.4848160609375 0 0.644071178125 0.19879983750000002 0.8520403328124999 0.27072605312500003 0.8832070359375 0.43762601874999996 0.918836634375 0.45157216718750004 0.9210454859375 0.5944973859375 0.8721970421874999 0.7243146609375 0.7721323515625 0.8509582640625 0.6419029359375 0.930733075 0.539844709375 0.9880130671874999 0.4124714734375 1 0.3748208875 1 0.0775454546875 0.9980561046875 0.0729483953125 0.5341894578125 0 0.078052940625 0
5 0.37109375 0.525 0.1296875 0.1171875
5 0.4265625 0.609375 0.1265625 0.1203125
5 0.44140625 0.71484375 0.125 0.13125
5 0.30234375 0.6484375 0.1 0.1015625
5 0.23828125 0.7 0.096875 0.1015625
5 0.25859375 0.5375 0.096875 0.1140625
5 0.1484375 0.6171875 0.0984375 0.0953125
5 0.04609375 0.52421875 0.0859375 0.0859375
5 0.0234375 0.42265625 0.04375 0.0703125
5 0.14765625 0.44375 0.103125 0.090625
5 0.2109375 0.35703125 0.0984375 0.109375
5 0.3484375 0.3453125 0.1 0.1046875
5 0.24375 0.19296875 0.1015625 0.1046875
5 0.11015625 0.14609375 0.078125 0.0921875
5 0.64140625 0.32734375 0.1484375 0.1421875
4 0.26015625 0.025 0.0984375 0.05
4 0.37109375 0.05703125 0.1046875 0.0921875
4 0.33125 0.16640625 0.08125 0.0734375
4 0.4953125 0.20546875 0.0890625 0.1
4 0.4359375 0.1640625 0.109375 0.1046875
4 0.5578125 0.2625 0.1234375 0.1375
4 0.440625 0.4046875 0.1109375 0.115625
4 0.76484375 0.340625 0.0953125 0.1125
4 0.8125 0.265625 0.084375 0.075
4 0.3171875 0.75 0.096875 0.0859375
4 0.16484375 0.159375 0.0671875 0.0625