6 0.3369140625 0.9685863875 0.4716796875 0.9319371734375 0.5849609375 0.869109946875 0.7333984375 0.7643979062499999 0.8525390625 0.6518324609375 0.923828125 0.51701570625 0.9140625 0.3337696328125 0.89453125 0.257853403125 0.7021484375 0.0052356015625 0.0849609375 0 0.0009765625 0.0340314140625 0 0.9253926703124999 0.0693359375 0.9685863875 0.1650390625 0.9947643984375001 0.3369140625 0.9685863875
5 0.54453125 0.3765625 0.1 0.1140625
5 0.61953125 0.44453125 0.10546875 0.1109375
5 0.72109375 0.47578125 0.115625 0.1078125
5 0.67734375 0.328125 0.08984375 0.08828125
5 0.73828125 0.27265625 0.08984375 0.084375
5 0.575 0.2671875 0.103125 0.08203125
5 0.67109375 0.17109375 0.08203125 0.08515625
5 0.5953125 0.05546875 0.07421875 0.075
5 0.4984375 0.0171875 0.06640625 0.034375
5 0.49921875 0.14296875 0.07578125 0.0921875
5 0.40390625 0.1921875 0.096875 0.08359375
5 0.37109375 0.32578125 0.09140625 0.0859375
5 0.23671875 0.19921875 0.09296875 0.0875
5 0.21171875 0.059375 0.08359375 0.065625
5 0.30703125 0.6125 0.12265625 0.1328125
4 0.046875 0.1859375 0.08125 0.0875
4 0.0828125 0.303125 0.07734375 0.09375
4 0.196875 0.28125 0.06328125 0.07109375
4 0.21015625 0.44921875 0.08984375 0.0765625
4 0.178125 0.384375 0.090625 0.09609375
4 0.25625 0.5203125 0.12265625 0.10625
4 0.41484375 0.4265625 0.10234375 0.09765625
4 0.30078125 0.73671875 0.10078125 0.07890625
4 0.21953125 0.771875 0.06484375 0.0734375
4 0.77578125 0.35859375 0.07421875 0.0859375
4 0.215625 0.115625 0.05234375 0.06015625