6 0.47017296093749994 0 0 0.06660387031250001 0 0.514989321875 0.037953629687500004 0.7693672968749999 0.31488748437499997 0.92472025 0.392783128125 0.9334959265625 0.5628074468750001 0.9187718515625001 0.5767900203125 0.9168067296875 0.6991881828125 0.8283054406250001 0.7940769765625 0.6946582015625 0.8771114609374999 0.5330921859375 0.923561553125 0.412169521875 0.9410983515625 0.27361484062499997 0.9430445796875 0.10468582343749999 0.9419913921875 0.097192009375 0.9038586750000001 0.008640767187499999 0.89662839375 0 0.47017296093749994 0
5 0.38359375 0.5609375 0.128125 0.115625
5 0.46171875 0.62578125 0.125 0.11875
5 0.50703125 0.72265625 0.1234375 0.1296875
5 0.3546875 0.69921875 0.0984375 0.1
5 0.3078125 0.76796875 0.0953125 0.1
5 0.2796875 0.60703125 0.0953125 0.1140625
5 0.1984375 0.71484375 0.096875 0.09375
5 0.0734375 0.65625 0.084375 0.084375
5 0.021875 0.565625 0.04375 0.0703125
5 0.14609375 0.54921875 0.1015625 0.0890625
5 0.18203125 0.44765625 0.096875 0.1078125
5 0.309375 0.396875 0.0984375 0.103125
5 0.165625 0.28125 0.1 0.103125
5 0.03046875 0.275 0.0609375 0.090625
5 0.584375 0.29296875 0.146875 0.140625
4 0.12578125 0.0953125 0.0984375 0.0921875
4 0.246875 0.1140625 0.103125 0.090625
4 0.24140625 0.23046875 0.0796875 0.071875
4 0.409375 0.2203125 0.0875 0.0984375
4 0.340625 0.19765625 0.1078125 0.103125
4 0.4859375 0.25546875 0.121875 0.1359375
4 0.415625 0.42578125 0.109375 0.1140625
4 0.70703125 0.26953125 0.09375 0.1109375
4 0.73046875 0.184375 0.0828125 0.0734375
4 0.3984375 0.79296875 0.0953125 0.084375
4 0.0796875 0.271875 0.065625 0.0609375