6 0.5 0.5 1 1
5 0.57265625 0.53515625 0.19375 0.1921875
5 0.58359375 0.72734375 0.165625 0.1734375
5 0.45859375 0.83046875 0.159375 0.20625
5 0.7265625 0.759375 0.20625 0.1859375
5 0.72890625 0.60625 0.1828125 0.1640625
5 0.82421875 0.46796875 0.153125 0.171875
5 0.95625 0.50703125 0.0875 0.1640625
5 0.77578125 0.19609375 0.1125 0.2078125
5 0.8859375 0.06171875 0.1703125 0.1125
5 0.86796875 0.215625 0.11875 0.1140625
5 0.40546875 0.08125 0.1703125 0.1625
5 0.390625 0.58515625 0.1140625 0.278125
5 0.2921875 0.57890625 0.1390625 0.2671875
5 0.56484375 0.92109375 0.1265625 0.1578125
5 0.74375 0.8546875 0.1484375 0.121875
5 0.91796875 0.815625 0.15625 0.1921875