6 0.5 0.5 1 1
5 0.42421875 0.471875 0.203125 0.2015625
5 0.396875 0.28125 0.1734375 0.18125
5 0.5125 0.1671875 0.1703125 0.2140625
5 0.2515625 0.2609375 0.215625 0.196875
5 0.26328125 0.4140625 0.190625 0.1734375
5 0.1796875 0.56015625 0.1609375 0.178125
5 0.04609375 0.5328125 0.0921875 0.16875
5 0.2515625 0.8265625 0.1234375 0.2140625
5 0.15390625 0.9546875 0.1765625 0.090625
5 0.1578125 0.815625 0.125 0.1203125
5 0.6296875 0.9109375 0.178125 0.1734375
5 0.6015625 0.40625 0.128125 0.2828125
5 0.7 0.403125 0.153125 0.275
5 0.3984375 0.08515625 0.134375 0.165625
5 0.2265625 0.16796875 0.1546875 0.128125
5 0.06953125 0.221875 0.1390625 0.2