6 0.5 0.5 1 1
5 0.53359375 0.4265625 0.18828125 0.18984375
5 0.72578125 0.4125 0.1703125 0.16328125
5 0.83125 0.5359375 0.20390625 0.15625
5 0.75546875 0.26875 0.1828125 0.20234375
5 0.60234375 0.26953125 0.16171875 0.17890625
5 0.4625 0.1765625 0.16875 0.14921875
5 0.49921875 0.04296875 0.1625 0.0859375
5 0.19140625 0.2296875 0.20625 0.1078125
5 0.0546875 0.121875 0.109375 0.1703125
5 0.209375 0.13671875 0.11171875 0.1171875
5 0.08125 0.60078125 0.1625 0.1671875
5 0.58671875 0.6078125 0.27734375 0.1078125
5 0.5828125 0.70625 0.26640625 0.13359375
5 0.92109375 0.42734375 0.15703125 0.12421875
5 0.85 0.25 0.11875 0.14765625
5 0.80859375 0.0765625 0.18828125 0.153125