6 0.610450871875 0 0.587155571875 0.002860303125 0.47301925625 0.033453134375 0.4455105546875 0.051589221875 0.40891498593750003 0.0954384453125 0.39715788125 0.1421412671875 0.3518894734375 0.20082992968750002 0.31018138125 0.23153234375 0.294863959375 0.30622141406250003 0.30164266562500003 0.332938190625 0.282630803125 0.34904710156249996 0.2955981875 0.4261666125 0.27825250625 0.45584549062499996 0.283013028125 0.49461682500000004 0.2624590328125 0.5266574281249999 0.2621070296875 0.552281953125 0.28445125937500004 0.563312975 0.28659349375 0.5807600749999999 0.2790487578125 0.59054151875 0.24113900937500002 0.59519625 0.23335624843749997 0.603039128125 0.2389448234375 0.6200630703125001 0.2633072359375 0.6190395343749999 0.26724977656250004 0.7366230093749999 0.32941803593749996 0.8155725828125 0.3132624859375 0.8549442953125 0.31505271874999996 0.8980159203125 0.3465559125 0.9551493859375 0.41976719687499997 0.9815804375000001 0.43317663125 1 0.5261740546875 1 0.813012125 0.9647807140625 0.8313099093749999 0.9428561015625 0.8346322 0.9129312859375001 0.7769864375 0.8708144796875 0.8208987859375 0.8723099968750001 0.8450751234375 0.8270339734375 0.857888234375 0.703457578125 0.87666206875 0.6854101 0.8665509984374999 0.6315533906249999 0.9513433890625 0.6240938828125 0.958650096875 0.612373871875 0.8854287375000001 0.528878071875 0.8645025937499999 0.4724137 0.8694910671875 0.4560588515625 0.8862467171875 0.45006593125 0.8890929562500001 0.41626398125 0.9559915125 0.3627906421875 0.96816058125 0.3254974015625 0.9679231187499999 0.323563425 0.9339372625 0.311384265625 0.9010260640625001 0.3567488984375 0.8575897640625 0.359130515625 0.8385678249999999 0.318174678125 0.7809220640625 0.276057871875 0.7554834968749999 0.2398254828125 0.7588057890625 0.20990066718749997 0.7456104531250001 0.18790733906249998 0.767892653125 0.1841875328125 0.7717530234375001 0.1728906796875 0.7494708203125 0.1766104859375 0.7400218781250001 0.170883396875 0.7263404171875 0.0879481859375 0.6897347734375 0.074732659375 0.687706515625 0.029722468749999998 0.6565653984375001 0.004029228125 0.6284448265625 0 0.610450871875 0
2 0.55625 0.43125 0.1046875 0.1796875
2 0.6421875 0.30625 0.096875 0.1
2 0.56328125 0.2984375 0.0625 0.0625
2 0.38125 0.453125 0.0875 0.065625
2 0.4484375 0.5078125 0.0625 0.0875
2 0.50546875 0.65703125 0.071875 0.1125
2 0.33671875 0.7578125 0.0671875 0.071875
2 0.4 0.67265625 0.0546875 0.04375
2 0.321875 0.61484375 0.0640625 0.05
2 0.3125 0.42421875 0.046875 0.05625
2 0.5421875 0.7453125 0.0375 0.09375
2 0.78515625 0.1890625 0.1578125 0.1390625
2 0.87734375 0.28515625 0.078125 0.053125