6 0.70340125625 1 0.707849828125 0.9891721640625001 0.6640461296875 0.932797565625 0.7058451671875 0.94633903125 0.7415647187500001 0.9094808265625 0.7879437421875 0.7942233437499999 0.81096486875 0.7820497640624999 0.8160904062500001 0.7274923828125 0.8996542015625 0.74369379375 0.9099083328124999 0.7344417984375 0.86253800625 0.6339979421875 0.8579861953125001 0.5739528765624999 0.86728943125 0.5596065968749999 0.8850478687500001 0.558464315625 0.8971009296875 0.5267563265625 0.9761472 0.49379419375 0.99812426875 0.46129988125 0.99842908125 0.45937536874999996 0.9691168109375001 0.43830023906250004 0.9249763484375 0.47283596718750004 0.882566234375 0.46315265781250003 0.8755701328125 0.4185402234375 0.8317664359375 0.362165625 0.8173003156249999 0.3203249984375 0.8287423046875 0.2924751671875 0.8221203156250001 0.2676966953125 0.844564659375 0.27026279531249997 0.8513893203125 0.260467625 0.8289449734375 0.25790152499999996 0.8214406671875001 0.2497918109375 0.8311492453125 0.16629824843750002 0.799604334375 0.1435047875 0.8100611390625 0.09967915000000001 0.7872083921875 0.066397565625 0.7536336 0.051340796875000004 0.720809584375 0.046141984375 0.6026621890625 0.044089467187499995 0.57122014375 0.053940568749999994 0.5239557421875001 0.08600404218749999 0.4997810453125 0.12765697812500001 0.4400894703125 0.1715944765625 0.391534346875 0.1896112234375 0.3562231984375 0.2571849125 0.35537516875 0.284735190625 0.332659575 0.294979690625 0.32386760625 0.3726860171875 0.299013259375 0.39643406875 0.2929025390625 0.4350156453125 0.264313184375 0.4601496 0.2569117421875 0.48468444843749997 0.2753498296875 0.5014470515625 0.27260000624999997 0.5188087609375 0.262651409375 0.526131678125 0.22492720312499997 0.5201567500000001 0.21528414218749997 0.5255505874999999 0.21596379062499999 0.543455471875 0.23966456875 0.5491867781249999 0.211043984375 0.6633019796874999 0.2490425 0.756329075 0.2226604734375 0.7897225203125 0.21250920624999997 0.831619078125 0.227043903125 0.8952227468749999 0.29013372187500003 0.9408096703125001 0.30239251093749997 0.97439080625 0.46408259531249996 1 0.70340125625 1
2 0.57265625 0.44921875 0.109375 0.18125
2 0.68984375 0.353125 0.0984375 0.103125
2 0.61640625 0.32421875 0.0640625 0.0640625
2 0.3984375 0.421875 0.0890625 0.06875
2 0.4484375 0.49296875 0.065625 0.0890625
2 0.46171875 0.65234375 0.075 0.1140625
2 0.271875 0.70234375 0.06875 0.0734375
2 0.35625 0.63828125 0.0546875 0.0453125
2 0.29765625 0.5609375 0.065625 0.053125
2 0.340625 0.37578125 0.0484375 0.0578125
2 0.47265625 0.746875 0.040625 0.09375
2 0.86015625 0.2796875 0.1609375 0.1421875
2 0.921875 0.39765625 0.0796875 0.0546875