6 0.0986328125 0.7291666671875 0.091796875 0.7725694437499999 0.1337890625 0.8020833328125001 0.2548828125 0.8298611109375 0.2705078125 0.8506944437499999 0.3251953125 0.847222221875 0.322265625 0.9322916671874999 0.3330078125 0.940972221875 0.4248046875 0.878472221875 0.4833984375 0.8645833328125001 0.4990234375 0.871527778125 0.5029296875 0.8888888890625 0.5361328125 0.8958333328125001 0.5810546875 0.96875 0.6181640625 0.9861111109375 0.634765625 0.953125 0.59375 0.9149305562500001 0.5966796875 0.871527778125 0.6396484375 0.8576388890625 0.6884765625 0.8055555562500001 0.7275390625 0.784722221875 0.7568359375 0.7916666671875 0.7802734375 0.78125 0.78125 0.8038194437499999 0.7919921875 0.809027778125 0.791015625 0.7864583328125 0.7978515625 0.777777778125 0.8818359375 0.7743055562500001 0.8994140625 0.7395833328125 0.9443359375 0.7430555562500001 0.9736328125 0.715277778125 0.986328125 0.668402778125 0.966796875 0.5295138890625 0.9521484375 0.5 0.9130859375 0.4583333328125 0.8681640625 0.44097222187499996 0.8154296875 0.3888888890625 0.7900390625 0.34375 0.7177734375 0.31944444375000003 0.6904296875 0.3229166671875 0.6767578125 0.3020833328125 0.5986328125 0.30555555624999997 0.5712890625 0.28472222187499996 0.5322265625 0.28472222187499996 0.5029296875 0.2604166671875 0.4775390625 0.25694444375000003 0.4638671875 0.27777777812500004 0.4462890625 0.27777777812500004 0.4375 0.26909722187499996 0.4375 0.230902778125 0.4306640625 0.222222221875 0.4130859375 0.22569444375 0.4111328125 0.25 0.2939453125 0.23958333281250002 0.2080078125 0.2916666671875 0.1708984375 0.2708333328125 0.1279296875 0.2673611109375 0.0673828125 0.2916666671875 0.0322265625 0.3611111109375 0.0009765625 0.37847222187499996 0.0009765625 0.753472221875 0.0205078125 0.7743055562500001 0.0498046875 0.78125 0.0986328125 0.7291666671875
2 0.56171875 0.5640625 0.17109375 0.08515625
2 0.675 0.66484375 0.08984375 0.08515625
2 0.6921875 0.5875 0.05703125 0.0578125
2 0.5609375 0.3875 0.05625 0.0796875
2 0.4984375 0.44765625 0.08125 0.053125
2 0.34375 0.4859375 0.1046875 0.0609375
2 0.2640625 0.30625 0.06640625 0.06015625
2 0.340625 0.3796875 0.0375 0.05
2 0.4078125 0.309375 0.04296875 0.059375
2 0.59765625 0.3234375 0.05234375 0.0390625
2 0.2515625 0.51171875 0.090625 0.0265625
2 0.77421875 0.82109375 0.121875 0.14375
2 0.6671875 0.90078125 0.04453125 0.0734375