6 0.1279296875 0 0.0771484375 0.005847953125 0.0234375 0.0716374265625 0 0.1154970765625 0 0.630116959375 0.0791015625 0.733918128125 0.2138671875 0.83040935625 0.3544921875 0.8625731 0.7333984375 0.733918128125 0.9462890625 0.6228070171875 0.986328125 0.5131578953125 1 0.3201754390625 0.982421875 0.1827485375 0.9267578125 0.084795321875 0.8642578125 0.0233918125 0.7939453125 0 0.1279296875 0
5 0.859375 0.41015625 0.13515625 0.14296875
5 0.83671875 0.23203125 0.11328125 0.12734375
5 0.7171875 0.11640625 0.078125 0.11484375
5 0.709375 0.50703125 0.1296875 0.15
5 0.62578125 0.29453125 0.09296875 0.1203125
5 0.5078125 0.1203125 0.115625 0.1015625
5 0.45234375 0.3640625 0.140625 0.1234375
5 0.49921875 0.5671875 0.14765625 0.103125
5 0.19453125 0.53203125 0.1203125 0.13359375
5 0.165625 0.37265625 0.1265625 0.1453125
5 0.10625 0.17265625 0.1140625 0.10546875
5 0.315625 0.1640625 0.134375 0.090625
1 0.86015625 0.26953125 0.06171875 0.0640625
1 0.76171875 0.3625 0.065625 0.0671875
1 0.76875 0.5046875 0.05859375 0.06484375
1 0.696875 0.1921875 0.05078125 0.06640625
1 0.7546875 0.0515625 0.0453125 0.05859375
1 0.6328125 0.10703125 0.05234375 0.06328125
1 0.5640625 0.16328125 0.04765625 0.06171875
1 0.5953125 0.43203125 0.0875 0.128125
1 0.57265625 0.425 0.046875 0.059375
1 0.46796875 0.45859375 0.06171875 0.07265625
1 0.44140625 0.5953125 0.0515625 0.06015625
1 0.63125 0.60234375 0.0625 0.05078125
1 0.3890625 0.53671875 0.0875 0.10390625
1 0.246875 0.49453125 0.0640625 0.03046875
1 0.05703125 0.49609375 0.0578125 0.06484375
1 0.1421875 0.3921875 0.06328125 0.07890625
1 0.26328125 0.2328125 0.0625 0.05859375
1 0.34609375 0.17890625 0.03984375 0.03671875
1 0.43359375 0.18125 0.04765625 0.05078125
1 0.434375 0.3 0.0578125 0.07265625
1 0.50234375 0.31015625 0.0375 0.05546875
1 0.44921875 0.12734375 0.028125 0.05859375
1 0.39140625 0.125 0.08203125 0.0375
1 0.30625 0.028125 0.05390625 0.05390625
1 0.26328125 0.1359375 0.05390625 0.0703125
1 0.17734375 0.121875 0.04375 0.05625
1 0.10234375 0.08203125 0.046875 0.046875
1 0.046875 0.2390625 0.04765625 0.0546875