6 1 0.49127244843750006 0.995152484375 0.3524577640625 0.9124765 0.2514804328125 0.7744254749999999 0.1597512375 0.6333270734374999 0.13262315625 0.632391578125 0.132655825 0.2585782046875 0.274315065625 0.0496949890625 0.392788265625 0.013507015624999999 0.5037679359375 0.006578459375 0.6971099734374999 0.028942006250000003 0.8338396906250001 0.087990678125 0.9297905875 0.15259555625000001 0.9889754734375 0.19005021875 1 0.507156590625 1 0.8892914921875 0.9866555546875 0.9398377171875 0.979038925 0.9912199156250001 0.9114150437499999 1 0.8935076421874999 1 0.49127244843750006
5 0.14375 0.60234375 0.1390625 0.146875
5 0.17265625 0.7796875 0.11875 0.1296875
5 0.29609375 0.890625 0.0828125 0.1171875
5 0.290625 0.5 0.1359375 0.1546875
5 0.38125 0.709375 0.096875 0.1234375
5 0.50546875 0.8796875 0.11875 0.1078125
5 0.55234375 0.634375 0.1453125 0.1265625
5 0.4984375 0.4328125 0.1515625 0.1078125
5 0.80390625 0.45703125 0.125 0.1375
5 0.83828125 0.615625 0.1296875 0.15
5 0.9046875 0.81328125 0.115625 0.1078125
5 0.69609375 0.8296875 0.1375 0.0953125
1 0.1484375 0.74296875 0.0625 0.065625
1 0.24296875 0.646875 0.06875 0.0703125
1 0.23125 0.5046875 0.0609375 0.0671875
1 0.3140625 0.81484375 0.0515625 0.0671875
1 0.2609375 0.95703125 0.0484375 0.0609375
1 0.38125 0.89765625 0.0546875 0.065625
1 0.44765625 0.8390625 0.0484375 0.0625
1 0.40703125 0.57109375 0.0921875 0.13125
1 0.4296875 0.57734375 0.0484375 0.0609375
1 0.53359375 0.540625 0.0640625 0.075
1 0.55546875 0.40234375 0.053125 0.0609375
1 0.365625 0.40234375 0.0640625 0.053125
1 0.609375 0.459375 0.090625 0.1078125
1 0.753125 0.496875 0.0640625 0.03125
1 0.94296875 0.48828125 0.059375 0.065625
1 0.86171875 0.5953125 0.065625 0.0796875
1 0.74609375 0.75859375 0.0640625 0.0609375
1 0.66484375 0.815625 0.040625 0.0375
1 0.57734375 0.81640625 0.05 0.0515625
1 0.57265625 0.69765625 0.059375 0.0734375
1 0.50390625 0.68984375 0.0390625 0.05625
1 0.5640625 0.8703125 0.0296875 0.059375
1 0.621875 0.87109375 0.084375 0.040625
1 0.71015625 0.96484375 0.0546875 0.0546875
1 0.74921875 0.85546875 0.0578125 0.0734375
1 0.8359375 0.86640625 0.0453125 0.0578125
1 0.91171875 0.90390625 0.0484375 0.0484375
1 0.96171875 0.7453125 0.0484375 0.0546875