6 0.49563659531250004 0 0.3611218375 0.0023479640625 0.2587169921875 0.0832490578125 0.16459244374999998 0.2196781625 0.13500598749999998 0.360281621875 0.135022325 0.3612175453125 0.270136046875 0.73744628125 0.3849456890625 0.9483653249999999 0.49527688750000004 0.9864846484375001 0.6884685593750001 0.9967864328125 0.8255677499999999 0.9768125546875 0.922534575 0.9194474515625 0.98283795625 0.85588533125 1 0.80112599375 1 0.49877793593749997 0.993375509375 0.11926110937500001 0.986642190625 0.0685896546875 0.9199253531249999 0.01603508125 0.8886155718750001 0 0.49563659531250004 0
5 0.59609375 0.8578125 0.14375 0.1375
5 0.7734375 0.83203125 0.128125 0.115625
5 0.8875 0.71015625 0.115625 0.0796875
5 0.496875 0.709375 0.1515625 0.134375
5 0.7078125 0.621875 0.121875 0.09375
5 0.8796875 0.5015625 0.1046875 0.1171875
5 0.63515625 0.45 0.125 0.1421875
5 0.4328125 0.50078125 0.10625 0.15
5 0.4625 0.1953125 0.134375 0.121875
5 0.621875 0.16328125 0.146875 0.128125
5 0.8203125 0.10078125 0.10625 0.1140625
5 0.8328125 0.31015625 0.0921875 0.1359375
1 0.73671875 0.85625 0.065625 0.0625
1 0.6421875 0.759375 0.0703125 0.0671875
1 0.5 0.76875 0.0671875 0.0609375
1 0.8109375 0.69140625 0.0671875 0.0515625
1 0.953125 0.746875 0.0609375 0.0484375
1 0.8953125 0.62578125 0.065625 0.0546875
1 0.8375 0.5578125 0.0625 0.0484375
1 0.56953125 0.59375 0.1296875 0.0890625
1 0.5765625 0.57109375 0.0609375 0.0484375
1 0.540625 0.4671875 0.075 0.0625
1 0.40390625 0.44296875 0.0609375 0.053125
1 0.4 0.6328125 0.053125 0.0640625
1 0.46171875 0.38984375 0.10625 0.0890625
1 0.50078125 0.246875 0.03125 0.0625
1 0.49609375 0.05703125 0.065625 0.059375
1 0.6015625 0.140625 0.0796875 0.0640625
1 0.76328125 0.25859375 0.0609375 0.0640625
1 0.81796875 0.340625 0.0359375 0.0390625
1 0.8171875 0.428125 0.0515625 0.05
1 0.6984375 0.43125 0.0734375 0.0578125
1 0.68984375 0.49921875 0.0546875 0.0390625
1 0.871875 0.44296875 0.0578125 0.0296875
1 0.8734375 0.38515625 0.0390625 0.0828125
1 0.96875 0.29765625 0.0546875 0.0546875
1 0.86015625 0.25703125 0.0734375 0.05625
1 0.87265625 0.17109375 0.05625 0.0453125
1 0.9109375 0.0953125 0.0484375 0.0484375
1 0.753125 0.0421875 0.0546875 0.0484375