6 0.46064914375 0 0 0.0729596578125 0 0.5393508546875 0.0729596578125 1 0.53935085625 1 1 0.9270403421875001 1 0.4606491484375 0.9407525281250001 0.0865753359375 0.9283682375 0.0845506625 0.7987491906249999 0.050864553125 0.6520735453125 0.016491375 0.5037129375 0 0.46064914375 0
3 0.809375 0.6578125 0.38125 0.628125
3 0.415625 0.640625 0.6203125 0.4078125
3 0.40078125 0.38046875 0.5703125 0.346875
3 0.21640625 0.3015625 0.315625 0.14375
3 0.05390625 0.3640625 0.1078125 0.23125
3 0.26796875 0.115625 0.378125 0.221875
3 0.55390625 0.12265625 0.2765625 0.2453125
3 0.8953125 0.23046875 0.175 0.2828125
8 0.75234375 0.1265625 0.1546875 0.1203125
8 0.8265625 0.23984375 0.1640625 0.1296875
8 0.703125 0.28984375 0.240625 0.2375
8 0.10390625 0.14453125 0.19375 0.18125
8 0.0515625 0.19296875 0.103125 0.2203125
8 0.2546875 0.53359375 0.228125 0.2171875
8 0.70546875 0.82109375 0.3640625 0.3484375
2 0.51640625 0.8609375 0.109375 0.159375
2 0.08046875 0.5078125 0.1578125 0.253125
2 0.17109375 0.4171875 0.125 0.08125
2 0.37734375 0.48984375 0.071875 0.10625
2 0.44921875 0.25546875 0.2046875 0.2171875
2 0.3578125 0.06328125 0.096875 0.0953125
2 0.89921875 0.3796875 0.190625 0.14375