6 0.48253961562500003 0 0 0.0337424578125 0 0.517460375 0.0337424578125 1 0.517460384375 1 0.5920700421875 0.994782784375 0.7569416859375 0.936907225 0.8921257609375 0.8704201890625001 1 0.814101421875 1 0.4825396171875 0.9662575421874999 0 0.48253961562500003 0
3 0.7984375 0.28359375 0.403125 0.5671875
3 0.3859375 0.38203125 0.596875 0.3609375
3 0.4296875 0.6390625 0.5515625 0.303125
3 0.26796875 0.7578125 0.3109375 0.1171875
3 0.075 0.73828125 0.1328125 0.2234375
3 0.36015625 0.91484375 0.3671875 0.1703125
3 0.640625 0.86640625 0.2578125 0.25
3 0.934375 0.6734375 0.13125 0.275
8 0.8296875 0.80703125 0.146875 0.109375
8 0.8765625 0.6796875 0.15625 0.1171875
8 0.7453125 0.659375 0.225 0.221875
8 0.19296875 0.92578125 0.1828125 0.1484375
8 0.0984375 0.9015625 0.15625 0.196875
8 0.253125 0.52265625 0.2140625 0.2015625
8 0.6265625 0.15078125 0.340625 0.3015625
2 0.434375 0.14453125 0.096875 0.153125
2 0.0890625 0.58671875 0.1375 0.2453125
2 0.1984375 0.6546875 0.121875 0.071875
2 0.3828125 0.5375 0.0640625 0.1015625
2 0.50546875 0.74921875 0.1890625 0.2046875
2 0.459375 0.95625 0.090625 0.0875
2 0.9125 0.5265625 0.175 0.13125