6 0 0 0 0.9883816281250001 0.02391144375 1 1 1 1 0.160614165625 0.9880849078124999 0.1566770890625 0.8653313562499999 0.10312882500000001 0.7258386812500001 0.0462337125 0.5573314625 0 0 0
3 0.81640625 0.7109375 0.3671875 0.578125
3 0.39453125 0.62578125 0.57578125 0.321875
3 0.4203125 0.36640625 0.53359375 0.26640625
3 0.25078125 0.259375 0.3046875 0.096875
3 0.059375 0.2921875 0.11875 0.21640625
3 0.33125 0.084375 0.35703125 0.16875
3 0.61484375 0.125 0.24140625 0.23359375
3 0.9328125 0.2953125 0.134375 0.265625
8 0.8078125 0.1703125 0.13984375 0.09921875
8 0.86328125 0.29453125 0.1484375 0.10859375
8 0.73359375 0.32421875 0.21015625 0.2078125
8 0.1640625 0.08671875 0.17109375 0.15625
8 0.07109375 0.12109375 0.1421875 0.2
8 0.25234375 0.49453125 0.20234375 0.1875
8 0.65234375 0.84921875 0.3203125 0.3015625
2 0.459375 0.859375 0.0890625 0.14765625
2 0.084375 0.4421875 0.12265625 0.23828125
2 0.18828125 0.36640625 0.1171875 0.06328125
2 0.38046875 0.47109375 0.05703125 0.0984375
2 0.48828125 0.25078125 0.1765625 0.19140625
2 0.428125 0.04609375 0.08515625 0.08359375
2 0.91328125 0.44375 0.1734375 0.1171875