6 1 0.1728515625 0.9111328125 0.087890625 0.8115234375 0.041015625 0.6689453125 0.001953125 0.3056640625 0 0.2255859375 0.0078125 0.0126953125 0.08203125 0.00390625 0.1142578125 0.001953125 0.4267578125 0.44084821406249997 0.44921875 0.4326171875 0.984375 0.5419921875 1 0.7763671875 0.953125 1 0.8232421875 1 0.1728515625
5 0.52265625 0.90625 0.1640625 0.1875
5 0.6671875 0.78359375 0.13828125 0.14921875
5 0.903125 0.70625 0.1546875 0.1421875
5 0.94453125 0.52109375 0.1109375 0.1296875
5 0.77890625 0.578125 0.13515625 0.11015625
5 0.6828125 0.4203125 0.11875 0.10859375
5 0.77734375 0.36171875 0.1171875 0.09609375
5 0.92734375 0.359375 0.115625 0.11875
5 0.8546875 0.2140625 0.1046875 0.11328125
5 0.5890625 0.08984375 0.1015625 0.07109375
5 0.4546875 0.10703125 0.08671875 0.08515625
5 0.3109375 0.08359375 0.1203125 0.11171875
5 0.26953125 0.18359375 0.1140625 0.07109375
5 0.41484375 0.1921875 0.1015625 0.078125
5 0.5375 0.23125 0.10859375 0.1015625
5 0.6359375 0.24765625 0.05859375 0.1046875
5 0.5203125 0.3328125 0.08359375 0.08203125
5 0.37578125 0.29375 0.12109375 0.08203125
5 0.08828125 0.3796875 0.1265625 0.0921875
5 0.03984375 0.284375 0.0796875 0.1203125
5 0.42109375 0.4015625 0.103125 0.09453125
5 0.60234375 0.64296875 0.1546875 0.13359375
4 0.73984375 0.18046875 0.1015625 0.090625
4 0.69921875 0.24765625 0.09453125 0.11328125
4 0.784375 0.246875 0.0515625 0.0640625
4 0.8734375 0.259375 0.1171875 0.0671875
4 0.925 0.4140625 0.07265625 0.0640625
4 0.6140625 0.3421875 0.0890625 0.0765625
4 0.53359375 0.48515625 0.06875 0.0671875
4 0.5921875 0.565625 0.1296875 0.07421875
4 0.64296875 0.67734375 0.15078125 0.15234375
4 0.7671875 0.68046875 0.10625 0.0890625
4 0.8515625 0.75 0.09375 0.1046875
4 0.9640625 0.6765625 0.071875 0.06953125
4 0.61640625 0.928125 0.1171875 0.0875