6 1 0.49937841250000004 0.9785287609375001 0.399480128125 0.44525029062500004 0.4450217171875 0.39222829375 0.00876255 0.080625771875 0.032509815625 0.0490908046875 0.0435254796875 0 0.22396352031250003 0 0.5048362890625 0.0149854328125 0.70376285625 0.063898525 0.8432688046875001 0.1176077390625 0.9393657015624999 0.184273575 1 0.517460378125 1 0.8576159171875 0.9762140078125 0.971333671875 0.7445726609375 1 0.5211043328125 1 0.49937841250000004
5 0.90390625 0.49453125 0.1921875 0.1765625
5 0.79453125 0.646875 0.1578125 0.146875
5 0.73359375 0.8875 0.1546875 0.165625
5 0.5515625 0.940625 0.1375 0.11875
5 0.59765625 0.77265625 0.11875 0.14375
5 0.43359375 0.68828125 0.1171875 0.1265625
5 0.38125 0.7859375 0.103125 0.1234375
5 0.38984375 0.9359375 0.1265625 0.1234375
5 0.23984375 0.8734375 0.11875 0.1109375
5 0.096875 0.6171875 0.0765625 0.1078125
5 0.1046875 0.48203125 0.0921875 0.09375
5 0.07109375 0.340625 0.11875 0.1296875
5 0.16796875 0.2921875 0.078125 0.11875
5 0.18671875 0.43671875 0.084375 0.10625
5 0.234375 0.55625 0.1078125 0.115625
5 0.2578125 0.653125 0.1078125 0.0671875
5 0.334375 0.53203125 0.0875 0.0890625
5 0.2859375 0.390625 0.0890625 0.125
5 0.3515625 0.09765625 0.1 0.1328125
5 0.253125 0.05625 0.1234375 0.0875
5 0.39609375 0.428125 0.1 0.109375
5 0.65 0.5921875 0.14375 0.1640625
4 0.19765625 0.76171875 0.096875 0.1078125
4 0.2625 0.71640625 0.1203125 0.103125
4 0.2671875 0.8015625 0.065625 0.0546875
4 0.2859375 0.8890625 0.0765625 0.1203125
4 0.44375 0.9296875 0.0703125 0.0765625
4 0.35078125 0.625 0.084375 0.0953125
4 0.4875 0.534375 0.071875 0.0734375
4 0.571875 0.5875 0.084375 0.1328125
4 0.68671875 0.63046875 0.1625 0.1625
4 0.6984375 0.75390625 0.096875 0.1125
4 0.77421875 0.83359375 0.1125 0.1015625
4 0.70859375 0.95078125 0.0734375 0.0765625
4 0.93515625 0.5859375 0.0953125 0.1234375