6 0.1331480328125 0 0.050725535937499996 0.160240784375 0.0318443453125 0.2384523046875 0 0.474227296875 0 0.7290733203124999 0.002058790625 0.7450969640625 0.0346146609375 0.8502606859374999 0.1059865234375 0.949538803125 0.4650365984375 1 0.7823339578125 1 0.910184384375 0.8372239421875 0.9892218953125 0.6116536015625 0.988971015625 0.501168453125 0.45787733125 0.4348400203125 0.49645920312499997 0 0.1331480328125 0
5 0.89765625 0.57890625 0.2046875 0.1890625
5 0.7578125 0.7046875 0.165625 0.15625
5 0.64765625 0.9203125 0.1640625 0.159375
5 0.459375 0.9390625 0.14375 0.121875
5 0.53828125 0.78671875 0.1265625 0.15
5 0.3953125 0.6703125 0.125 0.1328125
5 0.32421875 0.75546875 0.1109375 0.1296875
5 0.3015625 0.90390625 0.134375 0.13125
5 0.1671875 0.81171875 0.125 0.1171875
5 0.08125 0.53125 0.084375 0.1125
5 0.1171875 0.40078125 0.096875 0.0984375
5 0.1140625 0.2546875 0.1265625 0.1359375
5 0.21875 0.228125 0.0859375 0.1234375
5 0.20703125 0.37265625 0.0921875 0.1109375
5 0.22890625 0.5 0.1140625 0.121875
5 0.23125 0.59921875 0.1125 0.0734375
5 0.33125 0.496875 0.0921875 0.0953125
5 0.31328125 0.3484375 0.096875 0.1296875
5 0.43828125 0.07578125 0.1078125 0.1375
5 0.35 0.03046875 0.128125 0.0609375
5 0.41328125 0.4078125 0.1078125 0.115625
5 0.62734375 0.62109375 0.153125 0.171875
4 0.15 0.69296875 0.103125 0.1125
4 0.22265625 0.6625 0.1265625 0.1109375
4 0.209375 0.74609375 0.06875 0.0578125
4 0.209375 0.8359375 0.084375 0.1234375
4 0.35546875 0.90859375 0.075 0.0796875
4 0.328125 0.590625 0.090625 0.1
4 0.48046875 0.53125 0.0765625 0.078125
4 0.55234375 0.60078125 0.0921875 0.1375
4 0.65546875 0.66640625 0.171875 0.171875
4 0.64140625 0.78984375 0.103125 0.1171875
4 0.6984375 0.8828125 0.11875 0.1078125
4 0.609375 0.971875 0.078125 0.05625
4 0.9078125 0.675 0.103125 0.128125