6 0.47816739531249997 0 0 0.05073097343750001 0 0.5215622343749999 0.0500539390625 0.9930927593750001 0.10442114218750001 1 0.521671771875 1 0.714561778125 0.9625278375 0.893579965625 0.8906874171875 1 0.8274560015624999 1 0.4840269515625 0.9474288484375 0 0.47816739531249997 0
3 0.590625 0.82109375 0.159375 0.1171875
3 0.7921875 0.8078125 0.165625 0.1203125
3 0.85234375 0.6453125 0.1890625 0.1453125
3 0.60078125 0.61484375 0.1703125 0.1125
3 0.40390625 0.7609375 0.2 0.1046875
3 0.37734375 0.60546875 0.259375 0.2109375
3 0.11796875 0.69296875 0.215625 0.184375
3 0.078125 0.4015625 0.15625 0.38125
3 0.309375 0.34296875 0.2734375 0.1703125
3 0.56953125 0.45703125 0.196875 0.1546875
3 0.7578125 0.38515625 0.196875 0.2046875
2 0.75859375 0.5078125 0.4828125 0.215625
2 0.6890625 0.715625 0.20625 0.171875
2 0.40078125 0.86640625 0.2390625 0.1828125
2 0.20625 0.78515625 0.3734375 0.2234375
2 0.14765625 0.43203125 0.2953125 0.3546875
2 0.5890625 0.32890625 0.35625 0.178125