6 0.478437765625 0 0.006907240625 0.0500539390625 0 0.10442114218750001 0 0.521671771875 0.0374721625 0.714561778125 0.1093125828125 0.893579965625 0.17254399843749998 1 0.5159730484375 1 1 0.9474288484375 1 0.47816739531249997 0.9492690265625001 0 0.478437765625 0
3 0.17890625 0.590625 0.1171875 0.159375
3 0.1921875 0.7921875 0.1203125 0.165625
3 0.3546875 0.85234375 0.1453125 0.1890625
3 0.38515625 0.60078125 0.1125 0.1703125
3 0.2390625 0.40390625 0.1046875 0.2
3 0.39453125 0.37734375 0.2109375 0.259375
3 0.30703125 0.11796875 0.184375 0.215625
3 0.596875 0.078125 0.38125 0.15625
3 0.65703125 0.309375 0.1703125 0.2734375
3 0.54296875 0.56953125 0.1546875 0.196875
3 0.61484375 0.7578125 0.2046875 0.196875
2 0.4921875 0.75859375 0.215625 0.4828125
2 0.284375 0.6890625 0.171875 0.20625
2 0.13359375 0.40078125 0.1828125 0.2390625
2 0.21484375 0.20625 0.2234375 0.3734375
2 0.56796875 0.14765625 0.3546875 0.2953125
2 0.67109375 0.5890625 0.178125 0.35625