6 0.5361328125 0 0.3349609375 0.017578125 0.1494140625 0.0703125 0.0263671875 0.126953125 0.0078125 0.1435546875 0 0.1552734375 0.0029296875 1 1 0.9990234375 0.9990234375 0.056640625 0.8662109375 0.025390625 0.6533203125 0 0.5361328125 0
3 0.44375 0.17109375 0.1515625 0.10078125
3 0.24140625 0.16328125 0.15625 0.10546875
3 0.16484375 0.31875 0.1765625 0.12890625
3 0.41171875 0.375 0.16171875 0.096875
3 0.62265625 0.25078125 0.19296875 0.084375
3 0.6328125 0.4078125 0.2390625 0.1875
3 0.9 0.34765625 0.2 0.16484375
3 0.925 0.64296875 0.15 0.36796875
3 0.6734375 0.67578125 0.25859375 0.14375
3 0.4265625 0.53515625 0.18515625 0.13515625
3 0.23125 0.5875 0.17734375 0.1890625
2 0.23828125 0.46484375 0.4765625 0.16796875
2 0.334375 0.265625 0.190625 0.153125
2 0.63671875 0.14609375 0.2234375 0.1609375
2 0.821875 0.246875 0.35546875 0.1859375
2 0.85546875 0.60546875 0.2890625 0.3265625
2 0.39375 0.6609375 0.3453125 0.14453125