6 0.166015625 0.8919270828125001 0.2861328125 0.9947916671874999 0.6669921875 0.9947916671874999 0.76171875 0.8971354171874999 0.865234375 0.72265625 0.880859375 0.6705729171875 0.87890625 0.4309895828125 0.857421875 0.2903645828125 0.7861328125 0.1458333328125 0.6142578125 0.0026041671875 0.2939453125 0.0026041671875 0.2626953125 0.013020832812499999 0.15625 0.1497395828125 0.080078125 0.2877604171875 0.072265625 0.3346354171875 0.0703125 0.4700520828125 0.0859375 0.58203125 0.1015625 0.6705729171875 0.166015625 0.8919270828125001
5 0.57578125 0.075 0.0765625 0.09140625
5 0.46953125 0.0546875 0.0796875 0.109375
5 0.365625 0.059375 0.08125 0.115625
5 0.26640625 0.146875 0.0984375 0.11484375
5 0.37421875 0.2421875 0.0703125 0.12421875
5 0.496875 0.23046875 0.103125 0.11171875
5 0.6609375 0.25859375 0.0953125 0.13359375
5 0.74921875 0.40078125 0.1 0.12890625
5 0.603125 0.41484375 0.0984375 0.1296875
5 0.61796875 0.56171875 0.0953125 0.1140625
5 0.78359375 0.565625 0.09453125 0.12265625
5 0.71953125 0.721875 0.08046875 0.11953125
5 0.559375 0.67734375 0.09140625 0.1234375
5 0.6140625 0.8421875 0.09609375 0.1265625
5 0.51171875 0.865625 0.096875 0.11640625
5 0.3953125 0.88046875 0.1078125 0.14609375
5 0.31640625 0.8140625 0.08515625 0.11484375
5 0.23046875 0.7296875 0.09140625 0.13203125
5 0.18671875 0.596875 0.08046875 0.12421875
5 0.28515625 0.5765625 0.09765625 0.1140625
5 0.165625 0.46484375 0.0828125 0.1265625
5 0.2140625 0.3046875 0.1015625 0.1125