6 0.08564453125 0.581770834375 0.10126953125 0.6703125015625 0.16572265625 0.8916666671875 0.284927559375 0.99375 0.6674570328125 0.99375 0.76142578125 0.8968750015625 0.86494140625 0.722395834375 0.878125 0.678450521875 0.878125 0.42753314375 0.85712890625 0.2901041671875 0.78583984375 0.1455729171875 0.61396484375 0.0023437515625 0.29365234375 0.0023437515625 0.26240234375 0.012760417187500001 0.15595703125 0.1494791671875 0.07978515625 0.2875000015625 0.07197265625 0.3343750015625 0.07001953125 0.46979166718750004 0.08564453125 0.581770834375
5 0.57578125 0.075 0.0765625 0.090625
5 0.46953125 0.0546875 0.0796875 0.109375
5 0.365625 0.059375 0.08125 0.115625
5 0.26640625 0.146875 0.0984375 0.115625
5 0.37421875 0.2421875 0.0703125 0.125
5 0.496875 0.23046875 0.103125 0.1109375
5 0.6609375 0.25859375 0.096875 0.1328125
5 0.74921875 0.40078125 0.1 0.1296875
5 0.603125 0.41484375 0.1 0.1296875
5 0.61796875 0.56171875 0.0953125 0.1140625
5 0.78359375 0.565625 0.0953125 0.121875
5 0.71953125 0.721875 0.0796875 0.11875
5 0.559375 0.67734375 0.090625 0.1234375
5 0.6140625 0.8421875 0.096875 0.128125
5 0.51171875 0.865625 0.096875 0.115625
5 0.3953125 0.88046875 0.109375 0.1453125
5 0.31640625 0.8140625 0.0859375 0.115625
5 0.23046875 0.7296875 0.0921875 0.13125
5 0.18671875 0.596875 0.0796875 0.125
5 0.28515625 0.5765625 0.0984375 0.115625
5 0.165625 0.46484375 0.08125 0.1265625
5 0.2140625 0.3046875 0.103125 0.1125