6 0.380966415625 0 0.28888974218749996 0.07422345625 0.1648820453125 0.23478670156249998 0.146441134375 0.276797775 0.1158619984375 0.525844853125 0.1199532109375 0.6648082359374999 0.1730969671875 0.8169501234375 0.3262355921875 0.9800579734375001 0.48865036718750005 1 0.68896838125 1 0.79876078125 0.8898363937499999 0.891185390625 0.7621273625 0.9046522828124999 0.716553865625 0.9230939906250001 0.5823846015624999 0.921232284375 0.4693359015625 0.9165142656249999 0.379550003125 0.87951785 0.1519909171875 0.7736423109375 0.036141075 0.479296875 0 0.380966415625 0
5 0.37265625 0.9125 0.0875 0.1
5 0.47578125 0.94296875 0.0921875 0.1140625
5 0.57890625 0.9453125 0.0953125 0.109375
5 0.6890625 0.87890625 0.1125 0.1265625
5 0.59375 0.77109375 0.084375 0.1328125
5 0.4703125 0.76796875 0.115625 0.1234375
5 0.3109375 0.7203125 0.1125 0.14375
5 0.240625 0.56796875 0.115625 0.140625
5 0.3875 0.571875 0.115625 0.140625
5 0.390625 0.42421875 0.1078125 0.125
5 0.2265625 0.4 0.109375 0.1328125
5 0.309375 0.253125 0.09375 0.128125
5 0.4625 0.31640625 0.1046875 0.1328125
5 0.428125 0.14609375 0.1125 0.1390625
5 0.5328125 0.1359375 0.1109375 0.1265625
5 0.65 0.13515625 0.1265625 0.1578125
5 0.7203125 0.2109375 0.1 0.125
5 0.7953125 0.3046875 0.1078125 0.1421875
5 0.82265625 0.4421875 0.09375 0.134375
5 0.72265625 0.45 0.1125 0.1265625
5 0.82734375 0.57578125 0.0953125 0.1359375
5 0.76015625 0.72890625 0.115625 0.125