6 0.8890062406249999 0.3407521765625 0.8171393578125 0.1567944890625 0.771802646875 0.08530678750000001 0.7397647593750001 0.0577595171875 0.63695200625 0.0136510171875 0.575904334375 0.014026476562500001 0.5011173859375 0.046167439062499996 0.41708053906250003 0.11357682031250001 0.36011614999999997 0.20890768906249998 0.312236071875 0.4706485515625 0.34298571718750004 0.6849779453125 0.41906835156250005 0.8025483124999999 0.4760364640625 0.8754641703124999 0.48832771406250003 0.8795314765625 0.5030608203125 0.881340475 0.6572409125 0.8740997671875 0.7628056625 0.791623546875 0.84585480625 0.6601396296875001 0.8803260296875 0.4539167421875 0.88988575 0.37605905625 0.8890062406249999 0.3407521765625
1 0.52421875 0.19609375 0.034375 0.04375
1 0.55390625 0.43046875 0.034375 0.053125
1 0.44375 0.65703125 0.0421875 0.0546875
1 0.3765625 0.64765625 0.0421875 0.040625
1 0.3796875 0.5640625 0.0390625 0.059375
1 0.35859375 0.534375 0.0375 0.0359375
1 0.33984375 0.56328125 0.03125 0.0359375
1 0.378125 0.3 0.0328125 0.0453125
1 0.465625 0.165625 0.028125 0.0359375
1 0.4953125 0.09296875 0.0328125 0.04375
1 0.53125 0.10625 0.0359375 0.0390625
1 0.48203125 0.49921875 0.0453125 0.0265625
1 0.4578125 0.5453125 0.0328125 0.046875
1 0.44765625 0.4796875 0.0359375 0.046875