6 0.8289238640625 0.8319284359375001 0.8943269375 0.6455746921875 0.8939737187500001 0.6102586249999999 0.8817026265625 0.5327819984375 0.840055328125 0.32788776406250003 0.752468053125 0.1993823171875 0.6440892328125 0.12064049531250001 0.48975036562499996 0.11878500624999999 0.47508936718749994 0.12110708125 0.4629475515625 0.12560086718750002 0.40855887031250004 0.20046046562500003 0.33662572968750004 0.3206144578125 0.313374803125 0.5358864343749999 0.3703603375 0.7957968609375 0.430617025 0.8890816296875 0.516955234375 0.953517103125 0.592818328125 0.9830284593749999 0.6538419140625 0.98127315625 0.7550526703125 0.9336034124999999 0.7861096562500001 0.9049548171874999 0.8289238640625 0.8319284359375001
1 0.534375 0.803125 0.0359375 0.0453125
1 0.55625 0.56796875 0.0359375 0.053125
1 0.43828125 0.3453125 0.04375 0.0546875
1 0.37109375 0.35703125 0.0421875 0.040625
1 0.37734375 0.440625 0.040625 0.0609375
1 0.3578125 0.4703125 0.0390625 0.0359375
1 0.3375 0.44296875 0.0328125 0.0375
1 0.38515625 0.70390625 0.034375 0.0453125
1 0.47734375 0.83515625 0.0296875 0.0359375
1 0.51015625 0.90625 0.034375 0.04375
1 0.54453125 0.8921875 0.0359375 0.040625
1 0.48203125 0.5015625 0.0453125 0.028125
1 0.45625 0.45625 0.034375 0.046875
1 0.4484375 0.52265625 0.0375 0.0484375