6 0.1201171875 0.7734375 0.2939453125 0.8671875 0.3466796875 0.875 0.6162109375 0.86328125 0.7568359375 0.796875 0.8515625 0.7021484375 0.87890625 0.5419921875 0.875 0.5224609375 0.8095703125 0.45703125 0.7021484375 0.3671875 0.4931640625 0.310546875 0.2275390625 0.326171875 0.1259765625 0.37109375 0.048828125 0.4462890625 0.0078125 0.5166015625 0 0.5771484375 0.03125 0.6845703125 0.0546875 0.7197265625 0.1201171875 0.7734375
1 0.1953125 0.48671875 0.0390625 0.03046875
1 0.42421875 0.5453125 0.05 0.028125
1 0.6625 0.46328125 0.05 0.0359375
1 0.66171875 0.3953125 0.03515625 0.0375
1 0.578125 0.38828125 0.0546875 0.03203125
1 0.5515625 0.3640625 0.03203125 0.0359375
1 0.58203125 0.3484375 0.03359375 0.0296875
1 0.31640625 0.3546875 0.0421875 0.0296875
1 0.17265625 0.425 0.03359375 0.0265625
1 0.096875 0.44609375 0.040625 0.028125
1 0.10546875 0.4828125 0.03515625 0.03046875
1 0.5015625 0.48203125 0.0234375 0.04296875
1 0.55 0.46328125 0.0421875 0.028125
1 0.4859375 0.4453125 0.04296875 0.03046875