6 1 0.1259765625 0.9912109375 0.119140625 0.9638671875 0.107421875 0.8720703125 0.095703125 0.7021484375 0.0859375 0.5205078125 0.09375 0.3564453125 0.1171875 0.1572265625 0.205078125 0.0009765625 0.314453125 0 0.6669921875 0.0390625 0.7373046875 0.1298828125 0.810546875 0.3681640625 0.904296875 0.6806640625 0.958984375 0.8896484375 0.96875 0.9306640625 0.962890625 0.953125 0.9501953125 0.9765625 0.8271484375 0.9657660796875 0.60179731875 0.8865341734375001 0.55048021875 0.8854181640625001 0.491353940625 0.9345196874999999 0.4489615484375 0.94009939375 0.40991591562499996 0.9010414453125 0.407684728125 0.9010414453125 0.360830046875 0.96911376875 0.3095128609375 1 0.2646484375 1 0.1259765625
3 0.8046875 0.53828125 0.15 0.09140625
0 0.8109375 0.66015625 0.2265625 0.09765625
0 0.9265625 0.75390625 0.07421875 0.05546875
0 0.62421875 0.56484375 0.09609375 0.05078125
0 0.58125 0.50546875 0.27265625 0.07890625
0 0.43671875 0.534375 0.115625 0.04765625
0 0.2984375 0.53203125 0.11171875 0.17265625
0 0.19453125 0.4484375 0.1046875 0.07421875
0 0.3453125 0.3890625 0.19609375 0.128125
0 0.5296875 0.4171875 0.1515625 0.08125
0 0.409375 0.315625 0.15625 0.08984375
0 0.7328125 0.33125 0.121875 0.1125
0 0.5890625 0.31640625 0.18984375 0.125
0 0.49375 0.2265625 0.11171875 0.0703125
0 0.6953125 0.1484375 0.09609375 0.06796875
0 0.69140625 0.2015625 0.171875 0.065625
0 0.884375 0.41796875 0.12734375 0.07578125
8 0.43359375 0.60390625 0.1296875 0.08046875
8 0.3828125 0.49375 0.1390625 0.0890625
8 0.62421875 0.4375 0.125 0.0765625
8 0.8828125 0.30078125 0.09921875 0.10703125
5 0.37734375 0.1609375 0.10859375 0.07265625
5 0.3859375 0.240625 0.125 0.06484375
5 0.7640625 0.24140625 0.12421875 0.0578125
5 0.85234375 0.15859375 0.11875 0.05703125