6 0.7603781484375001 0 0.5608157609375 0.0271340796875 0.516599453125 0.1105370640625 0.45779543437500003 0.116802021875 0.41128487968750005 0.0715820859375 0.3719015234375 0.0694266625 0.37308295 0.1085304453125 0.32640656562500003 0.1126140984375 0.26935176250000004 0.0492733984375 0.22196615 0.022414890625 0.0838219625 0.0345009421875 0.07777805625 0.04385235 0.0684870640625 0.07211340468750001 0.06481353281249999 0.164582321875 0.0698947359375 0.3347087234375 0.0935085296875 0.514977246875 0.1311558328125 0.6763727265624999 0.236075065625 0.867173215625 0.34749845 1 0.5156328593749999 1 0.709934603125 0.9835430203125 0.776575021875 0.938501028125 0.8416229890625001 0.8416428359375001 0.9142486625 0.5960974671875 0.9414918906249999 0.2800202953125 0.933006165625 0.07098003750000001 0.923594340625 0.03063116875 0.9089897375 0.0093621703125 0.8165689734375 0 0.7603781484375001 0
3 0.51171875 0.19296875 0.1046875 0.1578125
0 0.6328125 0.1765625 0.1171875 0.2359375
0 0.715625 0.053125 0.0609375 0.0796875
0 0.55390625 0.3703125 0.059375 0.1
0 0.4984375 0.41875 0.103125 0.278125
0 0.53984375 0.56015625 0.05625 0.11875
0 0.54921875 0.69765625 0.1828125 0.1265625
0 0.475 0.80859375 0.084375 0.1109375
0 0.403125 0.6640625 0.1453125 0.2078125
0 0.41484375 0.47734375 0.09375 0.159375
0 0.32421875 0.60625 0.103125 0.1640625
0 0.31171875 0.2828125 0.1234375 0.13125
0 0.309375 0.42734375 0.140625 0.2015625
0 0.228125 0.5296875 0.08125 0.11875
0 0.1328125 0.3359375 0.0765625 0.103125
0 0.1859375 0.33515625 0.0796875 0.1765625
0 0.38515625 0.12421875 0.0875 0.134375
8 0.609375 0.55703125 0.090625 0.1359375
8 0.50390625 0.6171875 0.1 0.1484375
8 0.4265625 0.38203125 0.0859375 0.13125
8 0.26796875 0.1359375 0.115625 0.109375
5 0.17265625 0.6515625 0.08125 0.1140625
5 0.2515625 0.6359375 0.0765625 0.1296875
5 0.21953125 0.259375 0.06875 0.1296875
5 0.12890625 0.17890625 0.0671875 0.1234375