6 1 0.3364337046875 0.965008834375 0.2707759234375 0.8754806078125 0.1959598578125 0.6388718109375 0.09806555624999999 0.32737383593749997 0.0379325078125 0.11859172343749999 0.024521090625 0.07748008437500001 0.0296637515625 0.0548010046875 0.0419651328125 0.0292196109375 0.1645842265625 0.0360814671875 0.39008944687499997 0.1144056984375 0.44278151875000005 0.11448964218749999 0.50191826875 0.06465574843750001 0.5434472640625 0.0583954515625 0.5823895703125 0.0974085109375 0.5853020734375 0.096590784375 0.63214961875 0.0276332203125 0.6822709625 0 0.7209471953125 0 0.8704412874999999 0.0022169640625 0.8722285546874999 0.029352028125000002 0.884422734375 0.12093040156249998 0.8977417765625001 0.2906559640625 0.910471459375 0.4724052703125 0.9058302156250001 0.6368518234375 0.8852595703125001 0.8375741343750001 0.8008591781250001 0.99570919375 0.694227775 1 0.4820860015625 1 0.3364337046875
3 0.19609375 0.45625 0.1515625 0.0953125
0 0.1921875 0.334375 0.2296875 0.103125
0 0.078125 0.2390625 0.0765625 0.05625
0 0.3765625 0.4328125 0.096875 0.053125
0 0.41875 0.49296875 0.2734375 0.084375
0 0.5640625 0.46640625 0.1171875 0.0484375
0 0.70234375 0.471875 0.115625 0.175
0 0.8046875 0.55703125 0.10625 0.0765625
0 0.65234375 0.61328125 0.1984375 0.13125
0 0.46875 0.58203125 0.1546875 0.084375
0 0.5875 0.6859375 0.1578125 0.09375
0 0.2640625 0.66484375 0.1234375 0.1140625
0 0.4078125 0.68203125 0.1921875 0.128125
0 0.5015625 0.7734375 0.1140625 0.0734375
0 0.2984375 0.8484375 0.0984375 0.0703125
0 0.303125 0.7953125 0.1734375 0.06875
0 0.1140625 0.575 0.1296875 0.078125
8 0.56796875 0.39765625 0.13125 0.08125
8 0.6171875 0.50859375 0.1421875 0.090625
8 0.375 0.56015625 0.1265625 0.0765625
8 0.1140625 0.6921875 0.1015625 0.109375
5 0.61640625 0.84140625 0.109375 0.0734375
5 0.609375 0.7609375 0.1265625 0.0671875
5 0.23125 0.75390625 0.1265625 0.059375
5 0.14140625 0.83515625 0.1203125 0.059375