6 0.181640625 0.8684895828125001 0.2626953125 0.9453125 0.3408203125 0.9921875 0.5361328125 0.9921875 0.6455078125 0.9583333328125001 0.6875 0.8815104171874999 0.70703125 0.7747395828125 0.708984375 0.7434895828125 0.69921875 0.7174479171875 0.7109375 0.7018229171875 0.705078125 0.63671875 0.693359375 0.5794270828125 0.669921875 0.52734375 0.6181640625 0.4479166671875 0.5771484375 0.40625 0.5517578125 0.3932291671875 0.5322265625 0.3958333328125 0.4912109375 0.3723958328125 0.4248046875 0.3776041671875 0.3525390625 0.4192708328125 0.328125 0.4440104171875 0.3115234375 0.4895833328125 0.2841796875 0.4817708328125 0.2177734375 0.4895833328125 0.1484375 0.5533854171875 0.107421875 0.6471354171875 0.10546875 0.68359375 0.1171875 0.7018229171875 0.1328125 0.77734375 0.181640625 0.8684895828125001
5 0.43515625 0.4171875 0.0546875 0.07421875
5 0.49921875 0.44453125 0.06640625 0.053125
5 0.571875 0.4734375 0.06484375 0.06953125
5 0.4890625 0.50234375 0.05078125 0.0546875
5 0.3890625 0.4765625 0.065625 0.0640625
5 0.35390625 0.54296875 0.11875 0.06328125
5 0.26015625 0.546875 0.0625 0.0734375
5 0.1953125 0.5796875 0.059375 0.07421875
5 0.1828125 0.6453125 0.0875 0.06484375
5 0.1921875 0.71875 0.06875 0.08828125
5 0.21953125 0.81015625 0.07265625 0.08515625
5 0.3328125 0.61953125 0.06796875 0.0765625
5 0.40703125 0.60390625 0.0546875 0.06640625
5 0.4640625 0.5578125 0.06953125 0.0703125
5 0.490625 0.6140625 0.06953125 0.05234375
5 0.575 0.53984375 0.11953125 0.06484375
5 0.62421875 0.59609375 0.078125 0.0625
5 0.55625 0.63125 0.06796875 0.07109375
5 0.628125 0.67421875 0.0578125 0.075
5 0.6453125 0.7484375 0.06875 0.084375
5 0.6375 0.834375 0.078125 0.08984375
5 0.5921875 0.9 0.075 0.09921875
5 0.515625 0.8890625 0.08046875 0.10078125
5 0.5390625 0.7359375 0.0671875 0.0921875
5 0.5 0.80078125 0.0765625 0.0875
5 0.4703125 0.69921875 0.06875 0.065625
5 0.35234375 0.775 0.07109375 0.090625
5 0.2859375 0.72109375 0.0625 0.08671875
5 0.30078125 0.8734375 0.08515625 0.09296875
5 0.42578125 0.82109375 0.07265625 0.09609375
5 0.415625 0.90859375 0.08671875 0.0765625