6 1 0.510590184375 0.9801769531250001 0.385432390625 0.9306016328125001 0.28467556250000003 0.8481555078125 0.2552181203125 0.739643840625 0.2526299703125 0.70847304375 0.25558946875 0.684279675 0.2693086765625 0.6690281765625 0.26124368124999997 0.65222375625 0.26390523906249996 0.603627809375 0.276150265625 0.5488747140625 0.2966871296875 0.5010990453125 0.327983703125 0.43074654843750004 0.3915294234375 0.3960091234375 0.43855818125 0.38712056875 0.46567311250000004 0.39274803281250004 0.48455651875 0.3760153453125 0.52873360625 0.39154778125 0.593507521875 0.4440062953125 0.6583653359375 0.4722604953125 0.678608696875 0.519869390625 0.6878766921875 0.5164305796875001 0.7161059390625 0.5345351203125001 0.7804724734375 0.6083982265625 0.838973925 0.707410265625 0.8648188484375 0.743725271875 0.8610445875 0.759896790625 0.8466184453125001 0.8320435484375001 0.819371753125 0.9144288234375001 0.7568864343749999 0.9776261765625 0.6648119125 1 0.6093337437499999 1 0.510590184375
5 0.428125 0.57734375 0.0828125 0.065625
5 0.4453125 0.509375 0.0625 0.075
5 0.4625 0.4328125 0.078125 0.075
5 0.50390625 0.51015625 0.0625 0.0578125
5 0.49453125 0.61328125 0.075 0.075
5 0.565625 0.6375 0.08125 0.1265625
5 0.58359375 0.7296875 0.084375 0.0734375
5 0.6265625 0.78828125 0.0828125 0.0703125
5 0.69296875 0.790625 0.078125 0.096875
5 0.7640625 0.76953125 0.096875 0.08125
5 0.85 0.728125 0.096875 0.0859375
5 0.64453125 0.64609375 0.0859375 0.0796875
5 0.6171875 0.57578125 0.075 0.0640625
5 0.5625 0.5265625 0.08125 0.0796875
5 0.6140625 0.49140625 0.0625 0.0765625
5 0.52734375 0.41953125 0.08125 0.1265625
5 0.57578125 0.3625 0.0734375 0.0875
5 0.62109375 0.42421875 0.08125 0.0796875
5 0.65234375 0.34609375 0.0828125 0.0671875
5 0.72265625 0.31796875 0.09375 0.08125
5 0.80859375 0.31171875 0.1015625 0.090625
5 0.88046875 0.34609375 0.1109375 0.0890625
5 0.88203125 0.4234375 0.1109375 0.0953125
5 0.7265625 0.42421875 0.1 0.0796875
5 0.796875 0.453125 0.0984375 0.0875
5 0.7015625 0.4984375 0.075 0.078125
5 0.79453125 0.603125 0.1 0.084375
5 0.7515625 0.6765625 0.0953125 0.075
5 0.9 0.63828125 0.10625 0.1
5 0.82890625 0.5234375 0.10625 0.0875
5 0.91640625 0.51953125 0.0890625 0.0984375