6 0.5012460640625 0 0.377069596875 0.0218956609375 0.2771933234375 0.0732218796875 0.24917925156249998 0.1561695515625 0.248485284375 0.2647098609375 0.2519883375 0.295824259375 0.2661276890625 0.3197745109375 0.258330096875 0.33516443906250004 0.2612845265625 0.3519198484375 0.274375803125 0.400294690625 0.29586511249999997 0.4546810296875 0.3279907203125 0.5019032203125 0.392754584375 0.5711359765624999 0.4403824296875 0.6050473453125 0.46764835781249997 0.6134613265625 0.4864306765625 0.6075051578124999 0.5308930609375 0.6234643015625 0.5953860328125 0.6068037687500001 0.659318440625 0.5532213203125 0.6790656140625 0.524618128125 0.6875013078125 0.4768547359375 0.715786271875 0.4798003546875 0.779827034375 0.46057521875 0.8370304875000001 0.38570237343749997 0.8611434765625001 0.28625435781249997 0.85673600625 0.25001075156249997 0.8420298296875 0.234093465625 0.8135281531249999 0.16243321718749998 0.7496145296875001 0.081151009375 0.656451084375 0.019570203124999998 0.6053724093749999 0 0.5012460640625 0
5 0.578125 0.5703125 0.0671875 0.0828125
5 0.51015625 0.5546875 0.075 0.0640625
5 0.43359375 0.53828125 0.0765625 0.0796875
5 0.51015625 0.49609375 0.059375 0.0625
5 0.61328125 0.50390625 0.0765625 0.0765625
5 0.63671875 0.43203125 0.128125 0.084375
5 0.728125 0.4125 0.075 0.084375
5 0.7859375 0.36875 0.071875 0.084375
5 0.7875 0.3015625 0.096875 0.0796875
5 0.76484375 0.23125 0.0828125 0.0984375
5 0.72265625 0.14609375 0.0875 0.096875
5 0.64375 0.353125 0.08125 0.0875
5 0.5734375 0.38125 0.065625 0.075
5 0.525 0.43671875 0.0796875 0.0828125
5 0.4890625 0.3859375 0.0765625 0.0640625
5 0.41953125 0.4734375 0.128125 0.084375
5 0.3609375 0.4265625 0.0875 0.075
5 0.421875 0.38046875 0.0796875 0.0828125
5 0.34375 0.35078125 0.06875 0.084375
5 0.3140625 0.28046875 0.0828125 0.0953125
5 0.30625 0.19453125 0.0921875 0.103125
5 0.33984375 0.121875 0.090625 0.1109375
5 0.4171875 0.11953125 0.096875 0.1125
5 0.4203125 0.27421875 0.0796875 0.1
5 0.44765625 0.20390625 0.0890625 0.0984375
5 0.49453125 0.2984375 0.0796875 0.0765625
5 0.59765625 0.20390625 0.084375 0.1015625
5 0.67265625 0.2453125 0.0765625 0.0953125
5 0.63125 0.09765625 0.1015625 0.1078125
5 0.5171875 0.17109375 0.0890625 0.10625
5 0.5125 0.0828125 0.1 0.090625