6 0.8271484375 0.080078125 0.7001953125 0.052734375 0.3173828125 0.0390625 0.2138671875 0.0625 0.0029296875 0.20703125 0.0009765625 1 1 0.9990234375 0.9990234375 0.150390625 0.8271484375 0.080078125
3 0.70625 0.21015625 0.2234375 0.09375
3 0.43359375 0.1859375 0.1703125 0.1140625
3 0.1609375 0.296875 0.15859375 0.1359375
3 0.23203125 0.4671875 0.2375 0.1265625
3 0.415625 0.534375 0.16875 0.13046875
3 0.5953125 0.53359375 0.15703125 0.0921875
3 0.578125 0.3484375 0.12421875 0.0984375
3 0.834375 0.34921875 0.13359375 0.1484375
3 0.91328125 0.521875 0.1734375 0.13671875
3 0.73828125 0.7359375 0.18984375 0.1328125
3 0.525 0.84296875 0.2140625 0.18671875
3 0.43671875 0.73046875 0.17890625 0.115625
3 0.259375 0.7875 0.11171875 0.08515625
2 0.20546875 0.6609375 0.1171875 0.1109375
2 0.06015625 0.5015625 0.1203125 0.15
2 0.2296875 0.35078125 0.09296875 0.09609375
2 0.52578125 0.221875 0.12890625 0.11328125
2 0.434375 0.3828125 0.15078125 0.2125
2 0.5109375 0.62890625 0.11171875 0.10234375
2 0.74453125 0.41875 0.14375 0.0890625
2 0.92265625 0.29765625 0.13984375 0.13515625
2 0.91484375 0.690625 0.1703125 0.11171875
2 0.76015625 0.6859375 0.11171875 0.0484375