6 1 0.16912015625000001 0.8487258656250001 0.0977777953125 0.7233777875 0.06382730625000001 0.3418054484375 0.030139309375 0.2372050640625 0.0481271 0.018992465625 0.18142065937500002 0 0.5275064265625 0 0.9744583109375 0.49665308750000003 1 0.9729176390625 1 1 0.4832377765625 1 0.16912015625000001
3 0.72109375 0.22109375 0.2296875 0.1046875
3 0.45 0.1828125 0.1765625 0.125
3 0.171875 0.2796875 0.165625 0.1453125
3 0.234375 0.453125 0.24375 0.140625
3 0.4140625 0.5296875 0.175 0.140625
3 0.59375 0.53828125 0.1609375 0.1
3 0.5859375 0.35234375 0.1296875 0.103125
3 0.8421875 0.3671875 0.1421875 0.1546875
3 0.9109375 0.54375 0.178125 0.146875
3 0.72578125 0.7484375 0.1953125 0.14375
3 0.50703125 0.84375 0.221875 0.196875
3 0.425 0.7265625 0.1859375 0.125
3 0.24453125 0.77421875 0.1171875 0.090625
2 0.19765625 0.6453125 0.1234375 0.115625
2 0.0625 0.478125 0.125 0.15625
2 0.2375 0.33671875 0.0984375 0.1
2 0.540625 0.2234375 0.1359375 0.11875
2 0.440625 0.3796875 0.1609375 0.2203125
2 0.50390625 0.6296875 0.1171875 0.1078125
2 0.7484375 0.43203125 0.1484375 0.0953125
2 0.9296875 0.3203125 0.140625 0.14375
2 0.9046875 0.71171875 0.1765625 0.121875
2 0.75 0.69921875 0.1125 0.053125