6 0.46525375 0 0 0.0820367890625 0 0.5406721734375 0.0805290078125 1 0.5315382421875 1 0.874824771875 0.9385971218750001 0.9805313546875001 0.7057666484375 0.9856374859375 0.599753778125 0.905698625 0.2251311578125 0.856725109375 0.104854928125 0.790569075 0 0.46525375 0
3 0.75 0.246875 0.13125 0.2375
3 0.82109375 0.5109375 0.14375 0.1875
3 0.75859375 0.7984375 0.1625 0.18125
3 0.57890625 0.7578125 0.1671875 0.25625
3 0.48046875 0.5890625 0.1578125 0.1890625
3 0.45 0.41171875 0.1171875 0.1703125
3 0.6359375 0.396875 0.1171875 0.140625
3 0.590625 0.14453125 0.16875 0.1578125
3 0.40625 0.096875 0.165625 0.19375
3 0.2265625 0.30625 0.165625 0.209375
3 0.1578125 0.53515625 0.2203125 0.2421875
3 0.284375 0.60234375 0.1453125 0.196875
3 0.25859375 0.78671875 0.103125 0.125
2 0.39296875 0.81796875 0.128125 0.134375
2 0.575 0.93046875 0.16875 0.1390625
2 0.69375 0.740625 0.109375 0.109375
2 0.76953125 0.4265625 0.1328125 0.146875
2 0.6265625 0.54453125 0.2359375 0.184375
2 0.37109375 0.51171875 0.1203125 0.128125
2 0.5375 0.2453125 0.1109375 0.15625
2 0.62578125 0.0640625 0.1578125 0.128125
2 0.23984375 0.12421875 0.140625 0.1875
2 0.271875 0.27578125 0.065625 0.1171875