6 1 0.0986328125 0.9853515625 0.08984375 0.8583984375 0.041015625 0.6982421875 0.013671875 0.5283203125 0.03125 0.3857421875 0.072265625 0.2919921875 0.125 0.140625 0.2451171875 0.1171875 0.2744140625 0.0390625 0.4306640625 0.0390625 0.5048828125 0.07421875 0.6669921875 0.11653461093749999 0.7423615796874999 0.22924467499999998 0.765788940625 0.3307953265625 0.8249152203125 0.6778531671875 0.9097000062499999 0.7950270140625 0.8929661624999999 0.912200859375 0.8762323203125 1 0.8232421875 1 0.0986328125
8 0.80078125 0.1171875 0.23828125 0.1484375
8 0.4546875 0.14140625 0.28828125 0.17578125
8 0.27734375 0.325 0.303125 0.2171875
8 0.26484375 0.60234375 0.3921875 0.325
8 0.79375 0.6859375 0.4125 0.375
8 0.81875 0.41796875 0.31796875 0.16875
8 0.95234375 0.24609375 0.0953125 0.17578125
8 0.796875 0.1171875 0.25390625 0.153125
2 0.79453125 0.14296875 0.175 0.0984375
2 0.440625 0.0984375 0.1328125 0.1
2 0.24140625 0.31171875 0.1375 0.13671875
2 0.2640625 0.54140625 0.07578125 0.08046875
2 0.4359375 0.61796875 0.21796875 0.1328125
2 0.77421875 0.5140625 0.2375 0.17578125
2 0.64375 0.34296875 0.1703125 0.11875