6 0.4694186875 0 0.0404471671875 0.0526710796875 0.0335088125 0.068281446875 0.0005163390625 0.200238934375 0 0.21123360781249997 0 0.3935425546875 0.031049909375 0.5290468374999999 0.08913571249999999 0.665563659375 0.15290226406250002 0.7521881578125 0.2905711375 0.887788475 0.32250595 0.9074808843750001 0.487112328125 0.9659814671875001 0.5607778640625 0.9569364765625 0.71739443125 0.9022861125 0.7870450250000001 0.85110045 0.796561859375 0.7363754328125001 0.842871509375 0.62837604375 0.883146109375 0.2869866015625 0.878811615625 0.251684975 0.8538396 0.1593113453125 0.8229505890625 0.0450502375 0.7876107109375 0 0.4694186875 0
8 0.08515625 0.24765625 0.1703125 0.2546875
8 0.14921875 0.5890625 0.2109375 0.30625
8 0.353125 0.7421875 0.2546875 0.328125
8 0.63046875 0.72109375 0.3703125 0.428125
8 0.6484375 0.20625 0.421875 0.4125
8 0.3796875 0.19375 0.20625 0.3375
8 0.19296875 0.08203125 0.1875 0.115625
8 0.0875 0.25234375 0.175 0.2703125
2 0.109375 0.2515625 0.11875 0.1859375
2 0.10859375 0.6078125 0.115625 0.1421875
2 0.34453125 0.7796875 0.1515625 0.153125
2 0.56953125 0.72890625 0.0875 0.084375
2 0.625 0.54921875 0.1578125 0.2328125
2 0.48046875 0.22578125 0.203125 0.2578125
2 0.3265625 0.3765625 0.1390625 0.18125