6 0 0.9016117140625 0.0146484375 0.9104007765625 0.1416015625 0.9592289015625 0.3017578125 0.9865726515625 0.4716796875 0.9689945265625 0.6142578125 0.9279789015625 0.7080078125 0.8752445265625 0.859375 0.7551273390625 0.8828125 0.7258304640625 0.9609375 0.5695804640625 0.9609375 0.4953617140625 0.92578125 0.3332523390625 0.8834653890625 0.257882946875 0.770755325 0.23445558593750002 0.6692046734375 0.17532930625 0.3352681359375 0.09375 0.2997014 0.09375 0.20497298593750002 0.10727836406249999 0.08779914062500001 0.12401220625 0 0.1770023390625 0 0.9016117140625
8 0.19921875 0.8828125 0.2390625 0.146875
8 0.5453125 0.85859375 0.2875 0.1765625
8 0.72265625 0.675 0.303125 0.21875
8 0.73515625 0.39765625 0.3921875 0.325
8 0.20625 0.3140625 0.4125 0.375
8 0.18125 0.58203125 0.31875 0.16875
8 0.04765625 0.75390625 0.0953125 0.1765625
8 0.203125 0.8828125 0.253125 0.153125
2 0.20546875 0.85703125 0.175 0.0984375
2 0.559375 0.9015625 0.13125 0.1
2 0.75859375 0.68828125 0.1375 0.1359375
2 0.7359375 0.45859375 0.075 0.0796875
2 0.5640625 0.38203125 0.21875 0.1328125
2 0.22578125 0.4859375 0.2375 0.175
2 0.35625 0.65703125 0.16875 0.11875