6 0.3310546875 0.951171875 0.4013671875 0.93359375 0.4755859375 0.890625 0.5859375 0.7744140625 0.619140625 0.7001953125 0.6328125 0.6005859375 0.62890625 0.5732421875 0.568359375 0.4501953125 0.4560546875 0.326171875 0.3974609375 0.306640625 0.3544921875 0.306640625 0.1884765625 0.330078125 0.0654296875 0.365234375 0.0009765625 0.3984375 0.0009765625 0.859375 0.1533203125 0.921875 0.2958984375 0.953125 0.3310546875 0.951171875
5 0.3046875 0.53515625 0.1328125 0.1078125
5 0.303125 0.41328125 0.09609375 0.0890625
5 0.440625 0.4234375 0.10859375 0.11015625
5 0.49140625 0.53984375 0.1140625 0.1171875
5 0.10390625 0.43515625 0.14375 0.10078125
5 0.0359375 0.53515625 0.071875 0.0953125
5 0.07109375 0.70859375 0.1421875 0.14765625
5 0.24921875 0.634375 0.11328125 0.12109375
5 0.22265625 0.7796875 0.15234375 0.13359375
5 0.4 0.778125 0.1296875 0.11015625
5 0.39453125 0.61953125 0.13125 0.10625
6 0.7353515625 0.525390625 0.7744140625 0.5546875 0.8564453125 0.5859375 0.9287109375 0.59765625 1 0.5927734375 0.9990234375 0.181640625 0.8837890625 0.1328125 0.7587890625 0.150390625 0.6923828125 0.1796875 0.6650390625 0.203125 0.6328125 0.2626953125 0.623046875 0.3427734375 0.634765625 0.3837890625 0.6796875 0.4677734375 0.7353515625 0.525390625
5 0.71953125 0.3640625 0.06953125 0.075
5 0.82734375 0.4640625 0.0921875 0.08203125
5 0.94609375 0.49296875 0.08671875 0.1015625
5 0.9578125 0.4125 0.084375 0.071875
5 0.93359375 0.34140625 0.09765625 0.08203125
5 0.853125 0.29609375 0.08515625 0.0890625
5 0.89375 0.20859375 0.07109375 0.07109375
5 0.73125 0.24140625 0.0671875 0.0640625