6 1 0.415170059375 0.9389429968749999 0.3809690359375 0.8171980140624999 0.341539928125 0.652101478125 0.31232284374999997 0.6091589046875 0.31082325625 0.5499192171875 0.328297715625 0.43335458750000005 0.4483262234375 0.36855032187500003 0.5691850875 0.36569615624999996 0.5851596625 0.36489280625 0.6081646125 0.373879396875 0.696401690625 0.4044720984375 0.7717340015625 0.5107007343750001 0.8917253593750001 0.5833746859375 0.9372581312499999 0.653030884375 0.95727941875 0.6793308875 0.9596635718750001 0.690341021875 0.9600480546875 0.8316794359375 0.93420323125 0.9861116000000001 0.877058025 1 0.479346303125 1 0.415170059375
5 0.69375 0.5421875 0.1375 0.1125
5 0.7 0.4203125 0.1 0.0921875
5 0.56171875 0.42578125 0.1125 0.1125
5 0.50703125 0.53984375 0.11875 0.121875
5 0.8984375 0.44921875 0.146875 0.10625
5 0.9625 0.5515625 0.075 0.0984375
5 0.92109375 0.7234375 0.146875 0.153125
5 0.74609375 0.64296875 0.11875 0.1265625
5 0.7671875 0.7890625 0.15625 0.1390625
5 0.58984375 0.78125 0.134375 0.1140625
5 0.6015625 0.6234375 0.134375 0.1109375
6 0.3220141859375 0.46212468749999996 0.369839709375 0.3797592234375 0.3829827453125 0.33917756250000003 0.3760177546875 0.2588074046875 0.3458897984375 0.1981486890625 0.3193806625 0.173771184375 0.2540373109375 0.1421746109375 0.129726925 0.12024475625 0.014542365625000001 0.1643764265625 0.000163184375 0.5761423046874999 0.0487085390625 0.5811746046875 0.0770831703125 0.58216546875 0.14124018437500002 0.5740480078125 0.22431207187500002 0.54567989375 0.264373221875 0.517764128125 0.3220141859375 0.46212468749999996
5 0.28515625 0.35625 0.0734375 0.078125
5 0.17421875 0.45234375 0.0953125 0.084375
5 0.0546875 0.47734375 0.0890625 0.1046875
5 0.0453125 0.396875 0.0875 0.075
5 0.071875 0.3265625 0.1015625 0.0859375
5 0.15390625 0.28359375 0.0875 0.0921875
5 0.11640625 0.1953125 0.075 0.0734375
5 0.278125 0.23359375 0.0703125 0.0671875