6 1 0.158647196875 0.8682605999999999 0.09635681093750001 0.729712546875 0.058291879687500006 0.7187108 0.05771530312499999 0.692303084375 0.0577981875 0.6211669765625001 0.07167235 0.5448011296875 0.11069790312500001 0.428518790625 0.2209742234375 0.391476859375 0.2933535421875 0.374834096875 0.3804716171875 0.3736293765625 0.40345904531250004 0.3750804046875 0.4196215890625 0.4291045265625 0.5456686109375 0.53476441875 0.6753996515625 0.5922556812499999 0.6979706953125 0.6351655453125 0.7002195062500001 0.8021802750000001 0.6855027125 0.9268984546875 0.65683441875 0.9930009656250001 0.6270500140624999 1 0.49350048125 1 0.158647196875
5 0.696875 0.475 0.1390625 0.1140625
5 0.6921875 0.596875 0.1015625 0.09375
5 0.55546875 0.5796875 0.115625 0.115625
5 0.5109375 0.4609375 0.1203125 0.1234375
5 0.8921875 0.58515625 0.1484375 0.109375
5 0.96328125 0.48828125 0.0734375 0.0984375
5 0.93203125 0.3140625 0.1359375 0.15625
5 0.7578125 0.37890625 0.1203125 0.128125
5 0.79140625 0.23515625 0.1578125 0.1421875
5 0.6140625 0.22734375 0.1375 0.115625
5 0.61171875 0.3859375 0.1359375 0.1125
6 0 0.7982990796875 0.09803807656249999 0.846038734375 0.2237867359375 0.8350266953125001 0.2916352578125 0.8092454046875 0.3201681578125 0.7872710859375001 0.35546822499999997 0.7294690203124999 0.36941143125 0.6500117328125 0.359855334375 0.60843900625 0.31939042500000003 0.5222187 0.26681809843750004 0.46176724374999994 0.2293424125 0.4304661453125 0.1490590828125 0.3949657875 0.0858536890625 0.381287565625 0.057500671875 0.379801646875 0.008701453125 0.3805837921875 0 0.5466174203125 0 0.7982990796875
5 0.2734375 0.62421875 0.0734375 0.078125
5 0.17109375 0.51875 0.096875 0.0859375
5 0.05390625 0.48359375 0.090625 0.10625
5 0.040625 0.56328125 0.08125 0.0765625
5 0.05859375 0.6359375 0.103125 0.0875
5 0.13671875 0.68515625 0.0890625 0.09375
5 0.09140625 0.7703125 0.075 0.0734375
5 0.25546875 0.74609375 0.071875 0.0671875