6 0.4825396203125 0 0.2634657484375 0.0153191375 0.2446632921875 0.026423404687500002 0.107071421875 0.1447079015625 0.0228143234375 0.2837365453125 0.011900615625 0.32365759375 0 0.3926869875 0 0.5174603828125 0.0070083078125000005 0.617683846875 0.0419150640625 0.7248850109375 0.087558321875 0.8176301453124999 0.162699575 0.9122283687499999 0.2761967140625 1 0.517460378125 1 0.7852434328125 0.9812747843749999 0.8666118140625001 0.912932334375 0.9073846078125 0.8660286015625 0.9917779484375 0.7289483234375 1 0.704728296875 1 0.48253961093750003 0.9875419687500001 0.3043814625 0.94941969375 0.2071946203125 0.8440039484374999 0.0716397203125 0.7286988390625 0 0.4825396203125 0
8 0.35625 0.77421875 0.1890625 0.21875
8 0.5484375 0.746875 0.2109375 0.23125
8 0.721875 0.6390625 0.1703125 0.153125
8 0.49921875 0.509375 0.146875 0.203125
8 0.425 0.53828125 0.078125 0.1640625
8 0.58203125 0.4671875 0.1734375 0.184375
8 0.64765625 0.31640625 0.165625 0.1625
8 0.50859375 0.23828125 0.209375 0.2046875
8 0.3171875 0.2609375 0.196875 0.196875
8 0.2296875 0.4125 0.16875 0.1828125
8 0.39609375 0.40234375 0.1203125 0.1265625
8 0.26015625 0.565625 0.171875 0.1609375
2 0.721875 0.440625 0.10625 0.1125
2 0.81015625 0.28828125 0.0703125 0.0828125
2 0.45390625 0.23203125 0.05 0.1
2 0.48671875 0.31796875 0.1109375 0.0515625
2 0.32578125 0.4140625 0.1109375 0.05625
2 0.31328125 0.48046875 0.096875 0.084375
2 0.21640625 0.50625 0.0640625 0.0625
2 0.15703125 0.4234375 0.0484375 0.103125
2 0.48828125 0.76484375 0.096875 0.1515625
2 0.61796875 0.59921875 0.071875 0.1359375
2 0.78515625 0.56328125 0.1140625 0.0796875
2 0.8046875 0.64375 0.06875 0.1
2 0.69296875 0.6078125 0.053125 0.0734375