6 0.28334325 0 0.1772916125 0.076251134375 0.09889470156249999 0.1681693390625 0.050042490625000005 0.2592650484375 0.01141573125 0.36518268125 0 0.4737961109375 0 0.6149749046874999 0.006043690625 0.6592005609375 0.015557526562499998 0.6994781718749999 0.09491126718750001 0.8413626546874999 0.22829125156250002 0.9643769828125001 0.24669472187500002 0.9761306828125 0.4737961109375 1 0.7244857125 1 0.8288448328125 0.9401048984375 0.9389271578124999 0.80831153125 0.9804179828124999 0.7125143421875 1 0.5262038875 1 0.29011964375 0.9994685531249999 0.2883539484375 0.9199106546875001 0.1484118921875 0.8807996140625001 0.10011377968749999 0.8018659187500001 0.028973246875000004 0.5262038859375 0 0.28334325 0
8 0.365625 0.22109375 0.1953125 0.225
8 0.55703125 0.2546875 0.21875 0.2375
8 0.7265625 0.36875 0.175 0.1578125
8 0.49921875 0.490625 0.153125 0.20625
8 0.4265625 0.459375 0.0828125 0.165625
8 0.58125 0.5359375 0.1796875 0.1890625
8 0.64140625 0.68828125 0.1703125 0.1671875
8 0.49921875 0.76171875 0.215625 0.2109375
8 0.309375 0.7328125 0.203125 0.203125
8 0.22734375 0.578125 0.175 0.1875
8 0.39296875 0.59375 0.125 0.1296875
8 0.2625 0.4265625 0.1765625 0.165625
2 0.7203125 0.5671875 0.109375 0.115625
2 0.80234375 0.72265625 0.0734375 0.084375
2 0.44453125 0.765625 0.053125 0.1015625
2 0.48046875 0.68203125 0.1125 0.0546875
2 0.32265625 0.5796875 0.1125 0.059375
2 0.3125 0.51328125 0.1 0.0875
2 0.21640625 0.48359375 0.0671875 0.0640625
2 0.1546875 0.5640625 0.053125 0.103125
2 0.496875 0.23515625 0.1015625 0.153125
2 0.621875 0.40546875 0.0765625 0.1375
2 0.78671875 0.446875 0.115625 0.0828125
2 0.809375 0.36640625 0.071875 0.1015625
2 0.696875 0.39921875 0.05625 0.075