6 0.3935546875 0 0.2900390625 0.025390625 0.2509765625 0.0390625 0.1181640625 0.1328125 0.009765625 0.2783203125 0 0.2978515625 0 0.7392578125 0.0966796875 0.873046875 0.2392578125 0.96875 0.3388671875 1 0.7021484375 1 0.7626953125 0.974609375 0.8935546875 0.880859375 0.9375 0.8369140625 1 0.7509765625 1 0.2607421875 0.8876953125 0.134765625 0.7880859375 0.06640625 0.6923828125 0.02734375 0.5830078125 0 0.3935546875 0
8 0.76328125 0.3375 0.20859375 0.17421875
8 0.75 0.53125 0.21953125 0.196875
8 0.65390625 0.71171875 0.14140625 0.16171875
8 0.509375 0.4984375 0.19375 0.134375
8 0.5328125 0.42265625 0.1578125 0.06640625
8 0.47265625 0.584375 0.17421875 0.1625
8 0.32734375 0.66015625 0.1515625 0.15546875
8 0.23984375 0.5265625 0.19296875 0.1953125
8 0.2484375 0.334375 0.184375 0.18515625
8 0.39375 0.23671875 0.17265625 0.15859375
8 0.3953125 0.403125 0.11953125 0.11171875
8 0.5484375 0.25625 0.15 0.1640625
2 0.45625 0.72578125 0.10625 0.09765625
2 0.31015625 0.82421875 0.078125 0.065625
2 0.2296875 0.47265625 0.096875 0.04375
2 0.3171875 0.49921875 0.04453125 0.10703125
2 0.40234375 0.33203125 0.04921875 0.10703125
2 0.4671875 0.31484375 0.0765625 0.09140625
2 0.48671875 0.21640625 0.05703125 0.0609375
2 0.4 0.16328125 0.0984375 0.0421875
2 0.76328125 0.46953125 0.14453125 0.0875
2 0.60703125 0.6109375 0.13125 0.0625
2 0.5828125 0.7796875 0.071875 0.1109375
2 0.66484375 0.79375 0.0953125 0.0640625
2 0.62109375 0.68515625 0.06953125 0.04765625