6 0.927734375 0.9423828125 0.9375 0.9189453125 0.9375 0.3994140625 0.9267578125 0.384765625 0.8955078125 0.375 0.7548828125 0.376953125 0.6259765625 0.421875 0.544921875 0.4853515625 0.515625 0.5556640625 0.515625 0.8505859375 0.5869140625 0.947265625 0.8876953125 0.953125 0.927734375 0.9423828125
8 0.7703125 0.6203125 0.10078125 0.07421875
8 0.76640625 0.46640625 0.07421875 0.0796875
8 0.890625 0.5328125 0.12421875 0.1203125
8 0.8234375 0.7171875 0.103125 0.128125
8 0.7953125 0.91328125 0.10625 0.11328125
8 0.59765625 0.80390625 0.06015625 0.09609375
8 0.59453125 0.5890625 0.103125 0.0625
6 0.9130859375 0.345703125 0.9375 0.3232421875 0.9375 0.0947265625 0.9130859375 0.076171875 0.8623046875 0.0703125 0.2060546875 0.078125 0.1796875 0.0947265625 0.1484375 0.1513671875 0.140625 0.2216796875 0.1484375 0.2939453125 0.1962890625 0.345703125 0.9130859375 0.345703125
5 0.5359375 0.2765625 0.14765625 0.140625
5 0.31953125 0.28984375 0.10078125 0.11015625
5 0.2828125 0.1859375 0.16015625 0.12265625
5 0.78359375 0.15078125 0.140625 0.0890625
5 0.8546875 0.17265625 0.1796875 0.1296875