6 0.055398178124999996 0.562072540625 0.0648227921875 0.5776014796875 0.095102746875 0.590053559375 0.2353628515625 0.60036414375 0.3676937734375 0.5668481296875 0.45397237031250004 0.510677496875 0.48928589999999994 0.443185946875 0.5149900359374999 0.1493863390625 0.45239843906250005 0.0468612953125 0.15327243125 0.0148094046875 0.1124494859375 0.022021081249999998 0.100678309375 0.0445182640625 0.055398178124999996 0.562072540625
8 0.24140625 0.35625 0.10625 0.0828125
8 0.23203125 0.51015625 0.0796875 0.0859375
8 0.1140625 0.43359375 0.134375 0.1328125
8 0.196875 0.25546875 0.1140625 0.1359375
8 0.2421875 0.0625 0.115625 0.1234375
8 0.42890625 0.1890625 0.06875 0.1
8 0.41328125 0.403125 0.1078125 0.071875
6 0.05157245781250001 0.885920665625 0.1016497921875 0.8961836218749999 0.7560834671875 0.94559680625 0.783797240625 0.9313564703124999 0.81986488125 0.877654996875 0.833775790625 0.8082909609375 0.8322913828124999 0.7356194234375 0.78970291875 0.6806241015625 0.07426386562500001 0.6180312953125 0.0487848953125 0.6376627046875 0.0288684453125 0.8653087578124999 0.05157245781250001 0.885920665625
5 0.44453125 0.71953125 0.1578125 0.153125
5 0.66171875 0.725 0.1109375 0.11875
5 0.6890625 0.83203125 0.16875 0.1359375
5 0.18671875 0.8234375 0.1484375 0.1015625
5 0.11796875 0.7953125 0.1890625 0.1453125