6 0.9193906546875 0.0496992921875 0.89547418125 0.041173675 0.37665493125 0.0683638390625 0.362588771875 0.0798579453125 0.354472028125 0.11157621250000001 0.36378222031249996 0.251906271875 0.4153889640625 0.37828483125 0.4830206078125 0.45590632812500004 0.554770028125 0.48148318124999995 0.8492877218749999 0.46604816250000003 0.9421039328124999 0.3897969765625 0.932213603125 0.0891212796875 0.9193906546875 0.0496992921875
8 0.60625 0.2234375 0.0796875 0.103125
8 0.45234375 0.2359375 0.0828125 0.078125
8 0.5125 0.1078125 0.128125 0.13125
8 0.7 0.165625 0.1328125 0.109375
8 0.896875 0.18359375 0.11875 0.1125
8 0.7984375 0.38671875 0.0984375 0.065625
8 0.584375 0.40078125 0.0671875 0.10625
6 0.3008800140625 0.072335034375 0.0726775625 0.08429461875000001 0.05542603593749999 0.1096463 0.0522323765625 0.1606646125 0.09437964062500001 0.8156063687499999 0.11233840312500001 0.8410685625 0.170536903125 0.8693113953125 0.2411619171875 0.873433315625 0.3129196296875 0.8618494328124999 0.361452571875 0.812021565625 0.323866359375 0.09483388125 0.3008800140625 0.072335034375
5 0.275 0.47578125 0.1484375 0.1546875
5 0.29921875 0.69140625 0.115625 0.1078125
5 0.19765625 0.73359375 0.1296875 0.165625
5 0.13671875 0.23515625 0.096875 0.1453125
5 0.1546875 0.16328125 0.1390625 0.184375