6 1 0.25161839218750004 0.8048814562500001 0.0984142125 0.6752834390625 0.0345307953125 0.4878376203125 0.013591729687500002 0.42665045625 0.0171446828125 0.239682884375 0.0765127265625 0.136711425 0.13294382656249998 0.097737490625 0.167418496875 0.06966580624999999 0.22027657500000003 0.0155688875 0.47102001250000003 0.011516354687499999 0.5725471375 0.059009684375 0.6776787 0.1281365125 0.778449340625 0.23889541250000002 0.8938785453125 0.4173651703125 0.9778215093749999 0.49909588281249995 0.9854945718750001 0.594181228125 0.9764804328125001 0.6951090421874999 0.9492748421874999 0.9051392593750001 0.7779616234375 0.9520848171875 0.7166338640625 0.9835973390625 0.6581427109375 0.9866183265625 0.6192298015625 1 0.42786296718749994 1 0.25161839218750004
5 0.7578125 0.7203125 0.125 0.1234375
5 0.18515625 0.78671875 0.0921875 0.071875
5 0.24609375 0.83671875 0.125 0.1046875
5 0.36015625 0.8625 0.0890625 0.08125
5 0.44609375 0.7953125 0.090625 0.096875
5 0.39375 0.68984375 0.084375 0.0921875
5 0.309375 0.62578125 0.0734375 0.0765625
5 0.24296875 0.5546875 0.071875 0.08125
5 0.21484375 0.665625 0.071875 0.0703125
5 0.3796875 0.59453125 0.0578125 0.0609375
5 0.3734375 0.5375 0.06875 0.0609375
5 0.43359375 0.60703125 0.0734375 0.0875
5 0.50390625 0.5453125 0.121875 0.0984375
5 0.5359375 0.65859375 0.090625 0.109375
5 0.55546875 0.71015625 0.1046875 0.1109375
5 0.60703125 0.615625 0.1296875 0.1234375
5 0.61875 0.5234375 0.140625 0.1125
5 0.6921875 0.47734375 0.1234375 0.0984375
2 0.57734375 0.4625 0.10625 0.05625
2 0.46640625 0.47421875 0.0890625 0.059375
2 0.3421875 0.45078125 0.0609375 0.0671875
2 0.27734375 0.74140625 0.046875 0.10625
2 0.15546875 0.71953125 0.0796875 0.071875
2 0.6953125 0.31171875 0.13125 0.1671875
2 0.571875 0.3328125 0.1078125 0.0640625
2 0.66171875 0.16015625 0.1265625 0.1234375
2 0.46953125 0.20234375 0.1171875 0.10625
2 0.3234375 0.32109375 0.0453125 0.084375
2 0.10703125 0.3 0.0625 0.0484375