6 1 0.425668571875 0.9872463921874999 0.3820938234375 0.9540774656250001 0.31234569218749997 0.784254934375 0.1011083421875 0.69118899375 0.0535131859375 0.6000556375 0.024926671875 0.5185156171874999 0.0154392890625 0.326493128125 0.06044195 0.1941554953125 0.15032067968750001 0.10558786093750001 0.2345169640625 0.0372742921875 0.32747673125 0.020129590625 0.4276278140625 0.0209118703125 0.6841392875000001 0.037380309375 0.741678721875 0.06833488125 0.7835031734375 0.1573234828125 0.8601100875000001 0.3278620546875 0.9570535421875 0.38697343125 0.9732503828124999 0.5746765859375 0.9917410625 0.7147246843749999 0.9561985937499999 0.9507670390625 0.8403660187499999 1 0.4900553 1 0.425668571875
5 0.7984375 0.33828125 0.1328125 0.13125
5 0.2515625 0.1546875 0.0953125 0.0765625
5 0.321875 0.1171875 0.13125 0.1125
5 0.4390625 0.11640625 0.09375 0.0859375
5 0.509375 0.2 0.096875 0.1015625
5 0.43515625 0.2921875 0.0890625 0.096875
5 0.33984375 0.33671875 0.078125 0.08125
5 0.26015625 0.39296875 0.0765625 0.0859375
5 0.25546875 0.27890625 0.075 0.075
5 0.40234375 0.3828125 0.0625 0.065625
5 0.384375 0.4375 0.0734375 0.0640625
5 0.4578125 0.38125 0.078125 0.090625
5 0.51328125 0.45625 0.1265625 0.10625
5 0.56796875 0.35234375 0.0984375 0.1140625
5 0.5984375 0.30625 0.1109375 0.1171875
5 0.62890625 0.409375 0.1375 0.13125
5 0.62109375 0.50234375 0.146875 0.1203125
5 0.6828125 0.56171875 0.128125 0.10625
2 0.5671875 0.553125 0.109375 0.0625
2 0.46171875 0.51796875 0.0921875 0.0640625
2 0.33515625 0.515625 0.0640625 0.071875
2 0.33203125 0.21796875 0.053125 0.1078125
2 0.20859375 0.2140625 0.084375 0.0765625
2 0.65234375 0.725 0.140625 0.175
2 0.5359375 0.67890625 0.1109375 0.0703125
2 0.5875 0.865625 0.134375 0.13125
2 0.40859375 0.784375 0.1234375 0.1125
2 0.290625 0.63828125 0.05 0.0859375
2 0.0734375 0.61328125 0.065625 0.0515625