6 0.2275390625 0.9969604859375 0.6240234375 0.993920971875 0.6845703125 0.96656535 0.7490234375 0.9240121578125 0.9345703125 0.72644376875 0.96875 0.627659575 0.984375 0.53343465 0.982421875 0.45136778125 0.9111328125 0.267477203125 0.8037109375 0.1489361703125 0.7080078125 0.07294832812499999 0.6064453125 0.0182370828125 0.5048828125 0.015197568750000001 0.2509765625 0.0516717328125 0.1962890625 0.0759878421875 0.1591796875 0.11246200625 0.095703125 0.2112462 0.0234375 0.39361702187500003 0.015625 0.4544072953125 0.0234375 0.6428571421875 0.078125 0.7765957453125 0.2275390625 0.9969604859375
5 0.7015625 0.77265625 0.1171875 0.11640625
5 0.8078125 0.20625 0.06484375 0.08828125
5 0.85390625 0.2703125 0.096875 0.11796875
5 0.87109375 0.3859375 0.075 0.0859375
5 0.7984375 0.4671875 0.08984375 0.0828125
5 0.696875 0.40703125 0.08828125 0.078125
5 0.6390625 0.31875 0.071875 0.0703125
5 0.57265625 0.24765625 0.07734375 0.06640625
5 0.68515625 0.22734375 0.065625 0.0671875
5 0.60234375 0.38671875 0.0578125 0.05390625
5 0.54609375 0.3765625 0.05625 0.0671875
5 0.61171875 0.44140625 0.08359375 0.06640625
5 0.5453125 0.50703125 0.0921875 0.115625
5 0.65546875 0.546875 0.103125 0.08515625
5 0.70546875 0.5703125 0.10390625 0.0984375
5 0.6078125 0.61484375 0.11484375 0.121875
5 0.51484375 0.6203125 0.103125 0.13515625
5 0.4640625 0.68984375 0.08984375 0.11640625
2 0.45703125 0.57421875 0.0484375 0.103125
2 0.4765625 0.46484375 0.0515625 0.08671875
2 0.46171875 0.3390625 0.06328125 0.05625
2 0.75625 0.29453125 0.103125 0.0390625
2 0.74296875 0.171875 0.06640625 0.075
2 0.2984375 0.68203125 0.16015625 0.11953125
2 0.328125 0.56015625 0.05546875 0.10546875
2 0.15 0.6375 0.11484375 0.1171875
2 0.20546875 0.44921875 0.09765625 0.1109375
2 0.33359375 0.31171875 0.08125 0.03984375
2 0.328125 0.09375 0.04375 0.059375