6 1 0.2841796875 0.8349609375 0.140625 0.7255859375 0.0859375 0.6181640625 0.046875 0.4560546875 0.01953125 0.3564453125 0.0234375 0.2509765625 0.041015625 0.0791015625 0.111328125 0.0068359375 0.166015625 0 0.1728515625 0 0.7939453125 0.0361328125 0.8359375 0.1064453125 0.888671875 0.2041015625 0.9453125 0.3251953125 0.98828125 0.3974609375 1 0.6005859375 1 0.7744140625 0.962890625 0.8720703125 0.931640625 0.9423828125 0.896484375 1 0.8486328125 1 0.2841796875
2 0.24140625 0.0890625 0.0921875 0.1328125
2 0.1453125 0.12734375 0.078125 0.07265625
2 0.13828125 0.2234375 0.12265625 0.0890625
2 0.11875 0.31875 0.14765625 0.11015625
2 0.02421875 0.44375 0.0484375 0.175
2 0.15234375 0.5203125 0.15859375 0.11015625
2 0.19375 0.6390625 0.07734375 0.2140625
2 0.03828125 0.76640625 0.0765625 0.0453125
2 0.0109375 0.68125 0.02109375 0.06484375
2 0.33671875 0.75703125 0.128125 0.2671875
2 0.3546875 0.571875 0.17265625 0.06875
2 0.459375 0.5390625 0.07734375 0.08125
2 0.33125 0.459375 0.12265625 0.10078125
2 0.41171875 0.4171875 0.0609375 0.06953125
2 0.44921875 0.3921875 0.05 0.053125
2 0.27421875 0.26015625 0.12890625 0.1484375
2 0.5875 0.50859375 0.1140625 0.175
2 0.48828125 0.77578125 0.10625 0.13125
2 0.52890625 0.8671875 0.04140625 0.04609375
2 0.771875 0.728125 0.14453125 0.31796875
2 0.92578125 0.66953125 0.1484375 0.20546875
2 0.8328125 0.45078125 0.1125 0.08359375
2 0.740625 0.47109375 0.0765625 0.06640625
2 0.95390625 0.415625 0.09140625 0.1046875
2 0.82890625 0.32734375 0.075 0.14921875
2 0.64609375 0.378125 0.31796875 0.09453125
2 0.64453125 0.31015625 0.0453125 0.05625
2 0.49453125 0.31015625 0.0640625 0.0859375
2 0.50234375 0.20078125 0.11640625 0.1109375
2 0.42421875 0.12109375 0.09296875 0.11875
2 0.3359375 0.0859375 0.08203125 0.09609375
2 0.6234375 0.1296875 0.1484375 0.0421875
2 0.5671875 0.0890625 0.0859375 0.05234375
8 0.30546875 0.37578125 0.0734375 0.065625
8 0.21875 0.3421875 0.0796875 0.06953125
8 0.15625 0.428125 0.04453125 0.0625
8 0.1 0.44296875 0.071875 0.0515625
8 0.28125 0.50703125 0.1015625 0.0625
8 0.25546875 0.61171875 0.05 0.0921875
8 0.11328125 0.665625 0.08359375 0.05078125
8 0.4765625 0.690625 0.0546875 0.075
8 0.51015625 0.53515625 0.05234375 0.08828125
8 0.70625 0.51328125 0.09765625 0.05859375
8 0.77265625 0.54296875 0.04609375 0.03046875
8 0.84609375 0.55 0.06015625 0.06171875
8 0.8984375 0.46328125 0.0484375 0.04453125
8 0.87890625 0.3328125 0.0625 0.0375
8 0.64765625 0.265625 0.06953125 0.0453125
8 0.62890625 0.2109375 0.0453125 0.0421875
8 0.53515625 0.1078125 0.05546875 0.03359375
8 0.43828125 0.234375 0.05234375 0.0328125
8 0.9421875 0.5015625 0.04453125 0.0421875