6 1 0.30594678750000004 0.8592000984375 0.16506095 0.7539063374999999 0.1028770515625 0.6494709984375 0.056416334375 0.4896639171875 0.0178310140625 0.3900247 0.01477935 0.283586678125 0.024957528125 0.1072256046875 0.08310935625 0.0313212078125 0.1326226453125 0.024025071875 0.1389650796875 0 0.48253961875 0 0.7844289046874999 0.013815329687499999 0.8029562703125 0.08027798750000001 0.8604669390625 0.1737453015625 0.923781746875 0.291546725 0.9750928999999999 0.3521280359375 0.98931441875 0.5049389734374999 1 0.607821634375 1 0.7414423609374999 0.9811000406250001 0.841040615625 0.9567383203125001 0.9136342140625 0.9265724609375001 0.9744490046875001 0.882856634375 1 0.5174603765625 1 0.30594678750000004
2 0.2703125 0.071875 0.1015625 0.140625
2 0.171875 0.103125 0.0828125 0.078125
2 0.15859375 0.19921875 0.1296875 0.0984375
2 0.13203125 0.29296875 0.1546875 0.11875
2 0.0296875 0.4109375 0.059375 0.178125
2 0.1515625 0.49609375 0.165625 0.1203125
2 0.18515625 0.6171875 0.09375 0.2203125
2 0.03046875 0.7328125 0.0609375 0.05
2 0.00625 0.64609375 0.0125 0.0671875
2 0.31953125 0.7453125 0.146875 0.275
2 0.35 0.56171875 0.1765625 0.08125
2 0.45703125 0.5359375 0.084375 0.0859375
2 0.334375 0.44765625 0.128125 0.1078125
2 0.41796875 0.4109375 0.065625 0.0734375
2 0.45703125 0.3890625 0.053125 0.05625
2 0.29140625 0.2453125 0.1390625 0.1578125
2 0.58671875 0.51484375 0.125 0.1828125
2 0.46875 0.77421875 0.115625 0.1390625
2 0.503125 0.86796875 0.0453125 0.05
2 0.75546875 0.746875 0.165625 0.328125
2 0.91328125 0.6984375 0.1625 0.2140625
2 0.83515625 0.47421875 0.11875 0.090625
2 0.7421875 0.48828125 0.0796875 0.071875
2 0.95390625 0.446875 0.0921875 0.1125
2 0.83984375 0.35078125 0.0859375 0.153125
2 0.65390625 0.38828125 0.3234375 0.115625
2 0.6578125 0.3203125 0.0484375 0.059375
2 0.5078125 0.31015625 0.0703125 0.090625
2 0.5234375 0.2015625 0.125 0.11875
2 0.45078125 0.11640625 0.1 0.125
2 0.36484375 0.07578125 0.0875 0.1015625
2 0.64921875 0.1390625 0.15 0.05
2 0.5953125 0.09453125 0.0875 0.059375
8 0.31484375 0.3625 0.078125 0.0703125
8 0.23046875 0.32265625 0.0859375 0.075
8 0.16171875 0.4046875 0.0484375 0.065625
8 0.1046875 0.41484375 0.075 0.05625
8 0.28125 0.49140625 0.1046875 0.06875
8 0.2484375 0.59453125 0.05625 0.0953125
8 0.10234375 0.63828125 0.0859375 0.05625
8 0.46328125 0.68828125 0.0578125 0.078125
8 0.5078125 0.5359375 0.0578125 0.0921875
8 0.7046875 0.52734375 0.1 0.0640625
8 0.76875 0.56171875 0.046875 0.0328125
8 0.84140625 0.57421875 0.065625 0.0671875
8 0.9 0.49140625 0.05 0.0484375
8 0.88984375 0.359375 0.065625 0.0421875
8 0.66328125 0.2765625 0.0734375 0.0484375
8 0.6484375 0.2203125 0.0484375 0.04375
8 0.5625 0.1109375 0.05625 0.0375
8 0.45703125 0.23046875 0.053125 0.034375
8 0.940625 0.53203125 0.046875 0.04375