6 0.2215831375 0 0.1619936203125 0.0619878203125 0.0938738828125 0.15201340000000002 0.0364678 0.2669679625 0.019095190625 0.3267219515625 0 0.4822397953125 0 0.6376001484375 0.006923173437500001 0.7159326421875 0.026038937499999998 0.8166693953124999 0.05236420000000001 0.890742265625 0.092837315625 0.9537616218749999 0.4694186875 1 0.6781440562500001 1 0.8156809468749999 0.8762371828125 0.8832902734375001 0.7743421765625 0.9351530421875 0.6724815296875 0.9820491390624999 0.5149128578125 0.9903113343750001 0.41556990312500003 0.985717640625 0.3087450671875 0.9368755328124999 0.129582259375 0.8914026296875001 0.0511905609375 0.8854507375 0.0435724875 0.5305813046875001 0 0.2215831375 0
2 0.9328125 0.29296875 0.134375 0.1078125
2 0.91328125 0.19375 0.0828125 0.0859375
2 0.81875 0.175 0.1046875 0.1328125
2 0.7265625 0.14375 0.1265625 0.159375
2 0.6140625 0.034375 0.1796875 0.06875
2 0.521875 0.15234375 0.128125 0.1703125
2 0.39921875 0.17890625 0.2234375 0.103125
2 0.29140625 0.025 0.0546875 0.05
2 0.37890625 0.003125 0.0671875 0.00625
2 0.26484375 0.30625 0.28125 0.159375
2 0.44609375 0.346875 0.0890625 0.1796875
2 0.46640625 0.4546875 0.090625 0.0875
2 0.5609375 0.3375 0.1140625 0.1328125
2 0.59296875 0.42265625 0.075 0.06875
2 0.61328125 0.4625 0.059375 0.05625
2 0.765625 0.30546875 0.1625 0.146875
2 0.48046875 0.5859375 0.1875 0.1328125
2 0.22734375 0.4546875 0.14375 0.121875
2 0.13203125 0.48359375 0.0515625 0.046875
2 0.240625 0.7421875 0.334375 0.18125
2 0.2796875 0.9015625 0.221875 0.171875
2 0.50859375 0.83671875 0.0953125 0.121875
2 0.49921875 0.7421875 0.0765625 0.0828125
2 0.52734375 0.95390625 0.1171875 0.0921875
2 0.63125 0.84765625 0.15625 0.0921875
2 0.603125 0.66015625 0.13125 0.3265625
2 0.67109375 0.66640625 0.0609375 0.0515625
2 0.6890625 0.51796875 0.09375 0.0734375
2 0.796875 0.5390625 0.125 0.1296875
2 0.88515625 0.47109375 0.1296875 0.10625
2 0.93125 0.3875 0.10625 0.0921875
2 0.85234375 0.66796875 0.0578125 0.15
2 0.9 0.61640625 0.0625 0.090625
8 0.646875 0.321875 0.0734375 0.08125
8 0.690625 0.23984375 0.078125 0.0890625
8 0.61328125 0.1671875 0.0671875 0.0515625
8 0.60546875 0.11015625 0.059375 0.078125
8 0.51953125 0.28203125 0.075 0.10625
8 0.41875 0.24375 0.096875 0.0609375
8 0.3828125 0.09609375 0.059375 0.0890625
8 0.31328125 0.453125 0.08125 0.0625
8 0.4640625 0.50546875 0.0953125 0.0625
8 0.46171875 0.703125 0.06875 0.103125
8 0.42421875 0.765625 0.034375 0.0484375
8 0.4078125 0.8375 0.06875 0.06875
8 0.4875 0.9 0.05 0.0515625
8 0.61953125 0.89609375 0.0453125 0.0671875
8 0.71484375 0.675 0.0515625 0.075
8 0.77109375 0.66328125 0.0453125 0.05
8 0.88515625 0.5828125 0.040625 0.0578125
8 0.77109375 0.47109375 0.0375 0.0546875
8 0.44453125 0.9390625 0.0453125 0.0484375