6 0.246486253125 0 0.146212803125 0.0729846203125 0.028769089062499996 0.20007650781250003 0 0.47379610781250003 0 0.7131670171875 0.0383066671875 0.716598328125 0.077464346875 0.7364250343750001 0.1157995328125 0.726707040625 0.17928710625 0.739271503125 0.24072724218750002 0.733945821875 0.269560321875 0.7585790171875 0.47105925624999995 0.7660102249999999 0.5039813453125 0.789109309375 0.5495787734375 0.803721209375 0.5617466531249999 0.8187472890624999 0.5895530828125 0.8157782125 0.5912447109375 0.8463962015625001 0.60765325 0.8491027499999999 0.6250825734375 0.8420971703125 0.6430718640624999 0.820421321875 0.646443390625 0.8070285 0.63989863125 0.7945573171875 0.6686733406250001 0.77303311875 0.6746639984375 0.8374889718749999 0.69112504375 0.8490385140625 0.6998222515625 0.897085828125 0.6922625703125 0.9316411734375001 0.700959778125 0.9796884875 0.7096511203125 0.9904214015624999 0.7028030578125 0.9995210578125 0.7030600328125 1 0.9502020234374999 1 1 0.5262038953125 1 0.25378639375 0.9904621765625 0.2245630734375 0.9536552374999999 0.20105567343750003 0.9063019453125 0.072353990625 0.8795629406250001 0.0371395328125 0.526203890625 0 0.246486253125 0
1 0.6453125 0.18515625 0.06875 0.090625
1 0.45 0.6390625 0.103125 0.115625
1 0.72734375 0.48125 0.078125 0.0734375
1 0.875 0.2328125 0.1015625 0.090625
1 0.825 0.190625 0.053125 0.071875
1 0.775 0.20546875 0.084375 0.0703125
0 0.68359375 0.6609375 0.103125 0.090625
0 0.6078125 0.6609375 0.0625 0.0828125
0 0.37578125 0.6078125 0.0703125 0.08125
0 0.86328125 0.82265625 0.0796875 0.0859375