6 1 0.0810946734375 0.8532222796875001 0.0545693125 0.832633475 0.07572963906249999 0.83670805 0.086364371875 0.8253950031249999 0.094285853125 0.8037910765625 0.1380746203125 0.8015331640625 0.17337507968750002 0.7799292359375001 0.21716384687499998 0.7609223796875 0.22372870156250002 0.7373973484375 0.28403639375 0.7156701953125 0.255414621875 0.7253989453125 0.2452305328125 0.7258495890625001 0.2314272078125 0.714531846875 0.2056325234375 0.6997087046875 0.1940941546875 0.683189778125 0.19217305 0.6731242187500001 0.221138675 0.6472133515625 0.210620125 0.6313750875 0.22171019687500002 0.583516440625 0.22318770156249998 0.545502728125 0.236317409375 0.3497612015625 0.1879201109375 0.3152552359375 0.20365158593750002 0.25766314375 0.1815970140625 0.1931717375 0.1761752046875 0.1590002328125 0.1562670609375 0.11589447500000001 0.16453239375 0.0535518421875 0.152548078125 0 0.45625566875 0 0.7291661640625 0.0422165296875 0.8129565609375 0.1247114109375 0.91873236875 0.11984938281249999 0.9406824953124999 0.4562556703125 1 0.7895733 1 0.853681178125 0.9124080593749999 0.895541796875 0.899956665625 0.9518746625000001 0.8166766796875 1 0.54374433125 1 0.0810946734375
1 0.553125 0.8421875 0.075 0.09375
1 0.490625 0.35234375 0.109375 0.1203125
1 0.71328125 0.58046875 0.0828125 0.0765625
1 0.7875 0.86015625 0.10625 0.096875
1 0.7265625 0.88671875 0.0578125 0.075
1 0.68359375 0.859375 0.0875 0.075
0 0.7203125 0.39609375 0.1078125 0.096875
0 0.6484375 0.375 0.0671875 0.0859375
0 0.41015625 0.36171875 0.075 0.084375
0 0.93828125 0.28984375 0.084375 0.0890625