6 0.0009765625 0 0 0.2294921875 0.0244140625 0.24609375 0.0341796875 0.240234375 0.0439453125 0.25 0.0908203125 0.263671875 0.1259765625 0.259765625 0.1728515625 0.2734375 0.1826171875 0.291015625 0.24609375 0.3037109375 0.2216796875 0.330078125 0.2099609375 0.322265625 0.1962890625 0.32421875 0.1728515625 0.33984375 0.1640625 0.3564453125 0.1650390625 0.373046875 0.1953125 0.3779296875 0.189453125 0.4052734375 0.203125 0.4189453125 0.212890625 0.4658203125 0.232421875 0.5009765625 0.21875 0.7021484375 0.240234375 0.7333984375 0.228515625 0.7939453125 0.234375 0.8583984375 0.220703125 0.8955078125 0.236328125 0.9365234375 0.2353515625 1 0.7490234375 1 0.8876953125 0.896484375 0.9775390625 0.796875 1 0.7978515625 1 0.1708984375 0.9677734375 0.140625 0.8447265625 0.080078125 0.8251953125 0.041015625 0.7333984375 0 0.0009765625 0
1 0.828125 0.38828125 0.08359375 0.06171875
1 0.35625 0.53515625 0.1046875 0.09296875
1 0.5421875 0.27578125 0.065625 0.071875
1 0.8046875 0.1546875 0.08046875 0.09375
1 0.84140625 0.209375 0.06640625 0.04765625
1 0.821875 0.25703125 0.06171875 0.078125
0 0.359375 0.30078125 0.08203125 0.09609375
0 0.3515625 0.37578125 0.0796875 0.05390625
0 0.3796875 0.6125 0.07578125 0.0609375
0 0.2171875 0.1046875 0.0765625 0.0734375