6 0.45625566875 0 0.13588758437499998 0.0564895375 0.056285960937500004 0.1037449734375 0 0.1491402578125 0 0.5306491328125 0.0686199609375 0.9047884734375 0.3562177875 0.9611729921875 0.45702712500000003 0.9592636265625 0.6157677109375 0.93722314375 0.7796050390625 0.8766021203125 0.9925555421875 0.7458402109375 1 0.73950915625 1 0.45986071875 0.9239790328125 0.025119340624999997 0.8306930859375001 0 0.45625566875 0
3 0.80078125 0.78671875 0.1953125 0.1171875
3 0.5890625 0.8703125 0.1875 0.096875
3 0.3234375 0.840625 0.1609375 0.103125
3 0.47265625 0.78046875 0.1875 0.115625
3 0.6609375 0.70859375 0.1515625 0.1171875
3 0.83203125 0.66015625 0.1484375 0.10625
3 0.796875 0.484375 0.1796875 0.1421875
3 0.78828125 0.27109375 0.215625 0.1734375
3 0.5796875 0.6203125 0.175 0.109375
3 0.39765625 0.67265625 0.178125 0.121875
3 0.25234375 0.73125 0.165625 0.109375
3 0.08359375 0.5375 0.1671875 0.15
3 0.321875 0.49921875 0.209375 0.1515625
3 0.3484375 0.31171875 0.23125 0.1921875
3 0.55703125 0.40234375 0.1875 0.1671875
2 0.5875 0.77890625 0.165625 0.1640625
2 0.4734375 0.8109375 0.11875 0.1078125
2 0.36484375 0.903125 0.196875 0.0859375
2 0.09921875 0.79375 0.134375 0.1703125
2 0.175 0.65546875 0.125 0.096875
2 0.25546875 0.6484375 0.0875 0.0859375
2 0.2359375 0.52109375 0.1140625 0.0921875
2 0.1921875 0.4515625 0.1171875 0.09375
2 0.6171875 0.3 0.2109375 0.146875
2 0.6890625 0.3859375 0.2375 0.125
2 0.54375 0.50546875 0.1625 0.0890625
2 0.48125 0.44765625 0.128125 0.1203125
2 0.87265625 0.44609375 0.1734375 0.1578125
2 0.753125 0.47421875 0.1015625 0.08125
2 0.74140625 0.61015625 0.0875 0.0765625
2 0.74765625 0.68984375 0.13125 0.0890625
2 0.9140625 0.66484375 0.0734375 0.084375