6 0.7724609375 1 1 0.8935546875 0.9990234375 0.205078125 0.9423828125 0.171875 0.7099609375 0.080078125 0.5380859375 0.048828125 0.3779296875 0.0546875 0.2783203125 0.0703125 0.0048828125 0.17578125 0 0.8876953125 0.0185546875 0.904296875 0.1318359375 0.966796875 0.2197265625 1 0.7724609375 1
3 0.74609375 0.165625 0.1828125 0.0875
3 0.5234375 0.11953125 0.17890625 0.06796875
3 0.2671875 0.1953125 0.15 0.078125
3 0.42421875 0.22890625 0.175 0.08671875
3 0.621875 0.26640625 0.13828125 0.09453125
3 0.79921875 0.284375 0.1359375 0.08359375
3 0.7953125 0.4640625 0.16171875 0.11640625
3 0.8234375 0.67578125 0.19296875 0.1421875
3 0.5578125 0.36796875 0.1625 0.08203125
3 0.36953125 0.34765625 0.16484375 0.0953125
3 0.215625 0.315625 0.153125 0.08359375
3 0.07890625 0.53515625 0.1578125 0.125
3 0.325 0.53203125 0.190625 0.12109375
3 0.38359375 0.71171875 0.20625 0.159375
3 0.5734375 0.5859375 0.16484375 0.1421875
2 0.5375 0.21015625 0.1453125 0.140625
2 0.41953125 0.1984375 0.10390625 0.0921875
2 0.296875 0.1265625 0.190625 0.05390625
2 0.0546875 0.28046875 0.109375 0.153125
2 0.153125 0.403125 0.1140625 0.078125
2 0.23359375 0.39609375 0.07734375 0.07421875
2 0.2359375 0.525 0.10390625 0.0734375
2 0.20546875 0.60078125 0.10625 0.07734375
2 0.65 0.6765625 0.1921875 0.11640625
2 0.70625 0.5796875 0.22578125 0.08828125
2 0.5421875 0.48671875 0.1546875 0.06328125
2 0.490625 0.5546875 0.1140625 0.1015625
2 0.8765625 0.48828125 0.15390625 0.13203125
2 0.75390625 0.48125 0.09296875 0.06640625
2 0.71875 0.34921875 0.07734375 0.06484375
2 0.7109375 0.2703125 0.1234375 0.06875
2 0.87890625 0.265625 0.0609375 0.0765625