6 0.2174576109375 0 0.18800180625000001 0.04645231875 0.08814944531249999 0.27552894375000003 0.05092013125 0.4462086328125 0.051186564062499995 0.606471809375 0.06332572812500001 0.706565809375 0.15918739843750002 0.9835175453125 0.5536036859375 1 0.8832057390625 1 0.8877363734375001 0.9952788265624999 0.9541517578125 0.884247803125 0.9898689031250001 0.7988441734375 1 0.508727515625 1 0.22241668906249998 0.9112526765625001 0.014056487500000001 0.49166441875 0 0.2174576109375 0
3 0.17421875 0.2421875 0.09375 0.1859375
3 0.1203125 0.46328125 0.0734375 0.1796875
3 0.1875 0.721875 0.0828125 0.153125
3 0.2265625 0.56640625 0.0921875 0.178125
3 0.27109375 0.3703125 0.1 0.140625
3 0.2953125 0.19375 0.0890625 0.1390625
3 0.47421875 0.20390625 0.121875 0.1671875
3 0.68671875 0.1828125 0.1484375 0.1984375
3 0.3703125 0.4375 0.0890625 0.165625
3 0.34296875 0.625 0.1015625 0.1671875
3 0.30546875 0.778125 0.0890625 0.15625
3 0.51953125 0.9203125 0.1296875 0.159375
3 0.52578125 0.67578125 0.1265625 0.1953125
3 0.7078125 0.6234375 0.1671875 0.2109375
3 0.58828125 0.4296875 0.146875 0.1703125
2 0.21171875 0.45234375 0.1453125 0.1484375
2 0.19609375 0.56953125 0.09375 0.1078125
2 0.11953125 0.68984375 0.059375 0.1921875
2 0.26484375 0.9375 0.15625 0.1140625
2 0.39140625 0.84296875 0.08125 0.115625
2 0.38671875 0.7625 0.0765625 0.0796875
2 0.515625 0.76484375 0.078125 0.10625
2 0.590625 0.79765625 0.0796875 0.109375
2 0.68203125 0.35625 0.121875 0.1984375
2 0.58671875 0.296875 0.0953125 0.228125
2 0.48828125 0.45703125 0.06875 0.1546875
2 0.5546875 0.5109375 0.10625 0.115625
2 0.5015625 0.1234375 0.1375 0.1578125
2 0.48984375 0.2453125 0.06875 0.09375
2 0.35703125 0.27578125 0.0671875 0.0796875
2 0.278125 0.28125 0.0734375 0.1234375
2 0.27890625 0.11328125 0.0765625 0.0640625