6 0.06535663124999999 0 0 0.46503659218750004 0 0.7170264890625 0.10088704062500001 0.8909412515625 0.28347644375000003 0.9744833843749999 0.4650365953125 1 0.8327280484375 1 0.8793827078125 0.9792034609375 0.9430105062499999 0.9194140453124999 1 0.5255291515625 1 0.1351577078125 0.9707383859375 0.09059972656250001 0.92895413125 0.061683207812499995 0.490055303125 0 0.06535663124999999 0
3 0.1203125 0.5875 0.2234375 0.234375
3 0.2765625 0.759375 0.1921875 0.1484375
3 0.43046875 0.7578125 0.16875 0.1453125
3 0.68125 0.85234375 0.2109375 0.159375
3 0.64140625 0.63125 0.1890625 0.1890625
3 0.65625 0.353125 0.2984375 0.3296875
3 0.303125 0.40390625 0.2640625 0.2140625
2 0.50546875 0.75703125 0.1046875 0.159375
2 0.54375 0.6171875 0.1015625 0.115625
2 0.36640625 0.5921875 0.09375 0.090625
2 0.25390625 0.52109375 0.0578125 0.0640625