6 0.2568359375 0 0.1455078125 0.023560209375 0.0576171875 0.07853403125 0.0029296875 0.146596859375 0 0.8678010468749999 0.0908203125 0.9712041890625001 0.1376953125 0.9947643984375001 0.9541015625 0.9947643984375001 0.9697265625 0.9921465968750001 1 0.959424084375 1 0.2604712046875 0.8408203125 0.057591623437499996 0.6474609375 0 0.2568359375 0
3 0.8640625 0.36015625 0.1953125 0.209375
3 0.68515625 0.21171875 0.1765625 0.125
3 0.5328125 0.23515625 0.15390625 0.125
3 0.271875 0.1765625 0.1953125 0.13515625
3 0.34140625 0.38984375 0.1671875 0.1671875
3 0.365625 0.6671875 0.259375 0.2953125
3 0.70859375 0.56796875 0.240625 0.1828125
2 0.45859375 0.24609375 0.084375 0.14921875
2 0.440625 0.38984375 0.0890625 0.1046875
2 0.61953125 0.38984375 0.0828125 0.07890625
2 0.740625 0.44453125 0.0484375 0.05703125