6 0.2850694234375 0 0.116083771875 0.09412496249999999 0.0293677375 0.27522854531249996 0 0.4606491453125 0 0.837435515625 0.014248382812499998 0.8709616718750001 0.072918234375 0.9356232500000001 0.46895796562500003 1 0.8660148484375 1 0.9011224015625 0.9778117109375 0.930763753125 0.9365384828125001 1 0.499398021875 1 0.07295965625 0.5393508546875 0 0.2850694234375 0
3 0.41875 0.11875 0.2375 0.2265625
3 0.24453125 0.271875 0.1515625 0.19375
3 0.24375 0.42578125 0.146875 0.1703125
3 0.14453125 0.675 0.1625 0.2125
3 0.36640625 0.6390625 0.190625 0.190625
3 0.64375 0.65859375 0.334375 0.303125
3 0.6 0.3046875 0.21875 0.265625
2 0.24296875 0.5015625 0.159375 0.10625
2 0.38203125 0.54140625 0.1171875 0.103125
2 0.41015625 0.36484375 0.0921875 0.09375
2 0.4828125 0.25390625 0.065625 0.0578125