6 0.614410790625 1 0.7595151265625 0.9096511968750001 0.8720231859375 0.75321565 0.9141552734375 0.5986379562499999 0.915265440625 0.5774546984375 0.8389455968749999 0.1901659875 0.6607203671875 0.03316229375 0.5606258984375 0.0024910953125 0.3933698921875 0.0093720234375 0.23398337812499997 0.0900080734375 0.12984529218750002 0.18625230625 0.0807737671875 0.32645436875 0.049088675 0.48321405781250004 0.09209342968749999 0.7573247875 0.21863592656250003 0.930200053125 0.25256848125000003 0.9544701453125001 0.31324511093749996 0.9908987640625 0.486907046875 1 0.614410790625 1
5 0.57734375 0.23984375 0.1375 0.15
5 0.67890625 0.5578125 0.1671875 0.1203125
5 0.3203125 0.8953125 0.10625 0.1
5 0.1578125 0.78359375 0.0859375 0.090625
5 0.3765625 0.6234375 0.0984375 0.1078125
5 0.625 0.42421875 0.1171875 0.1140625
5 0.5484375 0.8390625 0.1171875 0.1796875
5 0.41796875 0.92265625 0.1203125 0.109375
5 0.17109375 0.4140625 0.08125 0.0796875
5 0.346875 0.11015625 0.14375 0.1203125