6 0 0.6315104171875 0.1044921875 0.78125 0.2666015625 0.8854166671874999 0.4345703125 0.921875 0.8271484375 0.8229166671874999 0.974609375 0.63671875 1 0.53515625 0.984375 0.3684895828125 0.8955078125 0.21354166718749998 0.7939453125 0.1145833328125 0.6513671875 0.07291666718749999 0.4931640625 0.0494791671875 0.2216796875 0.1067708328125 0.0556640625 0.2421875 0.033203125 0.27734375 0 0.33984375 0 0.6315104171875
5 0.7640625 0.56328125 0.14296875 0.12890625
5 0.4515625 0.68203125 0.1125 0.1609375
5 0.09609375 0.34140625 0.09453125 0.1015625
5 0.19921875 0.1734375 0.0859375 0.08125
5 0.3703125 0.3828125 0.103125 0.09375
5 0.58203125 0.62109375 0.1078125 0.11171875
5 0.1640625 0.56640625 0.17578125 0.10859375
5 0.0734375 0.43984375 0.103125 0.115625
5 0.56875 0.1671875 0.0734375 0.0796875
5 0.88125 0.3265625 0.1125 0.1375