6 0.4253760546875 0 0.29234318125000003 0.061775342187500006 0.1616090421875 0.203333559375 0.1009527203125 0.35162444531250003 0.09726923750000001 0.372514509375 0.125821584375 0.7662174796875 0.2835844140625 0.9437710828125001 0.37919491562499996 0.986412109375 0.5460427937500001 0.9999658515625001 0.714068328125 0.9393551796875 0.82915940625 0.8565195765625001 0.8949514921875 0.7233428749999999 0.9455046078124999 0.5716130890625 0.9362260984375 0.2943045796875 0.8316950265624999 0.10729624687499999 0.8009731796875 0.07907172343749999 0.74518835625 0.0355200171875 0.5437443328125 0 0.4253760546875 0
5 0.3921875 0.74921875 0.153125 0.1640625
5 0.32890625 0.4203125 0.178125 0.1390625
5 0.7265625 0.1296875 0.1171875 0.1109375
5 0.87421875 0.26015625 0.0953125 0.0984375
5 0.63828125 0.39296875 0.1109375 0.1171875
5 0.36640625 0.559375 0.128125 0.125
5 0.49296875 0.1578125 0.1359375 0.190625
5 0.63359375 0.090625 0.13125 0.121875
5 0.815625 0.62578125 0.090625 0.0875
5 0.6046875 0.90546875 0.1546875 0.134375