6 0.037975534374999995 0 0.016288828124999998 0.024821445312500003 0 0.4912724625 0 0.93311305 0.022472928125 0.9670174781249999 0.040505090625000004 0.982304540625 0.10094691874999999 0.98636953125 0.5710017046875 1 0.764902971875 1 0.8459665218750001 0.8902414703125 0.9211439312499999 0.7521560046875 0.9563965171875 0.6380824375 0.9766470875 0.5058961484375 0.98475849375 0.2736158578125 0.927885940625 0.11137595156249999 0.8966116078124999 0.05556299375 0.8561105078125 0.01213088125 0.5087275234375 0 0.037975534374999995 0
5 0.42265625 0.17734375 0.221875 0.321875
5 0.253125 0.1546875 0.1625 0.234375
5 0.521875 0.44296875 0.20625 0.253125
5 0.76953125 0.28359375 0.3140625 0.1875
5 0.81953125 0.46953125 0.190625 0.2328125
5 0.67578125 0.68046875 0.296875 0.3046875
5 0.36796875 0.77734375 0.4046875 0.440625
5 0.34140625 0.46328125 0.159375 0.1734375
5 0.1875 0.4390625 0.1921875 0.221875
5 0.13515625 0.1734375 0.1328125 0.178125