6 0.51103671875 0 0.18775191093750002 0.024529353125 0.1151373765625 0.1480596625 0.054805659375 0.293246859375 0.0316701265625 0.41038041875 0.025347718749999998 0.5439593390625 0.04156065 0.775815046875 0.11508033749999999 0.9312213843749999 0.1520173890625 0.9834595359374999 0.1710450171875 1 0.5174603765625 1 0.9995638343750001 0.9662880421875 1 0.965668453125 1 0.48253961562500003 0.9688766624999999 0.037455143749999996 0.9379596343750001 0 0.51103671875 0
5 0.61015625 0.8125 0.2328125 0.328125
5 0.78125 0.81796875 0.1703125 0.240625
5 0.484375 0.559375 0.215625 0.259375
5 0.2546875 0.74375 0.31875 0.196875
5 0.1859375 0.56328125 0.1984375 0.2390625
5 0.30625 0.3390625 0.3078125 0.3140625
5 0.6015625 0.21796875 0.41875 0.4359375
5 0.66171875 0.5203125 0.1640625 0.1796875
5 0.81640625 0.528125 0.1984375 0.228125
5 0.896875 0.7859375 0.1390625 0.18125