6 1 0.1611328125 0.9580078125 0.119140625 0.9033203125 0.0859375 0.7431640625 0.0234375 0.5107421875 0.0234375 0.3779296875 0.0390625 0.2626953125 0.0703125 0.1220703125 0.140625 0.00390625 0.2216796875 0 0.8818359375 0.001953125 0.9423828125 0.0166015625 0.9609375 0.0712890625 1 0.9580078125 1 1 0.9658203125 1 0.1611328125
5 0.81953125 0.58828125 0.3140625 0.2109375
5 0.83671875 0.75859375 0.22890625 0.1546875
5 0.5578125 0.48046875 0.2484375 0.19921875
5 0.72578125 0.23828125 0.17734375 0.30703125
5 0.54140625 0.18203125 0.22578125 0.1828125
5 0.32578125 0.31796875 0.29453125 0.2875
5 0.21796875 0.621875 0.42578125 0.390625
5 0.53125 0.66015625 0.1703125 0.153125
5 0.55 0.8140625 0.21484375 0.1828125
5 0.81328125 0.87578125 0.17265625 0.1265625