6 1 0.2217883703125 0.9799872796875 0.22284377812499997 0.8840803812500001 0.3730928765625 0.424440659375 0.12375263125 0.2766833546875 0.16314645 0.16513249375 0.21090769687500002 0.089901909375 0.27201458125 0.0596981890625 0.3083372078125 0.018261204687499998 0.3886835421875 0.00959454375 0.4378346265625 0 0.49565731093750004 0 0.5940523375 0.0293067140625 0.6212908140625 0.14449559375 0.6991161203125 0.3746409890625 0.8110941453124999 0.510983153125 0.858934009375 0.6932605109375001 0.9049572109374999 0.9250922984375001 0.9398856453125 1 0.5215887890625 1 0.2217883703125
5 0.3859375 0.32734375 0.178125 0.15
5 0.29765625 0.22109375 0.190625 0.14375
5 0.34296875 0.5625 0.39375 0.2359375
5 0.33515625 0.42890625 0.1875 0.1359375
5 0.721875 0.653125 0.1765625 0.1890625
5 0.7875 0.36953125 0.19375 0.1171875
5 0.653125 0.45625 0.1890625 0.1296875
5 0.55703125 0.2734375 0.1765625 0.1421875
5 0.56875 0.36953125 0.175 0.1265625
5 0.94609375 0.340625 0.1078125 0.165625