6 0.5693359375 0.828125 0.8154296875 0.7578125 0.9423828125 0.701171875 0.9921875 0.6689453125 0.994140625 0.4755859375 0.966796875 0.3876953125 0.943359375 0.3466796875 0.8798828125 0.2734375 0.7783203125 0.20703125 0.6396484375 0.142578125 0.143694196875 0.3083147328125 0.075334821875 0.143694196875 0.0029296875 0.126953125 0.0048828125 0.859375 0.2392578125 0.865234375 0.4267578125 0.8515625 0.5693359375 0.828125
5 0.6421875 0.35 0.1578125 0.12578125
5 0.74765625 0.26015625 0.17265625 0.115625
5 0.64375 0.5890625 0.3671875 0.17578125
5 0.675 0.45859375 0.17265625 0.1078125
5 0.2546875 0.6125 0.14921875 0.16484375
5 0.23984375 0.321875 0.18125 0.0890625
5 0.35703125 0.43046875 0.17265625 0.1015625
5 0.4828125 0.2671875 0.159375 0.115625
5 0.4546875 0.359375 0.159375 0.09921875
5 0.0734375 0.26328125 0.11328125 0.14921875