6 0.2721354171875 0 0.09505208281250001 0.033203125 0.0052083328125 0.0654296875 0 0.9052734375 0.010416667187500001 0.9814453125 0.07421875 1 0.8294270828125001 1 0.98828125 0.951171875 0.9973958328125001 0.9384765625 0.9973958328125001 0.1083984375 0.83984375 0.046875 0.58203125 0 0.2721354171875 0
0 0.84609375 0.5203125 0.203125 0.165625
0 0.721875 0.5390625 0.121875 0.159375
0 0.73515625 0.75234375 0.17890625 0.29296875
0 0.515625 0.9 0.215625 0.2
0 0.16796875 0.69921875 0.1109375 0.1453125
0 0.05859375 0.70234375 0.1171875 0.12265625
0 0.33359375 0.57421875 0.32734375 0.121875
0 0.11796875 0.3765625 0.11796875 0.11953125
0 0.1265625 0.2671875 0.17578125 0.046875
0 0.0296875 0.1546875 0.059375 0.075
0 0.315625 0.24140625 0.146875 0.103125
0 0.48046875 0.28046875 0.0859375 0.16328125
0 0.609375 0.3609375 0.21015625 0.06015625
0 0.61328125 0.16640625 0.1734375 0.0640625
0 0.40625 0.1578125 0.13671875 0.04453125
0 0.43046875 0.1234375 0.16484375 0.0484375
0 0.31796875 0.06640625 0.20546875 0.0625
0 0.6828125 0.03984375 0.19296875 0.07578125
0 0.8078125 0.08203125 0.115625 0.0828125
0 0.8875 0.17421875 0.225 0.0796875
0 0.9203125 0.265625 0.15859375 0.16796875