6 0.5299240468749999 0 0.060862799999999995 0.02987809375 0 0.0425786046875 0 0.5174603828125 0.0242248953125 0.863892525 0.0767068125 1 0.47266168124999997 1 0.9256629421874999 0.968323065625 0.9757547609375001 0.8077971796875 1 0.5883567281250001 1 0.4825396171875 0.98291424375 0.2382019203125 0.937439290625 0.06386608437499999 0.9093605703125001 0 0.5299240468749999 0
0 0.50390625 0.846875 0.1796875 0.2140625
0 0.4765625 0.72421875 0.1671875 0.1328125
0 0.26484375 0.75234375 0.3046875 0.2
0 0.1046875 0.54296875 0.209375 0.2296875
0 0.278125 0.1828125 0.153125 0.1203125
0 0.2671875 0.0734375 0.13125 0.125
0 0.4140625 0.3390625 0.14375 0.334375
0 0.596875 0.11015625 0.1265625 0.125
0 0.70625 0.1109375 0.059375 0.178125
0 0.81171875 0.01953125 0.0796875 0.0390625
0 0.7453125 0.29765625 0.1125 0.153125
0 0.71796875 0.46484375 0.1703125 0.096875
0 0.64609375 0.59921875 0.0734375 0.2125
0 0.840625 0.58984375 0.0765625 0.178125
0 0.83515625 0.3828125 0.053125 0.140625
0 0.87109375 0.4046875 0.0578125 0.1671875
0 0.91953125 0.28828125 0.0765625 0.2078125
0 0.96328125 0.64921875 0.0734375 0.1984375
0 0.93828125 0.778125 0.090625 0.121875
0 0.85234375 0.8640625 0.0953125 0.2296875
0 0.76328125 0.903125 0.1796875 0.1703125