6 0.0340458171875 0 0.0151505046875 0.0574187625 0 0.4912724546875 0 0.8537376328124999 0.0320485640625 0.9726285171875 0.0431811 0.9812253999999999 0.58081530625 1 0.8787994484375 1 0.940974959375 0.8558409484375 0.99681893125 0.5998214140625 1 0.5087275296875 1 0.23975281406249999 0.9806313609374999 0.1119801296875 0.9515599312499999 0.02106641875 0.4393841390625 0 0.0340458171875 0
0 0.46796875 0.8453125 0.171875 0.209375
0 0.453125 0.7203125 0.1640625 0.128125
0 0.23984375 0.7265625 0.2984375 0.1890625
0 0.1015625 0.5015625 0.203125 0.221875
0 0.3125 0.1609375 0.1484375 0.115625
0 0.3125 0.05625 0.128125 0.1125
0 0.43125 0.33125 0.1328125 0.33125
0 0.63671875 0.12265625 0.1234375 0.121875
0 0.74609375 0.13515625 0.053125 0.1765625
0 0.86171875 0.0421875 0.0765625 0.0625
0 0.76484375 0.325 0.1078125 0.15
0 0.7203125 0.48828125 0.1671875 0.0921875
0 0.63515625 0.6140625 0.0671875 0.2109375
0 0.8296875 0.625 0.0703125 0.175
0 0.8453125 0.41796875 0.0484375 0.1390625
0 0.87890625 0.44375 0.053125 0.165625
0 0.93984375 0.33359375 0.0703125 0.20625
0 0.953125 0.6984375 0.0828125 0.196875
0 0.90703125 0.821875 0.0875 0.11875
0 0.8109375 0.8921875 0.0875 0.215625
0 0.71953125 0.92265625 0.1734375 0.1546875