6 0.4228515625 0 0.3291015625 0.064453125 0.279296875 0.1201171875 0.267578125 0.2783203125 0.244140625 0.8935546875 0.25 0.9111328125 0.3818359375 0.939453125 0.6689453125 0.900390625 0.828125 0.4326171875 0.853515625 0.2919921875 0.845703125 0.1630859375 0.826171875 0.1279296875 0.6181640625 0.009765625 0.5478515625 0 0.4228515625 0
8 0.76953125 0.3390625 0.14375 0.22890625
8 0.521875 0.2046875 0.0890625 0.13828125
1 0.39609375 0.3359375 0.04765625 0.075
1 0.27578125 0.8984375 0.0625 0.05859375
1 0.33359375 0.84375 0.075 0.10859375
1 0.378125 0.91484375 0.05546875 0.0640625
1 0.490625 0.94375 0.05703125 0.0515625
1 0.46328125 0.6765625 0.15625 0.075
1 0.5609375 0.396875 0.07265625 0.08515625
1 0.70078125 0.13828125 0.07109375 0.04765625
1 0.61015625 0.10078125 0.06015625 0.05859375
1 0.58515625 0.28671875 0.0796875 0.0796875
0 0.46953125 0.5265625 0.19375 0.08203125
0 0.384375 0.08046875 0.21640625 0.0875