6 1 0.486739496875 0.9931626640625 0.3889610390625 0.9223268750000001 0.29993543125 0.8633242078125001 0.2541349953125 0.7046889984375 0.2534804828125 0.0893183859375 0.27301665625 0.072191809375 0.2800879453125 0.053596840624999996 0.41035608281249997 0.0541693078125 0.418542753125 0.112131978125 0.6972633921875 0.5898697562499999 0.8234251 0.7253670421875 0.8382280968750001 0.7511304515624999 0.83642654375 0.8599706296875 0.82215885625 0.893678809375 0.8002228078125 0.9970451390624999 0.5844789828125 1 0.5412152234375001 1 0.486739496875
8 0.6796875 0.7578125 0.2375 0.159375
8 0.79609375 0.5015625 0.14375 0.096875
1 0.65625 0.38515625 0.078125 0.053125
1 0.08671875 0.30390625 0.0640625 0.0671875
1 0.1453125 0.3578125 0.1140625 0.0828125
1 0.07734375 0.40703125 0.0671875 0.0609375
1 0.05703125 0.521875 0.053125 0.059375
1 0.32109375 0.47578125 0.0859375 0.1609375
1 0.60703125 0.55390625 0.0890625 0.078125
1 0.875 0.675 0.053125 0.0734375
1 0.90625 0.58203125 0.0625 0.0640625
1 0.71875 0.5703125 0.084375 0.084375
0 0.47109375 0.47109375 0.0953125 0.1984375
0 0.91015625 0.35546875 0.1015625 0.221875