6 0.5602363171875 1 0.7792078046875 0.908851734375 0.8028779406250001 0.87633779375 0.8228223296875001 0.7683934906250001 0.8259697671874999 0.7427596750000001 0.8182784375000001 0.6066733546874999 0.7172924921875 0.12298750624999999 0.44198736250000004 0.05051716093750001 0.43384187343749997 0.0495170203125 0.302779078125 0.06126879843750001 0.29482114375 0.0780018203125 0.243105734375 0.6915066453125001 0.23545702500000001 0.8499587046875 0.2781067328125 0.9112775203125001 0.3633030734375 0.986675471875 0.471822653125 1 0.5602363171875 1
8 0.74765625 0.69296875 0.1703125 0.24375
8 0.4859375 0.79609375 0.103125 0.146875
1 0.3765625 0.65 0.0578125 0.0796875
1 0.32578125 0.07734375 0.06875 0.0671875
1 0.3765625 0.13828125 0.0875 0.1171875
1 0.4296875 0.0734375 0.0640625 0.0703125
1 0.54453125 0.05859375 0.0625 0.05625
1 0.48515625 0.3203125 0.1640625 0.09375
1 0.54765625 0.61015625 0.08125 0.0921875
1 0.65546875 0.88359375 0.075 0.05625
1 0.5609375 0.909375 0.0671875 0.0640625
1 0.55859375 0.721875 0.0890625 0.0890625
0 0.47265625 0.4703125 0.2015625 0.1046875
0 0.334375 0.90234375 0.225 0.1125