6 0.373381853125 0 0.197375878125 0.026564868749999998 0.028399545312500003 0.091106771875 0 0.49723919375000003 0 0.9662254859375 0.4898791703125 1 0.964691228125 1 1 0.4950610328125 1 0.1813756359375 0.9043607171874999 0.07991785312500001 0.8456915281249999 0.0229521578125 0.517460384375 0 0.373381853125 0
5 0.91796875 0.31796875 0.1640625 0.1640625
5 0.78046875 0.18515625 0.2 0.1546875
5 0.53125 0.10546875 0.1890625 0.1421875
5 0.32109375 0.1359375 0.190625 0.1421875
5 0.1359375 0.16796875 0.2125 0.1546875
5 0.25625 0.30078125 0.2140625 0.15
5 0.4296875 0.2625 0.1859375 0.1625
5 0.60234375 0.33125 0.2328125 0.1734375
5 0.43359375 0.4015625 0.1625 0.1609375
5 0.48046875 0.54375 0.2359375 0.20625
5 0.26640625 0.59453125 0.246875 0.209375
5 0.08203125 0.62578125 0.1640625 0.2046875
5 0.06328125 0.40703125 0.1265625 0.1953125
5 0.2890625 0.790625 0.23125 0.2265625
5 0.58828125 0.71328125 0.2453125 0.23125
5 0.72265625 0.7484375 0.2328125 0.221875
5 0.82109375 0.553125 0.2234375 0.196875