6 0.3837890625 0 0.1650390625 0.048828125 0.0009765625 0.125 0.0009765625 1 1 0.9990234375 1 0.1689453125 0.8740234375 0.052734375 0.8115234375 0 0.3837890625 0
5 0.9140625 0.2890625 0.171875 0.153125
5 0.7578125 0.16640625 0.190625 0.1421875
5 0.50390625 0.10390625 0.17890625 0.13046875
5 0.29609375 0.14921875 0.18125 0.1296875
5 0.1140625 0.19453125 0.203125 0.140625
5 0.24296875 0.31796875 0.20390625 0.13515625
5 0.41328125 0.26796875 0.1765625 0.15
5 0.590625 0.32421875 0.22109375 0.15703125
5 0.4265625 0.40625 0.1546875 0.15
5 0.48359375 0.5453125 0.22421875 0.1890625
5 0.2734375 0.6109375 0.23359375 0.19375
5 0.084375 0.65625 0.16875 0.19296875
5 0.0578125 0.4375 0.115625 0.1875
5 0.31015625 0.8046875 0.21796875 0.21171875
5 0.603125 0.70625 0.23203125 0.21484375
5 0.7390625 0.73203125 0.21875 0.2078125
5 0.82421875 0.53046875 0.21015625 0.18203125