6 0.03468835625 0 0 0.48919418437499995 0 0.9652296484375 0.497239196875 1 0.852485746875 1 0.9267105546875 0.8655684390625 0.990678965625 0.65075738125 1 0.51746038125 1 0.1959878859375 0.9722700703125 0.158038628125 0.8665002968750001 0.0259735640625 0.49506102656250006 0 0.03468835625 0
5 0.7390625 0.1015625 0.1640625 0.1828125
5 0.85078125 0.26640625 0.1546875 0.2
5 0.8953125 0.5234375 0.1421875 0.1890625
5 0.8359375 0.728125 0.1421875 0.190625
5 0.77734375 0.9 0.1546875 0.2
5 0.66328125 0.76875 0.15 0.2140625
5 0.72578125 0.60234375 0.1625 0.1859375
5 0.68203125 0.421875 0.1734375 0.2328125
5 0.58828125 0.5796875 0.1609375 0.1625
5 0.45390625 0.51328125 0.20625 0.2359375
5 0.3734375 0.71796875 0.209375 0.246875
5 0.31484375 0.90390625 0.2046875 0.18125
5 0.53046875 0.940625 0.1953125 0.11875
5 0.1828125 0.66796875 0.2265625 0.23125
5 0.3015625 0.3828125 0.23125 0.2453125
5 0.28515625 0.2453125 0.221875 0.2328125
5 0.4921875 0.17421875 0.196875 0.2234375