6 0.694568146875 1 0.802228153125 0.755918353125 0.8209699546874999 0.6023255796875 0.7141996125000001 0.5821416015625 0.6970708906249999 0.5387592406249999 0.7276448921875 0.47976439531250004 0.728046115625 0.2798443421875 0.73393093125 0.10010796875000001 0.7151206984375 0.0994511 0.487449253125 0.106842015625 0.36053914374999996 0.1575819 0.23114431406249997 0.15717720156249998 0.156933940625 0.16956415625000001 0.0490012140625 0.200972740625 0.0182195015625 0.22432676406250002 0.00805278125 0.30544238125 0.0074079984375000005 0.323906546875 0.22698384374999997 0.46474927343749994 0.0067848578125000005 0.4266171484375 0.0237414375 0.47493019218750004 0.088759578125 0.5915661859375 0.100531228125 0.6627357968750001 0.161014759375 0.7207965734374999 0.1364571265625 0.793252896875 0.2267504015625 0.8168883375 0.48478209687499996 0.9997733515625 0.4912724640625 1 0.694568146875 1
1 0.42421875 0.6125 0.0921875 0.1203125
1 0.36875 0.84609375 0.059375 0.0796875
1 0.4640625 0.71484375 0.0421875 0.0609375
1 0.4953125 0.89921875 0.0578125 0.15625
1 0.49609375 0.33671875 0.065625 0.075
1 0.27734375 0.3 0.0984375 0.121875
8 0.25078125 0.7796875 0.2328125 0.146875
0 0.415625 0.46015625 0.3390625 0.1421875
0 0.56875 0.740625 0.165625 0.3375
0 0.43359375 0.25078125 0.140625 0.1734375
0 0.32421875 0.20625 0.1 0.096875
0 0.16015625 0.2203125 0.215625 0.096875
0 0.5609375 0.15 0.1703125 0.121875
1 0.70703125 0.65390625 0.084375 0.09375