6 0 0.711929934375 0.0039273609375 0.7161692453125 0.10476630312499999 0.7658429859375 0.17569828125 0.7909282484375 0.30319758750000003 0.8129988750000001 0.419368759375 0.8850056171875 0.6422979453125001 0.9318189796875 0.6609364734375001 0.9344384531250001 0.6863519546875 0.756410790625 0.7206725781250001 0.5594583015625 0.7008074125 0.49605059999999995 0.725209178125 0.4563016859375 0.8338623500000001 0.4549648234375 0.8420763843750001 0.300450990625 0.776839203125 0.034880970312499995 0.59244673125 0.0080787546875 0.5717980234375 0.0051767671874999996 0.285928759375 0.14047661250000001 0.192902990625 0.148073715625 0.2045056296875 0.223693653125 0.13485883125 0.2703695015625 0.1109075453125 0.33841375937499996 0.0266235484375 0.441987509375 0.0015351046874999999 0.48662209062499995 0.22501034843749998 0.48730643125000006 0 0.5813258734375 0 0.711929934375
1 0.44453125 0.3765625 0.103125 0.128125
1 0.43125 0.1359375 0.0671875 0.0859375
1 0.50234375 0.2828125 0.0484375 0.0640625
1 0.56484375 0.10625 0.0734375 0.1609375
1 0.46796875 0.66015625 0.071875 0.08125
1 0.24609375 0.65859375 0.109375 0.13125
8 0.303125 0.18125 0.2453125 0.16875
0 0.41015625 0.52421875 0.35 0.1765625
0 0.609375 0.275 0.2 0.3515625
0 0.39140625 0.734375 0.15625 0.1859375
0 0.27578125 0.75859375 0.109375 0.10625
0 0.1171875 0.71640625 0.2234375 0.1171875
0 0.49921875 0.8546875 0.1796875 0.1375
1 0.73125 0.384375 0.09375 0.1015625