6 0.267605171875 0.8310566828124999 0.323519734375 0.8935296609375 0.394235165625 0.9077779250000001 0.5085310078124999 0.9768269953125 0.5562228453125 0.9954593468749999 0.5257987828124999 0.7740637078125 0.65982924375 1 0.7587890625 0.9910914999999999 0.783203125 0.9611435828125 0.818359375 0.8543727499999999 0.8333286875000001 0.7806398828125001 0.83744005 0.651309753125 0.892578125 0.52624775 0.9091796875 0.280154 0.7280778953125 0.2797597578125 0.5282656265625 0.273183628125 0.4682397015625 0.3016801140625 0.4254815515625 0.2830478046875 0.40903609999999996 0.17563809375 0.2548828125 0.1890081671875 0.0009765625 0.2905706671875 0 0.4976019171875 0.173866084375 0.76200753125 0.1943359375 0.8530706671875 0.267605171875 0.8310566828124999
1 0.38515625 0.571875 0.11640625 0.08828125
1 0.14921875 0.61875 0.078125 0.0546875
1 0.284375 0.528125 0.059375 0.040625
1 0.10078125 0.490625 0.1546875 0.05390625
1 0.66328125 0.509375 0.07421875 0.0640625
1 0.6921875 0.7296875 0.11875 0.09375
8 0.21171875 0.7390625 0.13828125 0.22734375
0 0.53671875 0.5859375 0.13125 0.3328125
0 0.26171875 0.42265625 0.3328125 0.1546875
0 0.746875 0.575 0.1703125 0.13515625
0 0.7875 0.6859375 0.09296875 0.09609375
0 0.76796875 0.84921875 0.0890625 0.2125
0 0.8515625 0.4515625 0.1171875 0.1671875
1 0.353125 0.2875 0.09140625 0.08125