6 0.6981017875 1 0.72860770625 0.9001491390625 0.744837740625 0.50170981875 0.77044218125 0.44006584843749996 0.7881583359375 0.3058367390625 0.7151683921875 0.00818623125 0.6019902312500001 0.0032568046875 0.5089913546875 0.05473004687500001 0.397814690625 0.14172334375 0.330091821875 0.2155767140625 0.04652231875 0.41264731718750003 0.04627315 0.41978255625000005 0.044342578125 0.5136199718750001 0.3220371703125 0.8110359515625 0.5882437671875 1 0.6981017875 1
5 0.6359375 0.28046875 0.1453125 0.1375
5 0.59921875 0.1234375 0.1453125 0.1359375
5 0.5046875 0.2140625 0.11875 0.1375
5 0.5 0.4109375 0.10625 0.10625
1 0.60546875 0.4140625 0.203125 0.1953125
1 0.4921875 0.31640625 0.15625 0.165625
1 0.38203125 0.4015625 0.1875 0.1390625
1 0.3078125 0.3265625 0.140625 0.165625
1 0.17265625 0.44296875 0.08125 0.071875
1 0.60078125 0.178125 0.1328125 0.0796875
1 0.7015625 0.27734375 0.0640625 0.1203125
1 0.64296875 0.2359375 0.0734375 0.078125
1 0.51015625 0.1875 0.0609375 0.0765625