6 1 0.2864583328125 0.891927084375 0.2575231484375 0.4931640625 0.2552083328125 0.4306640625 0.23177083281250002 0.2958984375 0.21875 0.0009765625 0.3020833328125 0 0.4153645828125 0.0546875 0.5065104171875 0.1455078125 0.6145833328125 0.2216796875 0.6796875 0.42860242968750006 0.9563078703125001 0.5295138890625 0.9548611125 0.817057290625 0.66695601875 1 0.3891782390625 1 0.2864583328125
5 0.27578125 0.371875 0.13203125 0.14140625
5 0.1203125 0.4140625 0.13203125 0.14140625
5 0.2140625 0.50546875 0.1359375 0.1140625
5 0.4109375 0.503125 0.10390625 0.10234375
1 0.41015625 0.39765625 0.1890625 0.196875
1 0.31640625 0.5140625 0.16171875 0.14921875
1 0.40546875 0.62109375 0.13359375 0.18359375
1 0.33359375 0.6984375 0.16171875 0.134375
1 0.4546875 0.82890625 0.06953125 0.078125
1 0.175 0.41015625 0.0734375 0.12890625
1 0.2703125 0.30625 0.11953125 0.059375
1 0.23125 0.36640625 0.07578125 0.07109375
1 0.1875 0.50078125 0.0734375 0.0578125