6 0.2865017359375 0 0.25756655156249997 0.10807291562500002 0.2552517359375 0.5068359375 0.2318142359375 0.5693359375 0.218793403125 0.7041015625 0.3021267359375 0.9990234375 0.4154079859375 1 0.5065538203125 0.9453125 0.6146267359375 0.8544921875 0.6797309046875 0.7783203125 0.95625 0.5714733265625 0.95625 0.5643337390625 0.9549045171874999 0.4704861109375 0.666999421875 0.18294270937499998 0.3892216421875 0 0.2865017359375 0
5 0.371875 0.72421875 0.140625 0.1328125
5 0.4140625 0.8796875 0.140625 0.13125
5 0.50546875 0.7859375 0.1140625 0.134375
5 0.503125 0.5890625 0.103125 0.103125
1 0.39765625 0.58984375 0.196875 0.1890625
1 0.5140625 0.68359375 0.15 0.1609375
1 0.62109375 0.59453125 0.1828125 0.1328125
1 0.6984375 0.66640625 0.134375 0.1609375
1 0.82890625 0.5453125 0.078125 0.06875
1 0.41015625 0.825 0.1296875 0.075
1 0.30625 0.7296875 0.059375 0.11875
1 0.36640625 0.76875 0.0703125 0.075
1 0.50078125 0.8125 0.0578125 0.075