6 0.9990234375 0.212890625 0.9091796875 0.14453125 0.8330078125 0.1015625 0.6298828125 0.05078125 0.5283203125 0.037109375 0.4599609375 0.0390625 0.1962890625 0.099609375 0.0947265625 0.140625 0.0107421875 0.189453125 0 0.2001953125 0.0009765625 1 1 0.9990234375 0.9990234375 0.212890625
2 0.840625 0.528125 0.17734375 0.08203125
2 0.596875 0.303125 0.14765625 0.08125
2 0.21875 0.40390625 0.153125 0.11015625
2 0.3828125 0.38203125 0.09921875 0.06953125
2 0.38515625 0.225 0.1140625 0.065625
2 0.03515625 0.45234375 0.0703125 0.0875
2 0.06875 0.678125 0.103125 0.08359375
2 0.39375 0.6359375 0.159375 0.06953125
2 0.38203125 0.8265625 0.13984375 0.08515625
2 0.49140625 0.53515625 0.05546875 0.07421875
2 0.571875 0.61875 0.09453125 0.07421875
2 0.846875 0.653125 0.209375 0.1921875