6 0.0368750875 0 0 0.5273383218750001 0 0.9646912265625 0.5049389734374999 1 0.7677670765625 1 0.8265470234375 0.9330130109375 0.8747245843749999 0.8600240343750001 0.9395514171875 0.6609361578125 0.9602746296875001 0.5605747609375 0.963094771875 0.49224566249999996 0.92108820625 0.2249925421875 0.8872571359375 0.1208163390625 0.8444064062500001 0.0336304671875 0.8344399499999999 0.0221653703125 0.8342405625 0.022151428125 0.5118032125 0 0.0368750875 0
2 0.4484375 0.8375 0.09375 0.1828125
2 0.68984375 0.61015625 0.090625 0.1515625
2 0.615625 0.22578125 0.121875 0.1609375
2 0.62578125 0.39140625 0.0765625 0.1046875
2 0.78203125 0.4046875 0.0734375 0.11875
2 0.5796875 0.03984375 0.0921875 0.0765625
2 0.35234375 0.05703125 0.090625 0.109375
2 0.371875 0.384375 0.0796875 0.1640625
2 0.1828125 0.359375 0.09375 0.1453125
2 0.465625 0.4890625 0.0765625 0.059375
2 0.3765625 0.56328125 0.08125 0.0984375
2 0.3234375 0.83515625 0.2078125 0.221875