6 1 0.5360438734375 0.9880812999999999 0.1947369578125 0.8965074609375 0.1299796515625 0.8188824 0.0896954375 0.6141088984375 0.04603408125 0.5121311265624999 0.035915015625000005 0.44388155781250005 0.040252657812499995 0.182483359375 0.109964665625 0.082414153125 0.1544997859375 0.000185015625 0.206229178125 0 0.2064275828125 0 0.498878128125 0.0181122046875 1 0.4191847 1 1 0.9797174828124999 1 0.5360438734375
2 0.84140625 0.51640625 0.18125 0.0875
2 0.58984375 0.3 0.15 0.0859375
2 0.215625 0.4140625 0.15625 0.115625
2 0.37890625 0.3859375 0.103125 0.0734375
2 0.37578125 0.22890625 0.115625 0.0703125
2 0.03515625 0.46875 0.0703125 0.090625
2 0.075 0.69296875 0.10625 0.0875
2 0.3984375 0.63984375 0.1609375 0.075
2 0.39375 0.83046875 0.1421875 0.0890625
2 0.49296875 0.53515625 0.0578125 0.075
2 0.57578125 0.61640625 0.096875 0.078125
2 0.85234375 0.640625 0.215625 0.2015625