6 0.46941868593749997 0 0.088669396875 0.046750134375 0 0.17713821875 0 0.5179764718750001 0.0218764109375 0.7087503828124999 0.029454740624999996 0.7704709249999999 0.0713067609375 0.8428863234374999 0.17078342500000002 0.939884615625 0.2542311234375 1 0.53058130625 1 0.766907384375 0.97098280625 0.8183309390625 0.9410552765625001 0.8852986265625 0.8373947359375 0.9513154500000001 0.6698976859375 0.9716900609374999 0.5473606484375 0.9783597531250001 0.377311546875 0.9620365484375 0.30847525 0.9095284187500001 0.1693057828125 0.7924022265625 0.0006823578125 0.791657928125 0 0.46941868593749997 0
8 0.575 0.1921875 0.1359375 0.146875
8 0.63359375 0.35703125 0.1234375 0.1546875
8 0.84296875 0.3484375 0.078125 0.1
8 0.859375 0.45625 0.0609375 0.0921875
8 0.88125 0.59453125 0.1484375 0.115625
8 0.909375 0.709375 0.0953125 0.14375
8 0.83828125 0.72734375 0.084375 0.0890625
8 0.7265625 0.83828125 0.1203125 0.1234375
8 0.78203125 0.92265625 0.0578125 0.0734375
8 0.62421875 0.80625 0.1171875 0.10625
8 0.5890625 0.93515625 0.1296875 0.128125
8 0.51484375 0.88515625 0.1515625 0.165625
8 0.41484375 0.86015625 0.10625 0.1234375
8 0.32109375 0.74140625 0.153125 0.1296875
8 0.23828125 0.69921875 0.11875 0.1
8 0.1484375 0.7046875 0.084375 0.075
8 0.08828125 0.6734375 0.1109375 0.0875
8 0.215625 0.54921875 0.128125 0.140625
8 0.34140625 0.465625 0.1171875 0.103125
8 0.4625 0.59453125 0.140625 0.1546875
8 0.53515625 0.49921875 0.090625 0.103125
8 0.60546875 0.59765625 0.109375 0.10625
8 0.5796875 0.709375 0.0609375 0.1046875
8 0.6609375 0.5234375 0.0984375 0.0984375
8 0.7609375 0.51640625 0.1015625 0.0890625
8 0.75546875 0.28203125 0.065625 0.0984375
8 0.884375 0.20625 0.08125 0.0953125
8 0.6921875 0.159375 0.06875 0.0953125
8 0.63125 0.07265625 0.084375 0.1171875
8 0.45546875 0.07109375 0.1109375 0.1109375
8 0.4328125 0.23125 0.0703125 0.1375
8 0.25390625 0.29296875 0.203125 0.115625
8 0.1140625 0.35859375 0.134375 0.1453125
8 0.19296875 0.084375 0.25625 0.1296875