6 1 0.482539621875 0.9766765796874999 0.1489991703125 0.934350796875 0.1176957265625 0.7464767265625001 0.0348963390625 0.5998451703125001 0.009907718749999999 0.5291589765625 0.0070190015625 0.36350679375 0.046013051562500004 0.247108765625 0.0893944921875 0.0952857109375 0.1861583453125 0.00630774375 0.2716750109375 0 0.28978981875 0 0.5174603859375 0.018623032812500002 0.7837821578125 0.0534754734375 0.834208184375 0.1310147875 0.90710188125 0.24521199062500001 0.9862427328125 0.2851083234375 1 0.5039311359374999 1 0.81228215 0.9759577390624999 0.9054360140625001 0.9361595828124999 1 0.84087539375 1 0.482539621875
8 0.7875 0.36796875 0.140625 0.1296875
8 0.61484375 0.34140625 0.15 0.115625
8 0.58359375 0.134375 0.096875 0.0734375
8 0.475 0.1390625 0.090625 0.05625
8 0.334375 0.14375 0.109375 0.14375
8 0.21640625 0.13828125 0.1390625 0.0890625
8 0.21171875 0.21171875 0.0859375 0.08125
8 0.125 0.3421875 0.11875 0.115625
8 0.0328125 0.30390625 0.065625 0.0546875
8 0.17578125 0.43671875 0.1015625 0.1125
8 0.0578125 0.4953125 0.115625 0.125
8 0.11875 0.55859375 0.159375 0.14375
8 0.16328125 0.65234375 0.11875 0.1015625
8 0.296875 0.721875 0.1234375 0.1484375
8 0.3546875 0.7953125 0.0953125 0.115625
8 0.36640625 0.884375 0.0703125 0.08125
8 0.40859375 0.9375 0.08125 0.1078125
8 0.50625 0.78828125 0.1359375 0.1234375
8 0.5640625 0.64921875 0.0984375 0.1125
8 0.41484375 0.5546875 0.1484375 0.134375
8 0.49375 0.46484375 0.0984375 0.0859375
8 0.38359375 0.41484375 0.1015625 0.1046875
8 0.2796875 0.46171875 0.103125 0.0546875
8 0.44609375 0.34609375 0.09375 0.0953125
8 0.43359375 0.246875 0.084375 0.096875
8 0.66484375 0.20703125 0.0953125 0.0609375
8 0.71484375 0.06640625 0.0921875 0.078125
8 0.79765625 0.246875 0.0921875 0.0640625
8 0.89375 0.28984375 0.1140625 0.0796875
8 0.9296875 0.4625 0.10625 0.10625
8 0.7765625 0.5140625 0.134375 0.0640625
8 0.75 0.7015625 0.10625 0.2
8 0.7125 0.8515625 0.1390625 0.128125
8 0.95390625 0.72109375 0.0921875 0.2515625