6 1 0.1826171875 0.9599609375 0.1484375 0.7783203125 0.052734375 0.6337890625 0.017578125 0.5634765625 0.009765625 0.3955078125 0.037109375 0.2763671875 0.072265625 0.1181640625 0.158203125 0.0234375 0.2373046875 0 0.2919921875 0 0.7490234375 0.03125 0.8017578125 0.103515625 0.8798828125 0.2119140625 0.966796875 0.2900390625 1 0.7783203125 0.99609375 0.8740234375 0.962890625 1 0.8525390625 1 0.1826171875
8 0.79609375 0.38828125 0.13359375 0.11953125
8 0.62578125 0.35 0.14140625 0.10546875
8 0.60859375 0.14140625 0.09140625 0.0671875
8 0.5 0.13828125 0.08828125 0.05
8 0.359375 0.1328125 0.09921875 0.13671875
8 0.2421875 0.11953125 0.1328125 0.07890625
8 0.2328125 0.1921875 0.08125 0.07421875
8 0.13671875 0.31640625 0.11171875 0.10859375
8 0.04609375 0.271875 0.0671875 0.0515625
8 0.18125 0.4140625 0.0921875 0.10546875
8 0.05703125 0.46484375 0.1140625 0.1171875
8 0.115625 0.53203125 0.1484375 0.134375
8 0.153125 0.628125 0.1109375 0.0921875
8 0.28203125 0.70703125 0.11484375 0.140625
8 0.334375 0.784375 0.0859375 0.10859375
8 0.33984375 0.87421875 0.065625 0.07578125
8 0.378125 0.9296875 0.075 0.1046875
8 0.4859375 0.78828125 0.12890625 0.1140625
8 0.553125 0.653125 0.090625 0.10546875
8 0.4109375 0.5484375 0.1421875 0.12578125
8 0.49609375 0.46484375 0.09375 0.08046875
8 0.38984375 0.40703125 0.09609375 0.09921875
8 0.2828125 0.44609375 0.10078125 0.0484375
8 0.45703125 0.34296875 0.0875 0.0890625
8 0.4515625 0.24296875 0.07890625 0.0921875
8 0.68515625 0.21953125 0.0921875 0.05546875
8 0.74453125 0.0828125 0.0875 0.0703125
8 0.81484375 0.26796875 0.08828125 0.05859375
8 0.9078125 0.31796875 0.11015625 0.071875
8 0.93125 0.4921875 0.1 0.09921875
8 0.775 0.53359375 0.1296875 0.05390625
8 0.73515625 0.71875 0.0921875 0.1921875
8 0.6875 0.865625 0.1328125 0.1171875
8 0.95 0.75390625 0.1 0.2453125