6 0.076171875 0.7216796875 0.1435546875 0.8203125 0.2294921875 0.87890625 0.3349609375 0.93359375 0.4619140625 0.958984375 0.5556640625 0.951171875 0.6455078125 0.927734375 0.6943359375 0.896484375 0.740234375 0.8486328125 0.814453125 0.7314453125 0.841796875 0.6298828125 0.845703125 0.5517578125 0.81640625 0.3916015625 0.802734375 0.3583984375 0.7578125 0.2763671875 0.6865234375 0.1953125 0.6005859375 0.130859375 0.5380859375 0.1015625 0.4345703125 0.083984375 0.3603515625 0.083984375 0.2705078125 0.119140625 0.130859375 0.2275390625 0.0703125 0.3369140625 0.03515625 0.4248046875 0.0234375 0.4951171875 0.0234375 0.5849609375 0.037109375 0.6396484375 0.076171875 0.7216796875
5 0.54453125 0.41015625 0.075 0.06875
5 0.65078125 0.3703125 0.08359375 0.0875
5 0.74140625 0.365625 0.071875 0.09765625
5 0.68046875 0.30390625 0.0828125 0.07421875
5 0.62109375 0.2421875 0.04765625 0.07265625
5 0.5625 0.31875 0.07734375 0.0953125
5 0.5015625 0.29140625 0.10234375 0.11171875
5 0.54453125 0.2015625 0.0640625 0.078125
5 0.41171875 0.25390625 0.08359375 0.071875
5 0.39765625 0.325 0.06171875 0.0765625
5 0.32421875 0.3234375 0.06953125 0.06328125
5 0.28203125 0.38359375 0.06953125 0.0796875
5 0.36875 0.39453125 0.06953125 0.075
5 0.44140625 0.425 0.0671875 0.065625
5 0.30546875 0.2421875 0.0703125 0.07890625
5 0.3515625 0.15859375 0.06640625 0.07890625
5 0.1890625 0.28359375 0.0828125 0.078125
5 0.1453125 0.328125 0.08125 0.08359375