6 0.9599378249999999 0.6001851484375 0.9753203859375 0.530582321875 0.9800224453125 0.44086169843749995 0.9692314296875001 0.385533615625 0.934515646875 0.3015704140625 0.8723872234375 0.1995462296875 0.7896340578125 0.136535159375 0.6871719703125 0.0764027984375 0.571371696875 0.0468643 0.538214075 0.04512658125 0.4676912796875 0.0472980546875 0.37674403437500004 0.0660013765625 0.3263473265625 0.0946530828125 0.278007434375 0.140036928125 0.1977572796875 0.2531795171875 0.16513563281250002 0.3531717671875 0.1585441765625 0.4173679015625 0.1576330671875 0.43475289687499996 0.1780207828125 0.5924553046875001 0.1899362046875 0.62632845625 0.23050333125 0.7105983140625 0.29745262031249997 0.7952729 0.3798991296875 0.864135315625 0.4407801953125 0.8966630375 0.5432339875000001 0.9196346625 0.6173510234374999 0.9235189703125 0.7089115828125 0.893112959375 0.854041771875 0.7921717140625 0.920229915625 0.6861153859375 0.9599378249999999 0.6001851484375
5 0.45078125 0.5875 0.078125 0.071875
5 0.34296875 0.621875 0.0875 0.0921875
5 0.2515625 0.621875 0.0765625 0.1
5 0.309375 0.68671875 0.0859375 0.078125
5 0.365625 0.75078125 0.0515625 0.075
5 0.428125 0.67734375 0.0828125 0.0984375
5 0.4875 0.70859375 0.109375 0.115625
5 0.43984375 0.7953125 0.06875 0.08125
5 0.575 0.75 0.0859375 0.0765625
5 0.59296875 0.68046875 0.0640625 0.078125
5 0.66640625 0.68515625 0.0734375 0.065625
5 0.71171875 0.62734375 0.075 0.0828125
5 0.62578125 0.6125 0.071875 0.078125
5 0.5546875 0.578125 0.0703125 0.06875
5 0.68046875 0.76796875 0.075 0.08125
5 0.63046875 0.8484375 0.0703125 0.0828125
5 0.79921875 0.73203125 0.0890625 0.0828125
5 0.8453125 0.68984375 0.0859375 0.0890625