6 0.05460986875 0.412761615625 0.043860015625 0.48249410781249996 0.0415438828125 0.5156163515625 0.056749703124999995 0.63415330625 0.10394685937499999 0.743179946875 0.1564031796875 0.8329954015625001 0.250095340625 0.90709435 0.3292019046875 0.95178390625 0.3828024875 0.969237284375 0.47242738281249996 0.9755044671875 0.5433860625 0.9687190156250001 0.6335149671875 0.9397793453125001 0.746847071875 0.8870095734375001 0.8647228390624999 0.7552628046875001 0.9060606328125 0.6680902859375 0.9112378703124999 0.5940523296875 0.90092345 0.489562675 0.8760577203125001 0.425171275 0.817756296875 0.3349470921875 0.7418719281249999 0.258177596875 0.66317409375 0.2076429390625 0.6310055515624999 0.191688234375 0.47696327343749995 0.15223339687499998 0.45959682500000004 0.1510190171875 0.395075903125 0.1497378 0.2918534015625 0.1699303 0.169774125 0.2357936703125 0.1188374140625 0.2782423453125 0.084257459375 0.3247716375 0.05460986875 0.412761615625
5 0.59296875 0.46171875 0.0734375 0.0796875
5 0.63984375 0.35859375 0.09375 0.0890625
5 0.65078125 0.26875 0.1015625 0.078125
5 0.70859375 0.33359375 0.0796875 0.0875
5 0.765625 0.396875 0.075 0.053125
5 0.68515625 0.45 0.0984375 0.084375
5 0.7078125 0.51328125 0.1171875 0.1109375
5 0.80078125 0.4765625 0.0828125 0.06875
5 0.7390625 0.60546875 0.078125 0.0875
5 0.6671875 0.6140625 0.0796875 0.065625
5 0.6640625 0.6875 0.0671875 0.075
5 0.60078125 0.72578125 0.084375 0.075
5 0.59609375 0.63828125 0.0796875 0.0734375
5 0.57109375 0.5640625 0.0703125 0.071875
5 0.74375 0.71171875 0.0828125 0.075
5 0.83046875 0.671875 0.084375 0.0703125
5 0.69453125 0.825 0.084375 0.0890625
5 0.646875 0.865625 0.0890625 0.0875