6 0.18800608125 0 0.048472575000000004 0.1546053546875 0 0.4606491484375 0 0.8959332874999999 0.0195698390625 0.9301399015625 0.46064914218749997 1 0.8217027218749999 1 0.8440382890624999 0.9747028890625 0.8901624046875 0.9207066312500001 0.9253231187500001 0.861019 0.965582084375 0.7566570203125 1 0.5393508515625001 1 0.1788202609375 0.9709675171875001 0.11087698906250001 0.9379904265624999 0.06313830625 0.5393508515625001 0 0.18800608125 0
5 0.9375 0.42890625 0.10625 0.1515625
5 0.878125 0.27421875 0.1171875 0.15
5 0.809375 0.3703125 0.1203125 0.11875
5 0.73828125 0.43671875 0.1140625 0.1328125
5 0.81953125 0.5140625 0.071875 0.1109375
5 0.9 0.62734375 0.090625 0.103125
5 0.8484375 0.7109375 0.0703125 0.115625
5 0.74765625 0.6265625 0.1140625 0.1296875
5 0.6578125 0.746875 0.1046875 0.1375
5 0.41640625 0.8921875 0.128125 0.1359375
5 0.32734375 0.75234375 0.1671875 0.1859375
5 0.46796875 0.61328125 0.1328125 0.175
5 0.56328125 0.69296875 0.125 0.240625
5 0.37109375 0.55390625 0.146875 0.1671875
5 0.13828125 0.57578125 0.1375 0.1984375
5 0.2671875 0.35625 0.2 0.2125
5 0.428125 0.3640625 0.1609375 0.2703125
5 0.40703125 0.08984375 0.1703125 0.1796875
5 0.51953125 0.1609375 0.1296875 0.1609375
5 0.70859375 0.08515625 0.1328125 0.1328125
5 0.796875 0.16640625 0.1390625 0.1671875
5 0.72890625 0.2953125 0.11875 0.1375
5 0.62265625 0.35234375 0.1375 0.1640625
5 0.753125 0.8578125 0.0765625 0.1046875
2 0.69453125 0.96953125 0.1265625 0.0609375
2 0.7015625 0.86953125 0.0890625 0.1546875
2 0.59765625 0.88515625 0.1421875 0.175
2 0.77734375 0.73671875 0.115625 0.159375
2 0.70078125 0.68203125 0.084375 0.0796875
2 0.68203125 0.590625 0.078125 0.096875
2 0.73984375 0.528125 0.0796875 0.096875
2 0.44921875 0.82578125 0.1640625 0.1046875
2 0.44921875 0.74140625 0.11875 0.1015625
2 0.32109375 0.6453125 0.18125 0.10625
2 0.1921875 0.6875 0.1859375 0.1640625
2 0.28984375 0.46796875 0.121875 0.175
2 0.3890625 0.2453125 0.0890625 0.159375
2 0.471875 0.18203125 0.0765625 0.096875
2 0.52734375 0.05390625 0.1546875 0.1078125
2 0.640625 0.19765625 0.125 0.1734375
2 0.71328125 0.203125 0.0578125 0.084375
2 0.57578125 0.49140625 0.1625 0.13125