6 0.3193359375 0 0.2099609375 0.0234375 0.1455078125 0.048828125 0.0849609375 0.0859375 0 0.1399432484375 0 0.9072265625 0.0595703125 0.955078125 0.1474609375 1 0.7705078125 1 1 0.8505859375 1 0.1357421875 0.9580078125 0.095703125 0.8056640625 0 0.3193359375 0
5 0.63828125 0.07890625 0.13828125 0.08671875
5 0.78203125 0.16171875 0.1359375 0.096875
5 0.6765625 0.21484375 0.103125 0.10625
5 0.6 0.27421875 0.11953125 0.096875
5 0.5359375 0.18203125 0.103125 0.05625
5 0.43671875 0.08515625 0.0921875 0.07578125
5 0.34609375 0.12265625 0.10859375 0.0546875
5 0.4140625 0.2359375 0.1140625 0.09765625
5 0.28125 0.30546875 0.12421875 0.0859375
5 0.09921875 0.52109375 0.11953125 0.11015625
5 0.2234375 0.63125 0.16484375 0.1421875
5 0.3828125 0.5140625 0.159375 0.11015625
5 0.31953125 0.40703125 0.2296875 0.090625
5 0.4265625 0.61875 0.14921875 0.12421875
5 0.36875 0.8453125 0.184375 0.10859375
5 0.60546875 0.75234375 0.1875 0.17265625
5 0.62265625 0.5921875 0.2546875 0.12109375
5 0.90078125 0.6578125 0.1796875 0.14375
5 0.83828125 0.53359375 0.14609375 0.10859375
5 0.9421875 0.35859375 0.115625 0.115625
5 0.87578125 0.25859375 0.15 0.11640625
5 0.73828125 0.30625 0.12265625 0.10078125
5 0.66484375 0.4015625 0.14765625 0.11640625
5 0.1859375 0.19375 0.096875 0.0609375
2 0.04453125 0.23046875 0.0890625 0.1140625
2 0.16640625 0.24296875 0.1453125 0.06640625
2 0.13515625 0.34296875 0.1578125 0.11875
2 0.309375 0.1890625 0.146875 0.09296875
2 0.3515625 0.2734375 0.06953125 0.07421875
2 0.4390625 0.30625 0.08828125 0.06484375
2 0.509375 0.25859375 0.0890625 0.06640625
2 0.1703125 0.49921875 0.08125 0.153125
2 0.25390625 0.5125 0.08515625 0.10703125
2 0.328125 0.65390625 0.08125 0.16953125
2 0.26640625 0.775 0.140625 0.16484375
2 0.4984375 0.7125 0.16171875 0.096875
2 0.734375 0.64921875 0.15078125 0.06796875
2 0.809375 0.57734375 0.08671875 0.0640625
2 0.95 0.54375 0.1 0.140625
2 0.8203125 0.40859375 0.159375 0.10078125
2 0.8265625 0.3359375 0.0796875 0.046875
2 0.5203125 0.4265625 0.109375 0.146875