6 0.4912724828125 0 0.1185143359375 0.0130170015625 0.0799651703125 0.056380951562500004 0 0.1941216421875 0 0.508727528125 0.0066096718750000005 0.6980037546875 0.0338500265625 0.8064941703124999 0.061474565625 0.8700219125 0.10067439062500001 0.9292368046874999 0.1492036234375 1 0.5087275203125 1 0.9244282390624999 0.9854834109375 0.9701716781249999 0.9242793921875 1 0.860521884375 1 0.491272465625 0.9902548265625001 0.212207225 0.8412972921874999 0 0.4912724828125 0
5 0.07421875 0.3765625 0.090625 0.1421875
5 0.15234375 0.2296875 0.1015625 0.1390625
5 0.20859375 0.33359375 0.109375 0.10625
5 0.27109375 0.4078125 0.1015625 0.121875
5 0.18125 0.475 0.059375 0.1046875
5 0.0875 0.57734375 0.0796875 0.0953125
5 0.128125 0.6671875 0.0578125 0.109375
5 0.2390625 0.5953125 0.1015625 0.11875
5 0.31328125 0.72578125 0.090625 0.128125
5 0.53515625 0.9 0.115625 0.1234375
5 0.640625 0.771875 0.15 0.1703125
5 0.51796875 0.61640625 0.115625 0.1625
5 0.41328125 0.68359375 0.0984375 0.2328125
5 0.62109375 0.56953125 0.1296875 0.1546875
5 0.85 0.61875 0.115625 0.1875
5 0.7484375 0.3859375 0.1796875 0.19375
5 0.5875 0.37421875 0.13125 0.259375
5 0.64375 0.09375 0.15 0.184375
5 0.521875 0.1609375 0.1125 0.1484375
5 0.34296875 0.06328125 0.1203125 0.1203125
5 0.2453125 0.1328125 0.121875 0.1546875
5 0.2984375 0.26875 0.1046875 0.1265625
5 0.39609375 0.3390625 0.1203125 0.153125
5 0.2046875 0.82421875 0.065625 0.0984375
2 0.24609375 0.95859375 0.1171875 0.0828125
2 0.2546875 0.8421875 0.071875 0.146875
2 0.35546875 0.8703125 0.1234375 0.1625
2 0.19609375 0.7015625 0.0984375 0.15
2 0.27890625 0.65625 0.078125 0.071875
2 0.30859375 0.56796875 0.06875 0.0890625
2 0.25859375 0.49921875 0.0703125 0.0890625
2 0.5109375 0.8296875 0.15625 0.0859375
2 0.52109375 0.7453125 0.109375 0.0890625
2 0.66015625 0.66640625 0.1734375 0.0875
2 0.7828125 0.72421875 0.1703125 0.146875
2 0.7125 0.49453125 0.103125 0.165625
2 0.640625 0.2609375 0.071875 0.1515625
2 0.56640625 0.18828125 0.0671875 0.0890625
2 0.528125 0.05 0.14375 0.1
2 0.39765625 0.1828125 0.1078125 0.1625
2 0.325 0.1796875 0.05 0.0796875
2 0.42578125 0.48203125 0.15 0.1140625