6 0.6591796875 0.9442815250000001 0.7607421875 0.87390029375 0.83984375 0.7961876828125 0.873046875 0.6759530796875 0.873046875 0.6202346046875 0.857421875 0.520527859375 0.8330078125 0.46627565937500004 0.7607421875 0.40762463281250005 0.6806640625 0.3929618765625 0.4482421875 0.5043988265625 0.3984375 0.5674486796875 0.3515625 0.67888563125 0.353515625 0.7815249265624999 0.4248046875 0.882697946875 0.5185546875 0.9296187687499999 0.6591796875 0.9442815250000001
8 0.7546875 0.671875 0.075 0.1203125
8 0.6390625 0.7484375 0.06953125 0.08046875
8 0.72421875 0.765625 0.0890625 0.096875
8 0.77109375 0.5984375 0.0578125 0.05546875
8 0.64921875 0.60703125 0.0828125 0.1671875
8 0.5609375 0.58203125 0.1015625 0.15859375
8 0.47421875 0.665625 0.090625 0.08203125
8 0.45625 0.7453125 0.05390625 0.0453125
8 0.53828125 0.8234375 0.065625 0.08046875
2 0.7015625 0.5390625 0.0828125 0.0953125
2 0.54375 0.734375 0.0671875 0.06171875
2 0.59453125 0.6390625 0.04296875 0.0671875