6 0.076524125 0.577956840625 0.0806522609375 0.6934341015625 0.0847667015625 0.722709871875 0.1654063359375 0.8100328749999999 0.2533714625 0.877549121875 0.367962415625 0.8925084453125001 0.44732094375000003 0.88135533125 0.5287949843749999 0.8565917453124999 0.5791214250000001 0.82486483125 0.6271442328125 0.7451398453125 0.6305195734375 0.6638003734375 0.487820246875 0.44914943906250004 0.41845251875 0.40860429062500003 0.301576321875 0.3776945015625 0.2002077296875 0.393913246875 0.10994083750000001 0.47858909218749995 0.076524125 0.577956840625
8 0.365625 0.77578125 0.128125 0.090625
8 0.2734375 0.67265625 0.090625 0.0796875
8 0.26796875 0.759375 0.1078125 0.1015625
8 0.440625 0.78203125 0.0640625 0.065625
8 0.41484375 0.6625 0.1765625 0.1046875
8 0.42734375 0.571875 0.1703125 0.1234375
8 0.33203125 0.49765625 0.09375 0.1015625
8 0.25078125 0.490625 0.053125 0.059375
8 0.18515625 0.5828125 0.0890625 0.0765625
2 0.4890625 0.7046875 0.1078125 0.096875
2 0.27421875 0.57578125 0.071875 0.0765625
2 0.37578125 0.61328125 0.0703125 0.0515625