6 0.88907431875 0.46498926718750005 0.795907271875 0.38351527343749997 0.6940344031250001 0.3708441203125 0.578308140625 0.405814 0.510397675 0.4487553484375 0.3752764875 0.668255659375 0.3814884765625 0.7494277828125 0.43226439218749996 0.8274282312500001 0.48366742812499997 0.85737945 0.5659560734375 0.879284546875 0.6456554984375 0.8876612953125 0.759654571875 0.8687119171875001 0.8452098296875 0.7981668609375 0.9227528125 0.7080827703125 0.9258430375 0.6786812421875 0.9259385609375 0.56313025625 0.88907431875 0.46498926718750005
8 0.64453125 0.77109375 0.1265625 0.0875
8 0.7328125 0.6640625 0.0875 0.0765625
8 0.740625 0.75078125 0.10625 0.0984375
8 0.56953125 0.7796875 0.0625 0.0640625
8 0.590625 0.659375 0.175 0.1
8 0.575 0.56953125 0.1671875 0.11875
8 0.6671875 0.49140625 0.090625 0.0984375
8 0.7484375 0.48203125 0.0515625 0.0578125
8 0.81796875 0.571875 0.0875 0.0734375
2 0.51796875 0.7046875 0.1046875 0.09375
2 0.72890625 0.56796875 0.06875 0.075
2 0.628125 0.60859375 0.0703125 0.0484375