6 0.670358134375 0 0.6123767375 0.0020247546875 0.1911085625 0.0211655453125 0.1577697265625 0.1018052609375 0.1268630765625 0.2800758171875 0.11719843125 0.3950664921875 0.11911114375000001 0.5617679546875001 0.18439877031250002 0.8643612812500001 0.23551676718749998 0.9850466421874999 0.24915409687499998 1 0.44157037343749994 1 0.7272009875000001 0.990025559375 0.750918546875 0.96965416875 0.792722996875 0.8795986890625 0.8354796578125001 0.7608466625 0.8567650296875 0.6428444296875 0.8517664046875 0.49970251406250005 0.8283824046875001 0.33375084374999997 0.7828909296875 0.15033090625 0.7401259765625 0.0449883765625 0.688277690625 0 0.670358134375 0
5 0.56484375 0.50625 0.134375 0.225
5 0.3265625 0.31640625 0.1546875 0.2390625
5 0.47109375 0.3328125 0.146875 0.2015625
5 0.615625 0.2265625 0.1375 0.3671875
5 0.74765625 0.4046875 0.1046875 0.1640625
5 0.74453125 0.659375 0.1265625 0.1375
5 0.684375 0.8734375 0.109375 0.146875
5 0.59375 0.7765625 0.075 0.1703125
5 0.41875 0.83515625 0.1265625 0.178125
2 0.3703125 0.15078125 0.10625 0.2609375