6 1 0.5316898578125 0.9859857218749999 0.264281490625 0.9652035046874999 0.2409230734375 0.874432153125 0.20069667500000002 0.75495200625 0.1600190359375 0.6365962656249999 0.140796328125 0.49356338906249997 0.1482923625 0.3280451 0.1745690578125 0.145447034375 0.22325472343750002 0.0408669 0.26785164375 0 0.3166448953125 0 0.3936721984375 0.0001393546875 0.39633124531249997 0.0266293734375 0.8172012046875 0.10783865 0.84912760625 0.28662145 0.8769182984375 0.40176328281250007 0.884574609375 0.568405975 0.8797528453125001 0.8698137890625001 0.80919418125 0.9895886359375 0.75597771875 1 0.7461443812499999 1 0.5316898578125
5 0.50546875 0.43515625 0.2265625 0.1375
5 0.31953125 0.6765625 0.2421875 0.159375
5 0.33359375 0.53203125 0.2046875 0.15
5 0.22421875 0.3890625 0.36875 0.14375
5 0.4 0.25390625 0.165625 0.10625
5 0.65546875 0.25234375 0.1390625 0.128125
5 0.8703125 0.309375 0.1484375 0.1125
5 0.775 0.40078125 0.171875 0.078125
5 0.83671875 0.57578125 0.1796875 0.1296875
2 0.15234375 0.6359375 0.2625 0.1109375