6 0.1471354171875 0.828125 0.4518229171875 0.8828125 0.6184895828125 0.87890625 0.7330729171875 0.865234375 0.91015625 0.828125 0.9895833328125001 0.7919921875 0.9947916671874999 0.2958984375 0.9466145828125001 0.244140625 0.83984375 0.205078125 0.6549479171875 0.166015625 0.48828125 0.1484375 0.3450520828125 0.1484375 0.22786458281250002 0.173828125 0.1106770828125 0.220703125 0.0221354171875 0.265625 0.0026041671875 0.2900390625 0.0026041671875 0.7333984375 0.0052083328125 0.7646484375 0.0247395828125 0.78125 0.1471354171875 0.828125
5 0.49140625 0.43515625 0.21953125 0.12578125
5 0.68984375 0.6671875 0.234375 0.1453125
5 0.66796875 0.5234375 0.196875 0.13984375
5 0.76953125 0.375 0.3625 0.12578125
5 0.58671875 0.24921875 0.16171875 0.09921875
5 0.33203125 0.2609375 0.13203125 0.1203125
5 0.1203125 0.32890625 0.14296875 0.1046875
5 0.2203125 0.415625 0.16953125 0.06953125
5 0.16796875 0.59296875 0.17265625 0.1203125
2 0.85390625 0.6171875 0.25703125 0.09609375