6 0.0729596578125 0 0 0.4606491453125 0 0.9270403421875001 0.4606491453125 1 0.9270403421875001 1 1 0.5393508546875 1 0.0729596578125 0.5393508546875 0 0.0729596578125 0
2 0.2890625 0.62265625 0.2609375 0.428125
2 0.02578125 0.859375 0.0515625 0.14375
2 0.3046875 0.3140625 0.265625 0.1984375
2 0.39453125 0.12109375 0.1671875 0.209375
2 0.81328125 0.146875 0.1421875 0.1171875
2 0.68671875 0.2015625 0.134375 0.20625
2 0.4828125 0.3984375 0.121875 0.1046875
2 0.51953125 0.83671875 0.2953125 0.3265625
2 0.94140625 0.50859375 0.1171875 0.2390625
1 0.59921875 0.7671875 0.078125 0.08125