6 0.41430876093749996 0 0.3473896890625 0.033365675 0.2144857234375 0.180909096875 0.09330103437500001 0.403387303125 0.08074009374999999 0.5435469984375 0.097705696875 0.6676518671875 0.171827365625 0.8456030953125 0.24690352187500003 0.93070359375 0.27239840625 0.94181875 0.319209165625 0.9442719984375 0.44348163281249997 0.911668734375 0.6341894953125 0.7309722875 0.691312384375 0.6361757031249999 0.7076922828125001 0.4778804484375 0.7112456578125 0.41007802968749996 0.7017626 0.23773908124999998 0.668330528125 0.0795225515625 0.639576603125 0.03107629375 0.5849414859375 0.003765421875 0.513092959375 0 0.41430876093749996 0
5 0.5375 0.24765625 0.1578125 0.1828125
5 0.546875 0.40390625 0.14375 0.1015625
5 0.43125 0.475 0.15625 0.134375
5 0.4078125 0.3375 0.0953125 0.1265625
5 0.41171875 0.10390625 0.0734375 0.125
5 0.30390625 0.309375 0.1046875 0.0875
5 0.30625 0.1484375 0.159375 0.1390625
5 0.21640625 0.3234375 0.1015625 0.103125
5 0.4625 0.70625 0.140625 0.140625
5 0.51796875 0.5734375 0.134375 0.1421875
5 0.38359375 0.80546875 0.11875 0.184375
5 0.3578125 0.6828125 0.128125 0.1234375
5 0.2796875 0.8015625 0.1 0.1578125
5 0.1984375 0.75234375 0.0890625 0.1375
5 0.2859375 0.578125 0.09375 0.1265625
5 0.19765625 0.56640625 0.1140625 0.0984375
5 0.26015625 0.44296875 0.115625 0.1140625