6 0.555916453125 1 0.611359721875 0.9781595062499999 0.7566172046874999 0.842760875 0.896731003125 0.63169120625 0.9214598671875001 0.49315961875000003 0.915375275 0.3680483578125 0.8570451328124999 0.1843141578125 0.7896716625 0.092994175 0.7652425421875 0.0796992890625 0.7188237265625 0.07317555 0.5921825921874999 0.09482368906250001 0.3864516984375 0.258211246875 0.3212841125 0.3476685140625 0.29117020312499997 0.5039338046874999 0.2817209796875 0.5711685171875 0.27614762187499997 0.7436781671875 0.2956629953125 0.9042064328125001 0.3200851328125 0.9549744078125 0.37213204843750003 0.9869431171875 0.46503659375 1 0.555916453125 1
5 0.440625 0.7484375 0.171875 0.19375
5 0.4453125 0.59140625 0.15 0.1125
5 0.56640625 0.53046875 0.165625 0.146875
5 0.578125 0.6703125 0.1046875 0.1328125
5 0.553125 0.9015625 0.0828125 0.1296875
5 0.678125 0.70703125 0.1109375 0.0953125
5 0.6625 0.86640625 0.1703125 0.1515625
5 0.7671875 0.70078125 0.109375 0.1109375
5 0.55546875 0.29765625 0.1515625 0.1515625
5 0.48828125 0.425 0.1453125 0.153125
5 0.6421875 0.20625 0.1328125 0.1921875
5 0.6578125 0.33046875 0.1375 0.1328125
5 0.7453125 0.21875 0.1125 0.1640625
5 0.82265625 0.275 0.1 0.14375
5 0.71953125 0.440625 0.103125 0.1328125
5 0.80703125 0.46015625 0.121875 0.10625
5 0.73359375 0.578125 0.1234375 0.121875