6 1 0.3971354171875 0.9580078125 0.3229166671875 0.8037109375 0.1979166671875 0.5751953125 0.08854166718749999 0.4345703125 0.08333333281250001 0.3115234375 0.1067708328125 0.1376953125 0.1901041671875 0.056640625 0.26953125 0.046875 0.2955729171875 0.046875 0.3424479171875 0.0859375 0.46484375 0.2763671875 0.6458333328125 0.3740234375 0.6979166671875 0.5791015625 0.7083333328125 0.7724609375 0.6875 0.9287109375 0.6458333328125 0.9755859375 0.6145833328125 1 0.55859375 1 0.3971354171875
5 0.75390625 0.52421875 0.175 0.14921875
5 0.5984375 0.54140625 0.09453125 0.1390625
5 0.52109375 0.4296875 0.1265625 0.15078125
5 0.6578125 0.39921875 0.121875 0.08984375
5 0.890625 0.39140625 0.12265625 0.06796875
5 0.68046875 0.29453125 0.0828125 0.1
5 0.840625 0.28828125 0.13046875 0.153125
5 0.66171875 0.2078125 0.0984375 0.096875
5 0.2921875 0.4734375 0.1359375 0.134375
5 0.42734375 0.521875 0.13671875 0.12890625
5 0.1890625 0.4 0.178125 0.10859375
5 0.31015625 0.3671875 0.1171875 0.121875
5 0.1875 0.29609375 0.15390625 0.09140625
5 0.23203125 0.21171875 0.13359375 0.0828125
5 0.4109375 0.290625 0.1203125 0.08671875
5 0.41796875 0.2015625 0.09296875 0.10859375
5 0.54453125 0.2578125 0.1078125 0.11015625