6 0 0 0 1 1 1 1 0 0 0
8 0.1640625 0.265625 0.328125 0.1875
8 0.5078125 0.57109375 0.15625 0.21875
8 0.60390625 0.9390625 0.1859375 0.084375
2 0.2765625 0.81875 0.10625 0.05625
2 0.459375 0.8 0.121875 0.05
2 0.5171875 0.86875 0.09375 0.0875
2 0.646875 0.86640625 0.13125 0.084375
2 0.6796875 0.7796875 0.1 0.053125
2 0.5953125 0.64609375 0.09375 0.09375
2 0.65546875 0.5515625 0.1328125 0.075
2 0.653125 0.41015625 0.06875 0.0609375
2 0.38984375 0.31015625 0.09375 0.0546875
2 0.32890625 0.37578125 0.0703125 0.0734375
2 0.1265625 0.56796875 0.08125 0.0796875
2 0.26875 0.82109375 0.103125 0.053125
2 0.31171875 0.7671875 0.075 0.034375
2 0.69296875 0.196875 0.221875 0.175
2 0.71015625 0.30703125 0.1390625 0.0484375