6 0.0255177171875 0 0 0.48690704218749997 0 0.9744822828125 0.48690704218749997 1 0.9744822828125 1 1 0.5130929578125001 1 0.0255177171875 0.5130929578125001 0 0.0255177171875 0
8 0.8390625 0.28359375 0.321875 0.2046875
8 0.48828125 0.5703125 0.1671875 0.2265625
8 0.3734375 0.9328125 0.190625 0.09375
2 0.70625 0.8296875 0.109375 0.0625
2 0.525 0.8015625 0.125 0.05625
2 0.46328125 0.8671875 0.0984375 0.0921875
2 0.334375 0.85859375 0.1359375 0.090625
2 0.30625 0.76953125 0.103125 0.0578125
2 0.396875 0.640625 0.0984375 0.0984375
2 0.3421875 0.54296875 0.1359375 0.08125
2 0.3515625 0.40234375 0.071875 0.0640625
2 0.6203125 0.31640625 0.096875 0.059375
2 0.67734375 0.38515625 0.0734375 0.0765625
2 0.86953125 0.5875 0.0859375 0.084375
2 0.7140625 0.8328125 0.10625 0.0578125
2 0.67421875 0.7765625 0.0765625 0.0375
2 0.3234375 0.1875 0.23125 0.1859375
2 0.3 0.29609375 0.1421875 0.05625