6 0 0 0 1 1 1 1 0 0 0
8 0.1640625 0.734375 0.328125 0.18671875
8 0.5078125 0.42890625 0.15625 0.21875
8 0.60390625 0.0609375 0.18515625 0.0828125
2 0.2765625 0.18125 0.10546875 0.0578125
2 0.459375 0.2 0.12265625 0.05
2 0.5171875 0.13125 0.09375 0.08671875
2 0.646875 0.13359375 0.13046875 0.084375
2 0.6796875 0.2203125 0.1 0.053125
2 0.5953125 0.35390625 0.09375 0.09375
2 0.65546875 0.4484375 0.13203125 0.075
2 0.653125 0.58984375 0.06953125 0.06015625
2 0.38984375 0.68984375 0.09375 0.05390625
2 0.32890625 0.62421875 0.0703125 0.0734375
2 0.1265625 0.43203125 0.08203125 0.07890625
2 0.26875 0.17890625 0.103125 0.053125
2 0.31171875 0.2328125 0.075 0.03515625
2 0.69296875 0.803125 0.221875 0.1734375
2 0.71015625 0.69296875 0.13984375 0.0484375