6 0.8216145828125001 1 0.91796875 0.9765625 0.9973958328125001 0.9384765625 0.99609375 0.259765625 0.8763020828125001 0.205078125 0.73046875 0.173828125 0.6783854171875 0.1640625 0.4752604171875 0.158203125 0.2825520828125 0.16796875 0.0052083328125 0.2548828125 0.0026041671875 0.8564453125 0.014322917187500001 0.8984375 0.26171875 1 0.8216145828125001 1
8 0.76171875 0.71015625 0.28359375 0.178125
8 0.86484375 0.4234375 0.20703125 0.11015625
8 0.54453125 0.33984375 0.1875 0.08203125
8 0.28671875 0.49296875 0.16796875 0.08984375
2 0.2578125 0.3859375 0.27734375 0.08515625
2 0.1484375 0.546875 0.11640625 0.253125
2 0.23984375 0.79296875 0.22734375 0.1984375
2 0.53359375 0.61484375 0.18359375 0.040625
2 0.3828125 0.66171875 0.159375 0.10703125
2 0.496875 0.684375 0.18984375 0.0375
2 0.475 0.7765625 0.29765625 0.0765625
2 0.80859375 0.5703125 0.29921875 0.08515625
2 0.8265625 0.5046875 0.1921875 0.0671875
2 0.7875 0.3421875 0.23828125 0.078125
2 0.46796875 0.2703125 0.3375 0.06875
2 0.40625 0.37421875 0.0546875 0.0890625
2 0.27421875 0.60390625 0.06640625 0.12734375
2 0.52890625 0.5609375 0.05546875 0.0578125
2 0.95703125 0.72734375 0.0859375 0.18203125