6 1 0.5499683125 0.9828665296875 0.2346189296875 0.8603769109374999 0.1862757875 0.7131079375 0.1627009421875 0.660584890625 0.15567453125 0.4574316109375 0.16045392812499998 0.26549846875 0.18029174375 0 0.27902954062499996 0 0.42549119218750003 0.0161897453125 0.7623013125 0.0225840859375 0.884312615625 0.0358666828125 0.9237974421875 0.253230571875 1 0.5130929734375 1 0.8493464265625 0.982377703125 0.9423628468749999 0.9545222062500001 1 0.9230737859374999 1 0.5499683125
8 0.77265625 0.69609375 0.2921875 0.1921875
8 0.86015625 0.4046875 0.2125 0.1203125
8 0.5359375 0.3375 0.1921875 0.0921875
8 0.28671875 0.50390625 0.171875 0.0984375
2 0.25234375 0.3984375 0.2828125 0.0984375
2 0.1515625 0.56484375 0.128125 0.259375
2 0.25546875 0.80625 0.2359375 0.209375
2 0.53984375 0.61328125 0.184375 0.05
2 0.39140625 0.66796875 0.1640625 0.115625
2 0.50625 0.684375 0.1921875 0.046875
2 0.48984375 0.77734375 0.3 0.09375
2 0.81171875 0.55390625 0.303125 0.1
2 0.8265625 0.4875 0.19375 0.075
2 0.77890625 0.32734375 0.240625 0.090625
2 0.45625 0.27265625 0.340625 0.0859375
2 0.4 0.3796875 0.0609375 0.0921875
2 0.2796875 0.615625 0.0734375 0.1296875
2 0.53203125 0.559375 0.0578125 0.0625
2 0.96015625 0.703125 0.0796875 0.1875