6 0.268851775 0 0.2121786265625 0.1186166546875 0.17838824375 0.2638823890625 0.1677151265625 0.31578735625 0.1583116234375 0.5187791578125001 0.16471253749999998 0.7116285765625 0.246773046875 0.9904469453125 0.6852739234375 1 0.86183195 1 0.8903887890625001 0.9925653265625 0.9957445078125 0.748160384375 1 0.5043634171875 1 0.16037151249999998 0.984272684375 0.09042059218750001 0.9478193578124999 0.010866028125 0.6761267875 0.0061236171875 0.281972265625 0 0.268851775 0
8 0.71484375 0.2421875 0.1828125 0.2859375
8 0.4296875 0.13359375 0.1125 0.209375
8 0.340625 0.45234375 0.0859375 0.1890625
8 0.4890625 0.71328125 0.0921875 0.16875
2 0.38203125 0.73984375 0.0890625 0.2796875
2 0.540625 0.85234375 0.2546875 0.1203125
2 0.78828125 0.76484375 0.203125 0.2296875
2 0.615625 0.46875 0.04375 0.1828125
2 0.659375 0.6203125 0.1109375 0.1609375
2 0.684375 0.50625 0.040625 0.190625
2 0.77578125 0.5296875 0.0828125 0.2984375
2 0.57578125 0.19296875 0.0890625 0.3
2 0.51015625 0.1734375 0.06875 0.1921875
2 0.346875 0.21015625 0.0828125 0.2390625
2 0.26953125 0.528125 0.075 0.3390625
2 0.37265625 0.59140625 0.090625 0.0578125
2 0.6 0.72734375 0.128125 0.06875
2 0.56171875 0.471875 0.0609375 0.05625
2 0.73515625 0.046875 0.184375 0.0890625