6 0.231492984375 0.85647139375 0.1705752546875 0.8598161828125 0.15280644375000002 0.8836246265625001 0.1575344625 0.897469940625 0.17147375781250002 0.9087054468750001 0.21819750937500001 0.91385484375 0.225930890625 0.9141249 0.3123539078125 0.9038535124999999 0.3236346484375 0.8942152921875 0.32368172500000003 0.892867153125 0.2928283640625 0.8660396703125001 0.23869345625 0.8567228390625001 0.231492984375 0.85647139375
6 0.39710087656250004 0.8946744703125 0.39787584374999996 0.8724822890624999 0.37156567812499997 0.8566724812500001 0.3616058875 0.8563246781249999 0.308380484375 0.8665339046874999 0.3134895921875 0.9067757875 0.38790170156250003 0.9025342109375 0.39710087656250004 0.8946744703125
6 0.13662861875 0.8581421609375001 0.3162066578125 0.8644131640625 0.360995828125 0.8503427125 0.3783556609375 0.8382458796875 0.37883806875000003 0.8356243984375 0.3794329046875 0.8185905124999999 0.36269990625 0.8015443328125 0.32387653437499997 0.7909055921875 0.1782404796875 0.78581986875 0.13113842343749998 0.7915037109374999 0.121109190625 0.8175367421875 0.13662861875 0.8581421609375001
6 0.35867756562499997 0.6518315515625 0.36159537343750003 0.568276453125 0.25661845625 0.55794765625 0.14703743125 0.561938265625 0.16386434218749998 0.6397213359375 0.1906802109375 0.655315134375 0.31813848125 0.661720390625 0.35867756562499997 0.6518315515625
6 0.3791304265625 0.5645710484375 0.36872164375 0.6776067234375 0.5418954765625 0.6807226125 0.5567208906250001 0.6665829609375 0.5756082015625 0.5734353765625 0.4414066140625 0.5667457796875001 0.3791304265625 0.5645710484375
6 0.1405805578125 0.5509640515625 0.170067171875 0.5646967968750001 0.34183746875 0.5706951484375 0.35528630781250004 0.5250873656249999 0.3559363796875 0.5064717265625001 0.342193790625 0.448562871875 0.2872948453125 0.4163538671875 0.09723831875 0.41167126249999997 0.08960717812499999 0.4436509828125 0.1234531046875 0.5190968984375 0.1405805578125 0.5509640515625
6 0.3281002140625 0 0.348223109375 0.3803723765625 0.6070094390625 0.3942951828125 0.6347114281249999 0.384513821875 0.7429354375 0.0462878734375 0.7453028640625 0.012072248437499999 0.7454357703125 0.0082663390625 0.4917243921875 0 0.3281002140625 0
6 0.046514348437500005 0.34198747812499997 0.0905939953125 0.38554455781249997 0.2206548484375 0.392040696875 0.342049728125 0.385531165625 0.348329178125 0.36614215 0.34980468125 0.3238892515625 0.34488780937499997 0.15502104218749999 0.33282818125 0.1345681765625 0.20222768281249998 0.13000750625 0.021445951562500003 0.127114521875 0.0160889578125 0.24320922500000003 0.046514348437500005 0.34198747812499997
6 1 0.07813025625 0.952122784375 0.076458346875 0.7654827671875 0.072188196875 0.6602703156249999 0.3987934203125 0.8045431140625 0.408717325 0.9129250921875001 0.40175337187500004 1 0.25987568906249997 1 0.07813025625
6 0.89850920625 0.415358525 0.8986706968749999 0.410734028125 0.8168846109375 0.4078779953125 0.6603380125 0.404316725 0.6276477359375 0.48232493437499996 0.6258073328125 0.535027184375 0.8013110937500001 0.5460417 0.8407587765625 0.5356933500000001 0.89850920625 0.415358525
6 0.6104096484375 0.549195709375 0.590657 0.5846119109375 0.5501032015625 0.7385638250000001 0.698586603125 0.7398403484375 0.74066475625 0.6914747046875 0.8244396921874999 0.5566698031249999 0.6104096484375 0.549195709375
6 0.993309553125 0.6107740265625 0.99520905625 0.5563793921875 0.8318109124999999 0.550673403125 0.77728950625 0.6220538609374999 0.7120758890625 0.7397112296875 0.712067140625 0.7399617640625 0.8682961468749999 0.739559340625 0.993309553125 0.6107740265625
6 0.6541904359374999 0.8962475515625 0.5132958796875 0.8934282953125001 0.4931692515625 0.9474462921875 0.6808276828125 0.9461822062499999 0.7089173484375 0.9197028625 0.709668771875 0.8981848984375 0.6541904359374999 0.8962475515625