6 0.3059895828125 0.126953125 0.3385416671875 0.1005859375 0.3268229171875 0.08984375 0.23828125 0.076171875 0.1861979171875 0.080078125 0.171875 0.0908203125 0.1666666671875 0.1044921875 0.18359375 0.12890625 0.24869791718749998 0.134765625 0.3059895828125 0.126953125
6 0.4140625 0.1044921875 0.40234375 0.09375 0.328125 0.0869140625 0.3216145828125 0.126953125 0.3815104171875 0.140625 0.4114583328125 0.1240234375 0.4140625 0.1044921875
6 0.3736979171875 0.193359375 0.3932291671875 0.1748046875 0.390625 0.1572265625 0.3736979171875 0.14453125 0.3294270828125 0.12890625 0.1497395828125 0.12890625 0.1328125 0.1689453125 0.1419270828125 0.1953125 0.20442708281250002 0.205078125 0.32421875 0.205078125 0.3736979171875 0.193359375
6 0.3658854171875 0.34375 0.32421875 0.33203125 0.1966145828125 0.333984375 0.1692708328125 0.3486328125 0.1497395828125 0.42578125 0.2591145828125 0.43359375 0.3671875 0.4267578125 0.3658854171875 0.34375
6 0.5481770828125 0.3203125 0.375 0.3173828125 0.3815104171875 0.431640625 0.578125 0.4287109375 0.5625 0.3349609375 0.5481770828125 0.3203125
6 0.3411458328125 0.5458984375 0.359375 0.4794921875 0.3450520828125 0.423828125 0.1731770828125 0.423828125 0.1432291671875 0.4365234375 0.125 0.4677734375 0.08854166718749999 0.5419921875 0.09505208281250001 0.57421875 0.28515625 0.576171875 0.3411458328125 0.5458984375
6 0.6302083328125 0.6201171875 0.6028645828125 0.609375 0.34375 0.6142578125 0.3098958328125 0.9990234375 0.7278645828125 1 0.7265625 0.9619140625 0.6302083328125 0.6201171875
6 0.3463541671875 0.6357421875 0.3385416671875 0.6083984375 0.21744791718749998 0.59765625 0.08723958281250001 0.599609375 0.0416666671875 0.6416015625 0.0078125 0.7392578125 0.009114582812499999 0.85546875 0.3190104171875 0.861328125 0.3333333328125 0.8388671875 0.3463541671875 0.6357421875
6 0.9088541671874999 0.6123046875 0.80078125 0.6015625 0.65625 0.6064453125 0.75 0.9365234375 0.9934895828125001 0.939453125 0.9973958328125001 0.7685546875 0.9088541671874999 0.6123046875
6 0.8424479171874999 0.4765625 0.8033854171874999 0.46484375 0.6276041671875 0.4697265625 0.6276041671875 0.5224609375 0.6575520828125 0.6015625 0.8984375 0.6044921875 0.8424479171874999 0.4765625
6 0.7473958328125 0.3173828125 0.70703125 0.267578125 0.55859375 0.263671875 0.59375 0.4189453125 0.61328125 0.45703125 0.828125 0.4580078125 0.7473958328125 0.3173828125
6 0.9973958328125001 0.4072265625 0.8763020828125001 0.2734375 0.7200520828125 0.267578125 0.78125 0.3876953125 0.8346354171874999 0.462890625 0.9973958328125001 0.4619140625 0.9973958328125001 0.4072265625
6 0.6966145828125 0.060546875 0.5091145828125 0.052734375 0.52734375 0.107421875 0.7239583328125 0.1103515625 0.7265625 0.0908203125 0.6966145828125 0.060546875