6 0.8301381953125 0.8764269484374999 0.875886121875 0.8656217406250001 0.8883522515625 0.8527712093750001 0.891357709375 0.8384528953125001 0.8708198250000001 0.8169873890625 0.809948540625 0.8210915359375001 0.8028323828125 0.8222186234375 0.750236425 0.8380633953125001 0.7228824859375 0.8684509890625 0.7230935109375001 0.8697833421875 0.73546476875 0.87797494375 0.82249536875 0.877637453125 0.8301381953125 0.8764269484374999
6 0.6709444343750001 0.8383616921874999 0.646757109375 0.8572600578125 0.6502308484375 0.8791923781250001 0.660319315625 0.8858724359375 0.7346936859375 0.8810138406249999 0.734860459375 0.840449271875 0.6807875984375 0.8368026890625 0.6709444343750001 0.8383616921874999
6 0.6619594234374999 0.8208999312499999 0.6806640921875 0.8307909640625001 0.7268341671874999 0.839298109375 0.904309415625 0.8111887921875001 0.9147646093749999 0.7689946984375 0.9016375046875 0.7443779687500001 0.8541938531250001 0.7444767890625 0.710263140625 0.7672731749999999 0.6730256906250001 0.78256399375 0.658494821875 0.8015223546874999 0.661161134375 0.8183567796875 0.6619594234374999 0.8208999312499999
6 0.74862945625 0.527854975 0.6456937859375 0.55090025 0.65877265 0.63347695 0.7002147078125 0.6383516078125 0.8259423187499999 0.6164608390625 0.8506579015625 0.59771524375 0.8578800140625 0.5184612703125 0.74862945625 0.527854975
6 0.5662909046875 0.5591075296875 0.43390489218750006 0.582102321875 0.464003253125 0.672253815625 0.48044135312499997 0.6844813078125 0.6519446421875 0.6602840624999999 0.6278378609375 0.5493594500000001 0.5662909046875 0.5591075296875
6 0.835358115625 0.524005859375 0.8629513390625 0.5067819609375 0.8760674984374999 0.47306502968749997 0.9004665984375 0.394056696875 0.8889949906249999 0.36324535 0.7009257843750001 0.391055115625 0.6503613359375 0.42971453593750003 0.643778496875 0.4888665484375 0.6466923984374999 0.50726420625 0.6655991828125 0.5508930328125 0.835358115625 0.524005859375
6 0.46470586249999996 0 0.19646641250000002 0.04184274375 0.1970621515625 0.0456040875 0.20358176718749998 0.07927615625 0.352218465625 0.40179183281249997 0.3809060171875 0.4081242609375 0.6360666296875 0.3627671125 0.6108795578125 0 0.46470586249999996 0
6 0.64282269375 0.3671351015625 0.7641060265624999 0.3588018 0.89240574375 0.33650365 0.93084855625 0.28789928124999997 0.9490091187499999 0.18614938281249999 0.9295436718750001 0.0715728859375 0.750462025 0.0964760578125 0.621390809375 0.11691892968749999 0.6119136484375 0.1386890421875 0.627613284375 0.30689774999999997 0.634227121875 0.34865588281250004 0.64282269375 0.3671351015625
6 0 0.3546598875 0.0781795359375 0.4528085984375 0.1866023453125 0.4465122015625 0.32859033437499996 0.4190798359375 0.1843589578125 0.1077312515625 0 0.1346613 0 0.3546598875
6 0.37939915625 0.5500981546875 0.3711496828125 0.4980130265625 0.329196265625 0.424570221875 0.17425055 0.44718317812499997 0.09342214843749999 0.4599851390625 0.0941460203125 0.46455548437500005 0.1661311140625 0.5769553453125 0.20654590625 0.582419096875 0.37939915625 0.5500981546875
6 0.18488494375 0.5957866484375 0.28446401875 0.7193771375 0.33212281718750003 0.7622542343750001 0.4793438765625 0.74289165 0.4203303421875 0.5950295359375 0.3964087765625 0.5622845640625 0.18488494375 0.5957866484375
6 0.176837890625 0.59073326875 0.015353076562500002 0.61630995 0.023867459375 0.6700676453125001 0.1636440171875 0.7826577109375 0.31875755781250004 0.764017609375 0.3187183421875 0.7637700078125 0.239651990625 0.65493718125 0.176837890625 0.59073326875
6 0.34042059999999996 0.9207690843749999 0.343788803125 0.94203508125 0.3748961109375 0.9648937828124999 0.5613098187500001 0.9432786359374999 0.5347500734375 0.8921161 0.39524930625 0.9120850703125001 0.34042059999999996 0.9207690843749999