6 0 0 0 1 1 1 1 0 0 0
5 0.6640625 0.059375 0.17109375 0.1046875
5 0.6953125 0.1765625 0.165625 0.140625
5 0.775 0.35390625 0.203125 0.1359375
5 0.92578125 0.53359375 0.1484375 0.1515625
5 0.6828125 0.5453125 0.2109375 0.13046875
5 0.465625 0.61796875 0.16015625 0.121875
5 0.20625 0.525 0.21640625 0.14765625
5 0.2046875 0.4203125 0.2015625 0.08984375
5 0.028125 0.32109375 0.05625 0.115625
5 0.08671875 0.19609375 0.1734375 0.115625
5 0.3765625 0.1453125 0.165625 0.11953125
5 0.41875 0.271875 0.175 0.16171875
5 0.54140625 0.340625 0.22890625 0.13046875
5 0.80078125 0.7453125 0.1828125 0.1640625
5 0.7546875 0.9109375 0.240625 0.178125
5 0.9484375 0.9046875 0.10234375 0.190625
2 0.0984375 0.69140625 0.1421875 0.1515625
2 0.7484375 0.34140625 0.0890625 0.14375
2 0.746875 0.45546875 0.19453125 0.07109375
2 0.72265625 0.159375 0.14921875 0.10859375
2 0.08359375 0.09375 0.1671875 0.053125
2 0.9421875 0.6890625 0.10703125 0.05
2 0.728125 0.7921875 0.08125 0.06328125