6 0.080450184375 0 0 0.4562556671875 0 0.919549815625 0.4562556671875 1 0.919549815625 1 1 0.5437443328125 1 0.080450184375 0.5437443328125 0 0.080450184375 0
5 0.4140625 0.05234375 0.1875 0.1046875
5 0.3640625 0.14765625 0.1875 0.1671875
5 0.2546875 0.30859375 0.2234375 0.16875
5 0.08046875 0.459375 0.1609375 0.175
5 0.31171875 0.5125 0.2296875 0.165625
5 0.51328125 0.621875 0.178125 0.1484375
5 0.78515625 0.57578125 0.2375 0.1828125
5 0.8046875 0.47265625 0.215625 0.125
5 0.97890625 0.40546875 0.0421875 0.1234375
5 0.93203125 0.271875 0.1359375 0.14375
5 0.6828125 0.171875 0.184375 0.1453125
5 0.61953125 0.2890625 0.2 0.190625
5 0.48671875 0.3359375 0.2484375 0.16875
5 0.1609375 0.6890625 0.209375 0.1953125
5 0.178125 0.86015625 0.2671875 0.2171875
5 0.02734375 0.8203125 0.0546875 0.20625
2 0.8625 0.75859375 0.1640625 0.1734375
2 0.2828125 0.30078125 0.1140625 0.1578125
2 0.26484375 0.41328125 0.203125 0.103125
2 0.33984375 0.12578125 0.165625 0.1328125
2 0.946875 0.171875 0.10625 0.08125
2 0.04453125 0.60859375 0.0890625 0.0671875
2 0.22421875 0.7484375 0.090625 0.075