6 0.049797978124999996 0 0 0.473796109375 0 0.9502020218749999 0.473796109375 1 0.9502020218749999 1 1 0.526203890625 1 0.049797978124999996 0.526203890625 0 0.049797978124999996 0
5 0.92109375 0.709375 0.1234375 0.1828125
5 0.8015625 0.728125 0.1578125 0.1796875
5 0.61640625 0.7890625 0.15625 0.215625
5 0.421875 0.91875 0.165625 0.1625
5 0.4359375 0.67734375 0.153125 0.221875
5 0.3859375 0.453125 0.1375 0.171875
5 0.50546875 0.20546875 0.16875 0.2296875
5 0.61015625 0.21484375 0.1109375 0.2109375
5 0.72734375 0.04921875 0.1203125 0.06875
5 0.8453125 0.12109375 0.1328125 0.184375
5 0.865625 0.4140625 0.1359375 0.1765625
5 0.73515625 0.44296875 0.1796875 0.190625
5 0.65390625 0.5578125 0.1546875 0.2421875
5 0.22421875 0.7734375 0.184375 0.1984375
5 0.0828125 0.71015625 0.165625 0.2578125
5 0.075 0.903125 0.15 0.121875
2 0.3515625 0.08046875 0.165625 0.15625
2 0.63203125 0.76328125 0.153125 0.1046875
2 0.51875 0.75 0.090625 0.2
2 0.815625 0.75703125 0.125 0.159375
2 0.94765625 0.128125 0.0703125 0.171875
2 0.265625 0.9203125 0.0609375 0.1109375
2 0.1859375 0.69609375 0.0703125 0.0875