6 1 0.5202307265624999 0.9992828640625 0.5196704390625 0.8613747265624999 0.4382137984375 0.8177741546874999 0.4356961046875 0.7437012843749999 0.40937084218750003 0.6494943109375 0.3953567 0.564469759375 0.39202185312500004 0.4110849640625 0.40888734531250004 0.29861373750000003 0.4384394171875 0.23096757031249998 0.46445545624999995 0.1126119265625 0.526214725 0.0146958890625 0.6021905624999999 0.0103083453125 0.614536040625 0.04101370625 0.8646111453125 0.461580846875 0.8041169265624999 0.5102486828125 0.8158514015625 0.549768453125 0.8011600218750001 0.5915997671875 0.8373474265624999 0.6175495718749999 0.824322228125 0.6575110359375 0.8292545406249999 0.6675437296875 0.8388455406249999 0.6694479375 0.8543540734375 0.6811811718749999 0.86176848125 0.7062807046875 0.849831578125 0.7036967765625 0.8127607859375001 0.7140018546875 0.8085437921875 1 0.8267408406250001 1 0.5202307265624999
5 0.47421875 0.61640625 0.171875 0.1125
5 0.084375 0.74609375 0.1296875 0.1375
5 0.28359375 0.50546875 0.134375 0.1
5 0.95078125 0.61328125 0.0984375 0.1078125
5 0.8359375 0.49453125 0.15 0.1078125
4 0.7109375 0.634375 0.2109375 0.209375
4 0.81328125 0.76484375 0.2140625 0.1453125
4 0.54453125 0.7546875 0.2203125 0.1375
4 0.29765625 0.7640625 0.175 0.109375
4 0.21640625 0.5875 0.1484375 0.1140625
4 0.125 0.5890625 0.1046875 0.0578125
4 0.40390625 0.45625 0.0984375 0.090625
4 0.89453125 0.5359375 0.115625 0.14375