6 1 0.5537109375 0.994140625 0.5419921875 0.8876953125 0.478515625 0.7626953125 0.431640625 0.6923828125 0.4140625 0.5771484375 0.3984375 0.4228515625 0.400390625 0.3388671875 0.4140625 0.2470703125 0.439453125 0.1767578125 0.474609375 0.1337890625 0.482421875 0.0068359375 0.580078125 0 0.5869140625 0.0029296875 0.892578125 0.3251953125 0.83203125 0.3359375 0.8349609375 0.337890625 0.8720703125 0.3642578125 0.880859375 0.375 0.8720703125 0.375 0.8564453125 0.3837890625 0.845703125 0.4228515625 0.8359375 0.4501953125 0.845703125 0.4873046875 0.8046875 0.5283203125 0.814453125 0.5751953125 0.796875 1 0.8056640625 1 0.5537109375
5 0.53984375 0.6125 0.16171875 0.09453125
5 0.9421875 0.69375 0.115625 0.1234375
5 0.715625 0.47890625 0.12578125 0.08671875
5 0.0546875 0.66953125 0.109375 0.09453125
5 0.165625 0.53515625 0.140625 0.090625
4 0.30703125 0.659375 0.18984375 0.1859375
4 0.22109375 0.80078125 0.2 0.121875
4 0.48671875 0.75859375 0.20703125 0.1125
4 0.7328125 0.7375 0.16640625 0.090625
4 0.7921875 0.55234375 0.1375 0.09921875
4 0.8828125 0.54296875 0.09921875 0.04453125
4 0.58984375 0.44453125 0.08984375 0.0796875
4 0.1125 0.58359375 0.1015625 0.13203125