6 1 0.514677740625 0.9958865859375001 0.5077126437499999 0.8852726687500001 0.4518159578125 0.757307328125 0.4137747015625 0.6859399171875 0.4011441484375 0.569896303125 0.393595553125 0.4161115296875 0.4063071265625 0.3332854390625 0.4258041515625 0.2434833359375 0.4575363515625 0.17579449062500002 0.49751171562499996 0.1334753828125 0.5083025328125 0.0136436640625 0.6145767 0.007301229687499999 0.6218728359375 0.0314916078125 0.9259064796875001 0.0351277625 0.925652215625 0.34880289375 0.8437084515625 0.359723278125 0.8458816656250001 0.3642602640625 0.8827644015624999 0.3911763171875 0.889692771875 0.40127924375 0.8801757828125 0.4001892984375 0.86458884375 0.40820761406250006 0.8532597296875 0.44649374374999995 0.8407930312499999 0.47445210156249995 0.8486274640625 0.5086099749999999 0.80512313125 0.550206903125 0.8120038624999999 0.5957415296875 0.7911987234375 1 0.771322940625 1 0.514677740625
5 0.54765625 0.609375 0.1671875 0.1046875
5 0.94609375 0.66171875 0.1078125 0.1328125
5 0.71328125 0.4640625 0.13125 0.09375
5 0.06796875 0.7 0.115625 0.103125
5 0.16875 0.55859375 0.146875 0.1
4 0.31875 0.67265625 0.2015625 0.2
4 0.24296875 0.81953125 0.2078125 0.1359375
4 0.5046875 0.75859375 0.215625 0.1265625
4 0.7484375 0.7203125 0.171875 0.1015625
4 0.7953125 0.53203125 0.14375 0.1078125
4 0.88515625 0.51640625 0.103125 0.0515625
4 0.5859375 0.43828125 0.09375 0.0859375
4 0.11953125 0.61015625 0.109375 0.1390625