6 0.16908664843750001 0 0.14753480937500002 0.0246459578125 0.1025727671875 0.10764925624999999 0.074052653125 0.252313459375 0.0695279640625 0.3170195375 0.068057240625 0.41458300000000003 0.0984412703125 0.5400550015625 0.1070567984375 0.5475100875 0.16024405 0.55220825 0.11964178750000001 0.5728637953125 0.14645588437499998 0.6373914375 0.21114738281249998 0.72023088125 0.340657415625 0.8467607656249999 0.4388435265625 0.9172581718749999 0.5407128 0.95374998125 0.5758675046875 0.97833244375 0.5810501609375 0.9786948499999999 0.5995090296875001 0.971566675 0.6591227171875 0.9776931640625 0.6771666328125 0.962312815625 0.6818081031250001 0.9332689640625 0.7217199453124999 0.88515461875 0.729912940625 0.842653853125 0.787173678125 0.73310004375 0.7789622765625001 0.7011995375 0.8455059546875001 0.5335580234374999 0.862455325 0.5151642953125 0.8755714781249999 0.4769235796875 0.8974440078124999 0.46278990000000003 0.9014042609375 0.443487884375 0.9388637296875 0.43044415156250004 0.9432327125000001 0.40529703437500003 0.84600030625 0.32116105625 0.8003294359374999 0.3023042828125 0.71075885625 0.2392619625 0.49277278906250005 0.0527031375 0.4517575984375 0 0.16908664843750001 0
1 0.7515625 0.47109375 0.090625 0.0578125
1 0.74921875 0.5390625 0.05 0.046875
1 0.80234375 0.58515625 0.046875 0.053125
1 0.7 0.82890625 0.0390625 0.05625
1 0.66484375 0.82734375 0.046875 0.05
1 0.5734375 0.9515625 0.05625 0.05
1 0.5109375 0.8609375 0.0625 0.0515625
1 0.540625 0.8015625 0.0609375 0.05625
1 0.45078125 0.79453125 0.065625 0.0421875
1 0.48828125 0.73984375 0.0734375 0.065625
1 0.40234375 0.753125 0.040625 0.04375
1 0.39921875 0.6875 0.0734375 0.0671875
1 0.3296875 0.69375 0.053125 0.0421875
1 0.54375 0.684375 0.05 0.04375
1 0.58671875 0.63359375 0.053125 0.0546875
1 0.6953125 0.63359375 0.0546875 0.0421875
1 0.61171875 0.53125 0.0640625 0.0578125
1 0.546875 0.53359375 0.0875 0.1
1 0.440625 0.56640625 0.1 0.0625
1 0.6125 0.5859375 0.046875 0.0375
3 0.49453125 0.63046875 0.05625 0.0765625
3 0.68046875 0.54609375 0.0671875 0.0984375
3 0.5953125 0.7390625 0.1265625 0.059375
3 0.575 0.19921875 0.08125 0.0875
3 0.78046875 0.35546875 0.06875 0.0703125
3 0.440625 0.27265625 0.0875 0.0453125
0 0.284375 0.3125 0.121875 0.1015625
0 0.28046875 0.2265625 0.0515625 0.053125
0 0.1921875 0.31953125 0.03125 0.028125
0 0.41328125 0.52109375 0.0953125 0.0546875
0 0.521875 0.42890625 0.046875 0.059375
0 0.58046875 0.465625 0.090625 0.0546875
0 0.615625 0.41171875 0.08125 0.0546875
0 0.54453125 0.3453125 0.046875 0.0453125
0 0.42265625 0.321875 0.0453125 0.0484375
0 0.69296875 0.41796875 0.0515625 0.046875