6 0 0.84765625 0.0498046875 0.8854166671874999 0.1357421875 0.9244791671874999 0.3017578125 0.9453125 0.4443359375 0.9375 0.5673828125 0.8984375 0.57421875 0.8893229171874999 0.5751953125 0.8359375 0.5986328125 0.875 0.6611328125 0.84375 0.7392578125 0.7734375 0.8564453125 0.6354166671875 0.919921875 0.5325520828125 0.94921875 0.4283854171875 0.97265625 0.3893229171875 0.962890625 0.3684895828125 0.96484375 0.30859375 0.9482421875 0.2916666671875 0.9189453125 0.2890625 0.8681640625 0.2526041671875 0.8251953125 0.24739583281250002 0.7119140625 0.1979166671875 0.6806640625 0.20833333281250002 0.5087890625 0.1536458328125 0.4892578125 0.1380208328125 0.4501953125 0.1276041671875 0.4345703125 0.1067708328125 0.4150390625 0.1041666671875 0.3994140625 0.06770833281250001 0.3740234375 0.06510416718749999 0.296875 0.16796875 0.28125 0.21484375 0.224609375 0.30859375 0.0537109375 0.5390625 0 0.5872395828125 0 0.84765625
1 0.45390625 0.25078125 0.05234375 0.0875
1 0.521875 0.2484375 0.04375 0.046875
1 0.5640625 0.1921875 0.05078125 0.04375
1 0.8140625 0.27734375 0.05234375 0.0359375
1 0.81484375 0.3125 0.046875 0.04375
1 0.9453125 0.3953125 0.04609375 0.05234375
1 0.859375 0.4640625 0.04765625 0.05859375
1 0.79765625 0.43828125 0.05234375 0.05703125
1 0.79765625 0.52890625 0.0375 0.0625
1 0.73984375 0.4953125 0.06015625 0.06875
1 0.759375 0.5796875 0.03984375 0.0375
1 0.69375 0.5875 0.0625 0.06796875
1 0.70546875 0.65625 0.03984375 0.0515625
1 0.68125 0.44375 0.04140625 0.04765625
1 0.62734375 0.40390625 0.05078125 0.05
1 0.61953125 0.29609375 0.03984375 0.05078125
1 0.5234375 0.38671875 0.0515625 0.06015625
1 0.53046875 0.45078125 0.09609375 0.08125
1 0.5703125 0.5546875 0.05703125 0.096875
1 0.578125 0.38203125 0.034375 0.0453125
3 0.63046875 0.49609375 0.07421875 0.0515625
3 0.53359375 0.31640625 0.09375 0.06015625
3 0.73203125 0.38828125 0.0515625 0.12421875
3 0.19453125 0.44609375 0.08203125 0.075
3 0.3359375 0.23046875 0.0640625 0.06328125
3 0.27734375 0.575 0.03984375 0.08359375
0 0.328125 0.728125 0.09453125 0.115625
0 0.2421875 0.73828125 0.05078125 0.04765625
0 0.34140625 0.81953125 0.02734375 0.0296875
0 0.52734375 0.58515625 0.04921875 0.09296875
0 0.42734375 0.4828125 0.05625 0.04375
0 0.46015625 0.421875 0.0484375 0.08671875
0 0.40390625 0.390625 0.05 0.07890625
0 0.34296875 0.46640625 0.0421875 0.04375
0 0.32734375 0.58984375 0.04609375 0.04140625
0 0.4046875 0.31328125 0.04375 0.0484375