6 0.8788870937500001 0.37433814375 0.8784038359374999 0.354639975 0.9119690203124999 0.3335040046875 0.9105691546875001 0.3080186 0.79690233125 0.24791155312500002 0.7481601515625 0.2398117875 0.6467038234375 0.198534234375 0.3923381203125 0.06579309531250001 0.3363519359375 0.0202799859375 0.0791414296875 0.061018128125 0.0496370765625 0.1161166671875 0.0244990875 0.20710685468749998 0.0292523078125 0.3544789546875 0.0393992859375 0.418544453125 0.059913260937500004 0.5139382109375 0.11774360937499999 0.629359453125 0.12781535156249998 0.63468539375 0.1806962734375 0.6272986140625 0.14578113125 0.6565582812499999 0.1864235453125 0.713400225 0.268091825 0.7795640796875001 0.42274555625000004 0.873717590625 0.534273628125 0.9203210859375 0.6417408703125 0.9329620109375 0.6815244125000001 0.9490063390625 0.6866557625 0.9481936125000001 0.703038040625 0.9370957890625 0.7625019921875 0.9296550953124999 0.77662361875 0.910609946875 0.7746126828125 0.881266384375 0.8026782156250001 0.8254069953125001 0.8011006328124999 0.7821524984375 0.8322495359375001 0.6625256828125 0.817072540625 0.633289946875 0.844199571875 0.454976003125 0.8565768421875 0.43324092812500004 0.8607545406250001 0.39302982656249996 0.8788870937500001 0.37433814375
1 0.7390625 0.415625 0.09375 0.0640625
1 0.7515625 0.48203125 0.053125 0.05
1 0.8140625 0.51484375 0.0515625 0.05625
1 0.76875 0.775 0.04375 0.0578125
1 0.734375 0.78125 0.05 0.053125
1 0.6734375 0.9234375 0.059375 0.0546875
1 0.59140625 0.84921875 0.065625 0.05625
1 0.6078125 0.784375 0.065625 0.059375
1 0.51796875 0.7984375 0.0671875 0.046875
1 0.5421875 0.7359375 0.078125 0.0703125
1 0.46171875 0.76875 0.04375 0.0453125
1 0.44375 0.7046875 0.078125 0.071875
1 0.378125 0.72734375 0.05625 0.046875
1 0.58359375 0.6703125 0.053125 0.046875
1 0.61484375 0.6109375 0.0578125 0.059375
1 0.7203125 0.5859375 0.0578125 0.046875
1 0.615625 0.50546875 0.06875 0.0625
1 0.553125 0.52265625 0.0953125 0.10625
1 0.45703125 0.578125 0.1046875 0.0703125
1 0.62890625 0.55859375 0.05 0.040625
3 0.52421875 0.628125 0.0625 0.08125
3 0.68671875 0.5046875 0.075 0.1015625
3 0.646875 0.71171875 0.1296875 0.0703125
3 0.50546875 0.18984375 0.0875 0.09375
3 0.740625 0.29609375 0.0734375 0.075
3 0.39140625 0.2921875 0.0890625 0.0515625
0 0.24765625 0.365625 0.128125 0.1109375
0 0.22421875 0.2828125 0.05625 0.05625
0 0.159375 0.39296875 0.0328125 0.03125
0 0.4203125 0.540625 0.0984375 0.0625
0 0.50546875 0.42578125 0.0515625 0.0625
0 0.57109375 0.4484375 0.09375 0.0609375
0 0.59296875 0.38828125 0.084375 0.0609375
0 0.50859375 0.33984375 0.05 0.0484375
0 0.384375 0.34375 0.0484375 0.0515625
0 0.66953125 0.3765625 0.0546875 0.0515625