6 1 0.495636584375 0.9989651578125001 0.436350521875 0.9750181375 0.3793867328125 0.8564608125 0.1900207515625 0.782467771875 0.0916877578125 0.7340269796875 0.0583484 0.6106579765625 0.0409675890625 0.4130815296875 0.0248820734375 0.379951634375 0.029367203125 0.28703399531249996 0.07787122656249999 0.24365780625000003 0.1108598328125 0.19027393125 0.1860217078125 0.11838438281250001 0.32010927499999997 0.10748549999999998 0.36718165625 0.10418352187499999 0.51374598125 0.1287764015625 0.5797330765625001 0.22780545000000002 0.769439925 0.295769575 0.8581110421875 0.3979252265625 0.9471620546875 0.4781275015625 0.953575809375 0.5796063593749999 0.94789764375 0.7794523 0.8701792656249999 0.9741022312500001 0.662648984375 0.9910982031250001 0.6291441359375 1 0.59069719375 1 0.495636584375
5 0.24140625 0.36875 0.0734375 0.1109375
5 0.2125 0.5484375 0.0796875 0.0765625
5 0.1984375 0.46484375 0.065625 0.0734375
5 0.31015625 0.41640625 0.05625 0.059375
5 0.35234375 0.34609375 0.0515625 0.0734375
5 0.28828125 0.27109375 0.0921875 0.0546875
5 0.6734375 0.446875 0.0890625 0.0671875
5 0.61640625 0.41796875 0.0796875 0.0765625
5 0.70078125 0.40078125 0.1 0.0953125
5 0.6640625 0.3046875 0.0984375 0.0921875
5 0.6453125 0.25234375 0.0796875 0.1171875
5 0.58671875 0.203125 0.0703125 0.1171875
5 0.5546875 0.15390625 0.1046875 0.0703125
5 0.38046875 0.1796875 0.0796875 0.0921875
5 0.4515625 0.29140625 0.121875 0.1359375
5 0.49765625 0.64296875 0.175 0.1734375
5 0.62890625 0.5453125 0.0953125 0.1
5 0.72265625 0.72890625 0.1234375 0.1234375
5 0.728125 0.62890625 0.14375 0.084375
5 0.3421875 0.796875 0.103125 0.0640625
5 0.32265625 0.6265625 0.1046875 0.0921875
5 0.39921875 0.565625 0.1015625 0.0921875
5 0.4421875 0.44921875 0.0875 0.0578125
4 0.24375 0.359375 0.0625 0.0609375
4 0.24921875 0.5375 0.0546875 0.0671875
4 0.275 0.44921875 0.0875 0.0796875
4 0.4078125 0.30078125 0.0796875 0.071875
4 0.34453125 0.30234375 0.0546875 0.0734375
4 0.33203125 0.1953125 0.0703125 0.0671875
4 0.41328125 0.1609375 0.08125 0.1078125
4 0.5328125 0.1953125 0.06875 0.096875
4 0.55390625 0.2734375 0.0890625 0.10625
4 0.4828125 0.37890625 0.115625 0.075
4 0.6203125 0.46484375 0.065625 0.1078125
4 0.6125 0.6609375 0.1234375 0.1296875
4 0.61171875 0.603125 0.059375 0.0734375
4 0.69609375 0.5015625 0.071875 0.0921875
4 0.7984375 0.46171875 0.075 0.0640625
4 0.4421875 0.765625 0.0671875 0.0703125
2 0.54921875 0.49921875 0.090625 0.1828125