6 0.4825396125 0 0.4103239328125 0.0050498125 0.3546915 0.03194526875 0.17178985 0.1602507640625 0.0774641140625 0.239288753125 0.0467056421875 0.28940800625 0.0358052859375 0.4135175765625 0.030082167187499998 0.611665103125 0.036295034375 0.6445148609375 0.08959551875 0.7347666546875 0.12480905 0.7763569078125 0.2026618140625 0.8257339531250001 0.3403280265625 0.8905073781249999 0.3879063015625 0.8989277484375 0.5344425765625 0.8945546156249999 0.599052146875 0.86654194375 0.783316228125 0.7577201203125 0.8683088578125 0.68520845 0.951891415625 0.5785322296875 0.9540989171875 0.4981041984375 0.9431175406250001 0.3970615859375 0.85504654375 0.20155699375 0.6376134859375 0.0180351203125 0.6032650546875 0.002815946875 0.5873538890625001 0 0.4825396125 0
5 0.38203125 0.76484375 0.1140625 0.0796875
5 0.5640625 0.784375 0.0796875 0.0828125
5 0.48046875 0.803125 0.0765625 0.06875
5 0.4265625 0.69375 0.0609375 0.0578125
5 0.35390625 0.65546875 0.075 0.0546875
5 0.28203125 0.7234375 0.059375 0.09375
5 0.43828125 0.3296875 0.071875 0.0921875
5 0.4125 0.3875 0.0796875 0.0828125
5 0.390625 0.3046875 0.1 0.1046875
5 0.296875 0.346875 0.096875 0.103125
5 0.24453125 0.3671875 0.1203125 0.0859375
5 0.19921875 0.42890625 0.1203125 0.0765625
5 0.1515625 0.46328125 0.075 0.1078125
5 0.1859375 0.6359375 0.0953125 0.084375
5 0.29453125 0.559375 0.1421875 0.1296875
5 0.64296875 0.49453125 0.18125 0.1828125
5 0.53828125 0.36875 0.1046875 0.1
5 0.7171875 0.265625 0.1296875 0.1296875
5 0.61640625 0.265625 0.090625 0.146875
5 0.8046875 0.6421875 0.06875 0.10625
5 0.6359375 0.6703125 0.096875 0.109375
5 0.57109375 0.596875 0.096875 0.10625
5 0.45234375 0.56015625 0.0625 0.0890625
4 0.37265625 0.76328125 0.0640625 0.065625
4 0.55 0.7484375 0.06875 0.0578125
4 0.4609375 0.72734375 0.084375 0.090625
4 0.30625 0.603125 0.075 0.0828125
4 0.3109375 0.665625 0.075 0.0578125
4 0.20390625 0.68359375 0.0703125 0.0734375
4 0.165625 0.60390625 0.1109375 0.0875
4 0.19453125 0.4828125 0.1 0.0734375
4 0.27109375 0.4578125 0.1109375 0.0953125
4 0.38046875 0.5234375 0.08125 0.11875
4 0.45859375 0.38125 0.1109375 0.071875
4 0.6546875 0.3796875 0.1359375 0.13125
4 0.596875 0.3828125 0.075 0.0625
4 0.490625 0.30390625 0.0953125 0.0765625
4 0.44609375 0.20390625 0.0671875 0.078125
4 0.76875 0.54375 0.0734375 0.0703125
2 0.496875 0.45078125 0.1875 0.1