6 0.5537109375 1 0.6123046875 0.9765625 0.8037109375 0.861328125 0.9033203125 0.7890625 0.9375 0.7412109375 0.95703125 0.6181640625 0.9765625 0.4208984375 0.97265625 0.3876953125 0.92578125 0.2939453125 0.8935546875 0.25 0.8193359375 0.1953125 0.6865234375 0.12109375 0.6396484375 0.109375 0.4931640625 0.103515625 0.4267578125 0.126953125 0.2353515625 0.22265625 0.1455078125 0.2890625 0.0546875 0.3896484375 0.046875 0.4697265625 0.05078125 0.5712890625 0.125 0.7724609375 0.3291015625 0.970703125 0.3623046875 0.98828125 0.4091796875 1 0.5537109375 1
5 0.6359375 0.24375 0.10859375 0.07265625
5 0.45625 0.21171875 0.075 0.078125
5 0.540625 0.19921875 0.07109375 0.0640625
5 0.58671875 0.31171875 0.05703125 0.0546875
5 0.65625 0.3546875 0.07109375 0.05
5 0.7328125 0.2921875 0.0515625 0.090625
5 0.55 0.67421875 0.065625 0.0875
5 0.5796875 0.61796875 0.07421875 0.078125
5 0.5953125 0.70234375 0.09453125 0.09921875
5 0.6921875 0.6671875 0.0890625 0.09609375
5 0.7453125 0.65 0.1140625 0.078125
5 0.7953125 0.5921875 0.1171875 0.06875
5 0.8453125 0.5609375 0.06953125 0.103125
5 0.82265625 0.3859375 0.090625 0.0796875
5 0.709375 0.45546875 0.13515625 0.12109375
5 0.35703125 0.4953125 0.1703125 0.1703125
5 0.45234375 0.628125 0.09765625 0.09453125
5 0.2671875 0.71875 0.12109375 0.12265625
5 0.3671875 0.72578125 0.08125 0.1421875
5 0.20625 0.33671875 0.0640625 0.1015625
5 0.3765625 0.3203125 0.0921875 0.1046875
5 0.4359375 0.3984375 0.090625 0.09921875
5 0.5515625 0.44296875 0.05703125 0.08515625
4 0.6453125 0.24609375 0.06015625 0.06015625
4 0.4671875 0.2484375 0.0671875 0.053125
4 0.5546875 0.27578125 0.0765625 0.08515625
4 0.70078125 0.4109375 0.07109375 0.0796875
4 0.7 0.34765625 0.07265625 0.053125
4 0.8078125 0.3375 0.0671875 0.06953125
4 0.840625 0.41953125 0.1046875 0.0796875
4 0.80390625 0.53828125 0.09453125 0.0671875
4 0.72578125 0.5578125 0.1046875 0.08671875
4 0.62109375 0.48515625 0.07265625 0.1140625
4 0.5328125 0.62109375 0.10625 0.0640625
4 0.3375 0.609375 0.128125 0.12265625
4 0.3953125 0.61015625 0.07109375 0.05703125
4 0.4953125 0.69609375 0.0921875 0.06953125
4 0.5328125 0.79921875 0.06171875 0.07265625
4 0.23515625 0.4375 0.06875 0.065625
2 0.5 0.54921875 0.1828125 0.0875