6 0.1873456109375 0 0.05148351875 0.098712328125 0 0.46503659375 0 0.755842034375 0.043725896874999996 0.9398024828124999 0.46791024531250003 1 0.93464336875 1 0.9808633546875001 0.671127709375 0.9735973921875001 0.5123209875 0.9240736125 0.2331807859375 0.8606712078125 0.045775246874999995 0.5349634015625 0 0.1873456109375 0
5 0.6765625 0.259375 0.3 0.3359375
5 0.79765625 0.80078125 0.3234375 0.3421875
5 0.4203125 0.82421875 0.2671875 0.3125
5 0.1390625 0.85546875 0.209375 0.21875
5 0.0921875 0.50078125 0.184375 0.2390625
5 0.31796875 0.459375 0.234375 0.2828125
5 0.25859375 0.19765625 0.209375 0.2421875
5 0.08125 0.2375 0.13125 0.2640625
5 0.5734375 0.059375 0.225 0.11875
1 0.446875 0.62578125 0.2203125 0.2359375
1 0.59609375 0.5703125 0.134375 0.134375
1 0.528125 0.49609375 0.071875 0.0953125
1 0.47421875 0.415625 0.0875 0.10625
1 0.3453125 0.29453125 0.140625 0.128125
1 0.45859375 0.2296875 0.134375 0.1046875
1 0.878125 0.56171875 0.09375 0.125
1 0.58046875 0.7890625 0.059375 0.09375
1 0.41796875 0.7984375 0.1640625 0.184375
1 0.19140625 0.646875 0.1953125 0.2140625
1 0.04765625 0.71171875 0.0953125 0.1984375
1 0.18046875 0.3703125 0.1140625 0.159375
1 0.18359375 0.1109375 0.0765625 0.109375
1 0.290625 0.04375 0.11875 0.0875
1 0.7640625 0.07109375 0.109375 0.0890625
1 0.22890625 0.79140625 0.1015625 0.1203125
1 0.1578125 0.77890625 0.075 0.0796875
1 0.28203125 0.88828125 0.0796875 0.090625
1 0.1078125 0.4234375 0.075 0.0765625