6 0.2535522 0 0.16589962187500001 0.12662638125 0.04135284375 0.381302559375 0 0.504040746875 0 0.9093603515625001 0.098712328125 0.9485164812500001 0.46864859531249997 1 0.8446861265625 1 0.912008715625 0.8803782828125 0.975698728125 0.7078759390625 1 0.5349634078125 1 0.18444438125 0.8954853187499999 0.05066805 0.5349634109375 0 0.2535522 0
5 0.396875 0.2203125 0.3 0.3359375
5 0.14609375 0.70703125 0.2921875 0.3421875
5 0.48671875 0.83359375 0.2671875 0.3125
5 0.7484375 0.915625 0.209375 0.16875
5 0.89375 0.6140625 0.1875 0.2390625
5 0.6859375 0.5109375 0.234375 0.2828125
5 0.815625 0.27578125 0.209375 0.2421875
5 0.9546875 0.36328125 0.090625 0.2640625
5 0.55 0.0578125 0.225 0.115625
1 0.51640625 0.6359375 0.2203125 0.2359375
1 0.38828125 0.54140625 0.134375 0.134375
1 0.47421875 0.48828125 0.071875 0.0953125
1 0.5484375 0.4265625 0.0875 0.10625
1 0.70546875 0.3453125 0.140625 0.128125
1 0.61484375 0.2515625 0.134375 0.1046875
1 0.11953125 0.45546875 0.09375 0.125
1 0.34375 0.75546875 0.059375 0.09375
1 0.496875 0.809375 0.1640625 0.184375
1 0.75625 0.72578125 0.1953125 0.2140625
1 0.87578125 0.82890625 0.096875 0.1984375
1 0.84296875 0.4640625 0.1140625 0.159375
1 0.9109375 0.21328125 0.0765625 0.109375
1 0.83046875 0.10546875 0.11875 0.115625
1 0.3640625 0.0296875 0.109375 0.059375
1 0.68046875 0.85546875 0.1015625 0.1203125
1 0.75234375 0.86171875 0.075 0.0796875
1 0.60234375 0.93359375 0.0796875 0.090625
1 0.8984375 0.534375 0.075 0.0765625