6 0.3603515625 0 0.1806640625 0.0390625 0.0009765625 0.109375 0 0.8349609375 0.0400390625 1 0.3974609375 1 0.5537109375 0.970703125 0.8232421875 0.8828125 1 0.7939453125 1 0.1708984375 0.8349609375 0 0.3603515625 0
5 0.7625 0.64140625 0.303125 0.2609375
5 0.24375 0.83671875 0.30703125 0.2828125
5 0.16796875 0.46640625 0.2828125 0.23046875
5 0.09765625 0.1921875 0.1953125 0.18515625
5 0.4421875 0.09453125 0.21796875 0.1578125
5 0.51484375 0.3140625 0.25703125 0.20078125
5 0.765625 0.21875 0.21796875 0.18125
5 0.7015625 0.0484375 0.253125 0.096875
5 0.95078125 0.51171875 0.0984375 0.2140625
1 0.36796875 0.46484375 0.21171875 0.1921875
1 0.44375 0.6046875 0.1203125 0.11875
1 0.5078125 0.52734375 0.08671875 0.06171875
1 0.5796875 0.4625 0.09609375 0.07421875
1 0.68203125 0.31796875 0.11171875 0.12578125
1 0.76171875 0.42109375 0.0890625 0.12265625
1 0.49140625 0.8828125 0.115625 0.078125
1 0.225 0.61953125 0.0890625 0.04765625
1 0.19296875 0.46015625 0.165625 0.1421875
1 0.31171875 0.21484375 0.19140625 0.1703125
1 0.2265625 0.08203125 0.19140625 0.06953125
1 0.58359375 0.165625 0.14921875 0.0921875
1 0.84140625 0.1328125 0.10078125 0.06171875
1 0.93671875 0.22734375 0.1015625 0.10625
1 0.96171875 0.7015625 0.0765625 0.10078125
1 0.1734375 0.271875 0.11015625 0.0890625
1 0.1765625 0.2 0.07109375 0.065625
1 0.08515625 0.33828125 0.08125 0.06875
1 0.52109375 0.10078125 0.06875 0.065625