6 0.049797978124999996 0 0.00731800625 0.4041699375 0 0.4737961140625 0 0.9502020218749999 0.0140198859375 0.951675571875 0.165112846875 0.96755608125 0.4949025234375 1 0.9205777671875 1 0.9559191234375 0.9456054109375 1 0.5262038921875 1 0.24081783125 0.936558259375 0.0460758078125 0.51168443125 0 0.049797978124999996 0
5 0.44140625 0.77578125 0.2125 0.2890625
5 0.61328125 0.596875 0.159375 0.2171875
5 0.73515625 0.39609375 0.1078125 0.2203125
5 0.78515625 0.65390625 0.15625 0.259375
5 0.90390625 0.69140625 0.1359375 0.2421875
5 0.915625 0.5125 0.128125 0.1859375
5 0.84921875 0.11875 0.1578125 0.1828125
5 0.68984375 0.15859375 0.1125 0.128125
5 0.78203125 0.0859375 0.10625 0.1265625
5 0.575 0.1171875 0.1625 0.234375
5 0.5734375 0.36484375 0.1125 0.2
5 0.46328125 0.271875 0.2171875 0.3328125
5 0.41796875 0.1015625 0.1859375 0.203125
5 0.2640625 0.52109375 0.2171875 0.3390625
5 0.328125 0.91875 0.2140625 0.1515625
5 0.68359375 0.91953125 0.3015625 0.1609375