6 0.2568359375 0 0.0029296875 0.11328125 0 1 0.456194196875 1 1 1 1 0.9361049109374999 1 0.7841796875 0.9951171875 0.05078125 0.8955078125 0 0.2568359375 0
5 0.78046875 0.5296875 0.271875 0.1828125
5 0.584375 0.37734375 0.20390625 0.13828125
5 0.371875 0.27734375 0.2109375 0.08671875
5 0.6234375 0.2 0.2484375 0.1328125
5 0.6484375 0.078125 0.23125 0.1140625
5 0.46875 0.08515625 0.17578125 0.11171875
5 0.084375 0.1921875 0.16796875 0.1421875
5 0.140625 0.346875 0.1171875 0.09921875
5 0.05859375 0.2625 0.1171875 0.0921875
5 0.1109375 0.465625 0.221875 0.140625
5 0.3578125 0.44140625 0.19140625 0.09375
5 0.2765625 0.56015625 0.31640625 0.1859375
5 0.103125 0.6234375 0.20625 0.165625
5 0.5453125 0.7328125 0.3234375 0.1828125
5 0.934375 0.62734375 0.13125 0.20234375
5 0.91640625 0.27109375 0.1671875 0.2859375