6 0.008651368750000001 0 0.0076872328125 0.055235306250000005 0.005035771875 0.20713739062499997 0 0.67358445 0 0.9420424031250001 0.09582622187499999 0.993021284375 0.49563657968749997 1 0.7441981484375 1 0.9902454328125 0.8953349234375001 1 0.42546691875000003 1 0.008651368750000001 0.5525253343750001 0.00084066875 0.50436345625 0 0.008651368750000001 0
5 0.2203125 0.465625 0.275 0.1890625
5 0.41328125 0.62109375 0.20625 0.1421875
5 0.62421875 0.725 0.2140625 0.0890625
5 0.37109375 0.79765625 0.2484375 0.1359375
5 0.34453125 0.91953125 0.2328125 0.1171875
5 0.52421875 0.915625 0.1765625 0.1140625
5 0.91015625 0.81484375 0.171875 0.14375
5 0.85703125 0.659375 0.1203125 0.1015625
5 0.9375 0.7453125 0.11875 0.0953125
5 0.8875 0.540625 0.225 0.14375
5 0.64140625 0.5609375 0.1921875 0.096875
5 0.72421875 0.44375 0.31875 0.1921875
5 0.896875 0.3828125 0.20625 0.16875
5 0.45859375 0.26640625 0.325 0.190625
5 0.06796875 0.36484375 0.134375 0.203125
5 0.0828125 0.72109375 0.165625 0.2890625