6 0.678350084375 0 0.6111300625 0.009447157812499999 0.3235508625 0.051441634375 0.306671771875 0.06466159375 0.26145526874999997 0.14990913749999998 0.2266620984375 0.267221209375 0.19951131718749998 0.424877921875 0.2013095765625 0.606078584375 0.222992653125 0.7884292578125 0.30124605625 0.9943866015625 0.3218205375 0.9999760203125 0.8415106984375 0.92693833125 0.8674301468750001 0.8970637421875001 0.9210522062500001 0.7593545671874999 0.9504089375 0.6398480578125 0.9471989609374999 0.6170078906249999 0.8785119375000001 0.2742256625 0.85328475 0.192961375 0.8093227546874999 0.090662259375 0.746330753125 0 0.678350084375 0
5 0.240625 0.453125 0.0609375 0.1265625
5 0.30078125 0.53515625 0.0828125 0.1421875
5 0.37578125 0.515625 0.1125 0.1765625
5 0.32265625 0.36875 0.09375 0.14375
5 0.27890625 0.28046875 0.09375 0.1671875
5 0.35234375 0.17265625 0.1078125 0.178125
5 0.403125 0.32109375 0.1046875 0.1671875
5 0.4390625 0.1328125 0.125 0.1515625
5 0.55 0.209375 0.134375 0.1546875
5 0.64609375 0.340625 0.1796875 0.246875
5 0.4921875 0.4171875 0.125 0.1875
5 0.53671875 0.62578125 0.1453125 0.2140625
5 0.659375 0.725 0.1703125 0.2390625
5 0.478125 0.81640625 0.1046875 0.1828125
5 0.44765625 0.9578125 0.0859375 0.084375
5 0.36796875 0.9234375 0.0921875 0.153125
5 0.375 0.759375 0.0984375 0.171875
5 0.30234375 0.68984375 0.090625 0.1453125
5 0.2515625 0.7109375 0.075 0.1296875
5 0.30625 0.825 0.0859375 0.1109375