6 0.3017578125 0.927734375 0.6708984375 0.90625 0.7548828125 0.892578125 0.8623046875 0.86328125 0.9609375 0.8134765625 0.970703125 0.7509765625 0.96875 0.3876953125 0.9580078125 0.369140625 0.8798828125 0.3125 0.7685546875 0.26171875 0.6162109375 0.212890625 0.4365234375 0.189453125 0.2529296875 0.185546875 0.0380859375 0.234375 0.029296875 0.2548828125 0.029296875 0.7783203125 0.0556640625 0.80859375 0.1845703125 0.880859375 0.3017578125 0.927734375
5 0.5828125 0.25 0.1203125 0.0453125
5 0.49296875 0.29765625 0.134375 0.0640625
5 0.5015625 0.375 0.165625 0.090625
5 0.6546875 0.34296875 0.13515625 0.0765625
5 0.7484375 0.31171875 0.15859375 0.071875
5 0.84453125 0.39921875 0.16640625 0.0859375
5 0.690625 0.42890625 0.15703125 0.084375
5 0.871875 0.490625 0.1390625 0.10703125
5 0.78046875 0.58984375 0.140625 0.115625
5 0.6375 0.6671875 0.22734375 0.15
5 0.5828125 0.50390625 0.17421875 0.10078125
5 0.3703125 0.51875 0.20078125 0.11875
5 0.2546875 0.6265625 0.22265625 0.1421875
5 0.18984375 0.434375 0.1734375 0.0828125
5 0.046875 0.384375 0.0859375 0.0765625
5 0.09765625 0.3109375 0.14921875 0.07109375
5 0.2609375 0.33984375 0.16328125 0.07578125
5 0.33984375 0.278125 0.1359375 0.07109375
5 0.32578125 0.225 0.121875 0.05859375
5 0.20546875 0.26328125 0.10234375 0.071875