6 0.8019457359375 0.108364296875 0.686162509375 0.06667655312500001 0.6631119296875 0.067481496875 0.31502774843750003 0.0999617453125 0.2315716765625 0.1165563046875 0.1252376859375 0.14958430312499998 0.0284031171875 0.20280088593749998 0.021127796875 0.26309151875 0.0237507125 0.33820198437500004 0.0354549265625 0.6285954140625 0.046838120312499995 0.6467639015625 0.1268922578125 0.7006434984375 0.2399248046875 0.74750851875 0.393879828125 0.7909901796875001 0.5742758234374999 0.8081423984375 0.757894059375 0.8056389390625001 0.9709028562500001 0.7493426203125 0.978612275 0.7294651015625 0.9602971078125 0.20498734062500001 0.93329549375 0.1760871359375 0.8019457359375 0.108364296875
5 0.42578125 0.753125 0.1234375 0.0484375
5 0.5140625 0.70234375 0.1359375 0.06875
5 0.503125 0.625 0.16875 0.096875
5 0.35078125 0.6625 0.1375 0.08125
5 0.25859375 0.696875 0.1625 0.078125
5 0.159375 0.6125 0.1703125 0.0921875
5 0.31171875 0.57734375 0.159375 0.0890625
5 0.12890625 0.52265625 0.140625 0.1109375
5 0.21640625 0.4203125 0.1453125 0.1203125
5 0.35703125 0.3375 0.2328125 0.1578125
5 0.4171875 0.49921875 0.178125 0.1078125
5 0.62890625 0.4765625 0.2046875 0.125
5 0.740625 0.36484375 0.2265625 0.1484375
5 0.8125 0.5546875 0.1765625 0.0875
5 0.95546875 0.6 0.0890625 0.078125
5 0.90859375 0.675 0.1515625 0.0765625
5 0.74453125 0.6515625 0.165625 0.0828125
5 0.66796875 0.71640625 0.1390625 0.0765625
5 0.68359375 0.76875 0.1234375 0.0640625
5 0.80234375 0.7265625 0.1046875 0.075