6 0.3910680265625 0 0.34089403906250004 0.047850440625000004 0.2916444078125 0.055916853125 0.2479795265625 0.12767904218749998 0.0804640359375 0.1972794125 0.0848822171875 0.1359897625 0.028904931249999998 0.20976856718749998 0.0045103859375 0.23723674374999998 0 0.4956365609375 0 0.99134863125 0.4956365609375 1 0.99134863125 1 1 0.504363409375 1 0.432665525 0.9450687171875 0.41097631406249996 0.9257051765625001 0.3693552140625 0.8463042140624999 0.3144128234375 1 0.3790053890625 1 0.008651368750000001 0.8170975046875 0.0054587937500000005 0.7697008249999999 0.0352516515625 0.70998338125 0.003589109375 0.5043634390625 0 0.3910680265625 0
8 0.215625 0.47265625 0.2734375 0.2046875
8 0.1015625 0.27890625 0.2 0.253125
8 0.38125 0.21875 0.43125 0.15625
8 0.3390625 0.10078125 0.228125 0.128125
8 0.59921875 0.0421875 0.2296875 0.084375
8 0.8703125 0.23359375 0.259375 0.1671875
8 0.9140625 0.14921875 0.171875 0.0765625
8 0.90390625 0.05390625 0.178125 0.084375
8 0.6390625 0.37578125 0.2703125 0.1984375
8 0.859375 0.4 0.2171875 0.11875
8 0.83515625 0.5265625 0.184375 0.159375