6 0.049797978124999996 0 0.034977540625 0.141007040625 0.060526134375 0.1908199796875 0.0237793609375 0.247550609375 0 0.47379610781250003 0 0.5744348328125 0.0357040078125 0.619093084375 0.0394473375 0.6688583390625 0.1071308046875 0.71861155 0.1618663859375 0.8915556640625001 0.1011950328125 0.8818125515625 0.1698143453125 0.944007075 0.195051871875 0.9707028 0.473796109375 1 0.9502020218749999 1 1 0.526203890625 1 0.049797978124999996 0.526203884375 0 0.4745182859375 0 0.450105371875 0.048865978125 0.40695500781250005 0.06452831718749999 0.3453014390625 0.1388385890625 0.41848781874999996 0 0.049797978124999996 0
8 0.44765625 0.78125 0.2265625 0.2890625
8 0.2453125 0.878125 0.26875 0.2203125
8 0.209375 0.59375 0.1921875 0.440625
8 0.08828125 0.62578125 0.146875 0.2375
8 0.053125 0.36015625 0.1046875 0.2359375
8 0.26796875 0.121875 0.1890625 0.24375
8 0.1875 0.071875 0.090625 0.14375
8 0.090625 0.075 0.1 0.15
8 0.38828125 0.35078125 0.2203125 0.2859375
8 0.43203125 0.1328125 0.1375 0.2265625
8 0.55546875 0.16796875 0.175 0.196875