6 0.384360546875 0 0.3330271734375 0.0506960875 0.283925821875 0.059620795312499995 0.2415200140625 0.1321341125 0.07524473125 0.2046474296875 0.0785925875 0.1432900078125 0.02391144375 0.21803451406250002 0 0.24592425 0 1 1 1 1 0.42441857031249997 0.943447253125 0.403222353125 0.9233602734374999 0.36194553281249997 0.8430125281249999 0.308397246875 0.9992443218749999 0.3708702828125 1 0 0.808418275 0 0.761548771875 0.03061550625 0.701287834375 0 0.384360546875 0
8 0.21484375 0.47734375 0.27109375 0.2
8 0.09765625 0.2859375 0.1953125 0.25
8 0.3765625 0.22109375 0.42734375 0.14921875
8 0.33203125 0.10390625 0.22578125 0.1234375
8 0.5921875 0.040625 0.228125 0.08125
8 0.86875 0.228125 0.26171875 0.1625
8 0.9109375 0.14296875 0.175 0.07265625
8 0.89609375 0.046875 0.1765625 0.0828125
8 0.63671875 0.3734375 0.26796875 0.19375
8 0.8578125 0.39375 0.21640625 0.11484375
8 0.8359375 0.5203125 0.18046875 0.15625