6 0.026244275 0.663313009375 0.12481701875 0.7624723390625 0.24164809531250003 0.824839234375 0.32081611250000003 0.853343675 0.41772505156250006 0.8675483796875 0.55025215625 0.8570574843750001 0.671823634375 0.8313146453125 0.7824394890625 0.790319859375 0.8934364312499999 0.7229285062499999 0.9307028953125001 0.6708149296875 0.9887342218749999 0.541757921875 0.9868256546874999 0.4871037359375 0.9521865375 0.390597584375 0.8717358031250001 0.250741953125 0.8570467171875 0.24050617343749997 0.7336348328125 0.2135467625 0.53983926875 0.21562389531249998 0.44926947500000003 0.21878666249999998 0.4211888734375 0.220548984375 0.26893173593749997 0.262997915625 0.06659972187499999 0.36387065 0.010188801562499999 0.4274015015625 0.0096745109375 0.636531221875 0.026244275 0.663313009375
5 0.44921875 0.7375 0.1203125 0.0734375
5 0.571875 0.71953125 0.09375 0.075
5 0.57890625 0.65 0.0859375 0.0703125
5 0.48125 0.68046875 0.0515625 0.0578125
5 0.46953125 0.596875 0.096875 0.0703125
5 0.36015625 0.61875 0.1203125 0.0671875
5 0.3125 0.6765625 0.1015625 0.0671875
5 0.21171875 0.63671875 0.1234375 0.0765625
5 0.15390625 0.56328125 0.11875 0.090625
5 0.26015625 0.5453125 0.10625 0.0671875
5 0.284375 0.475 0.1234375 0.0609375
5 0.11015625 0.4203125 0.1484375 0.1046875
5 0.3109375 0.4140625 0.125 0.0765625
5 0.428125 0.45390625 0.11875 0.0921875
5 0.37890625 0.35078125 0.10625 0.103125
5 0.4734375 0.31796875 0.0984375 0.071875
5 0.4 0.54609375 0.10625 0.078125
5 0.4953125 0.5171875 0.096875 0.0875
5 0.6109375 0.56953125 0.10625 0.071875
5 0.703125 0.60859375 0.121875 0.0640625
5 0.71875 0.70859375 0.125 0.0875
5 0.75703125 0.46640625 0.109375 0.084375
5 0.59453125 0.4515625 0.1234375 0.0890625
5 0.62421875 0.51796875 0.0875 0.0734375
5 0.72890625 0.39375 0.10625 0.08125