6 0.27734375 0.744140625 0.4309895828125 0.78125 0.5013020828125 0.783203125 0.7434895828125 0.77734375 0.8658854171874999 0.74609375 0.8802083328125001 0.7353515625 0.9557291671874999 0.5927734375 0.9869791671874999 0.4951171875 0.9869791671874999 0.4404296875 0.9244791671874999 0.3134765625 0.8854166671874999 0.2626953125 0.7721354171875 0.19921875 0.66015625 0.162109375 0.5377604171875 0.140625 0.4049479171875 0.134765625 0.30859375 0.15234375 0.23046875 0.18359375 0.1158854171875 0.25 0.0208333328125 0.3525390625 0.0052083328125 0.3798828125 0.013020832812499999 0.5888671875 0.07161458281250001 0.650390625 0.27734375 0.744140625
5 0.440625 0.2640625 0.1203125 0.06953125
5 0.5640625 0.278125 0.0890625 0.07265625
5 0.5734375 0.34765625 0.08515625 0.06640625
5 0.475 0.3203125 0.0484375 0.05703125
5 0.46640625 0.40390625 0.09453125 0.06796875
5 0.35625 0.3859375 0.11796875 0.06171875
5 0.30625 0.33046875 0.0984375 0.06328125
5 0.20703125 0.3734375 0.11953125 0.0734375
5 0.1515625 0.44921875 0.11640625 0.0859375
5 0.25859375 0.46328125 0.1046875 0.0640625
5 0.28515625 0.5328125 0.121875 0.05546875
5 0.11328125 0.59296875 0.14609375 0.1
5 0.3140625 0.5921875 0.121875 0.07265625
5 0.4296875 0.5484375 0.1140625 0.08671875
5 0.384375 0.653125 0.10234375 0.1
5 0.4796875 0.6828125 0.09609375 0.06796875
5 0.3984375 0.4578125 0.1046875 0.07578125
5 0.49453125 0.4828125 0.09375 0.0828125
5 0.60859375 0.4265625 0.1046875 0.06875
5 0.69921875 0.384375 0.11953125 0.059375
5 0.7109375 0.28359375 0.121875 0.08359375
5 0.7578125 0.525 0.10546875 0.08203125
5 0.59609375 0.5453125 0.12109375 0.08359375
5 0.6234375 0.47734375 0.0828125 0.0703125
5 0.7328125 0.5984375 0.103125 0.0765625