6 0.821868034375 0.688927825 0.8539381546874999 0.56887023125 0.87135060625 0.43707380156250003 0.8622371890625 0.33955425625 0.8379151484375 0.2590029296875 0.7817481890625 0.139067934375 0.687883653125 0.035440684374999996 0.6620057640625 0.0174919765625 0.45313573281249997 0.007060559375 0.386739628125 0.060069221875 0.275415896875 0.2568446765625 0.22505661875 0.4066715453125 0.2218270859375 0.43462143124999997 0.213928596875 0.524901575 0.201711834375 0.718322840625 0.22217541875000002 0.8429765390625 0.23162840468749998 0.8581811953124999 0.3670819015625 0.9458411515625 0.4616429234375 0.9854835390625001 0.516122321875 0.99024986875 0.6480395859375 0.9390523937499999 0.7020321187499999 0.9045644156250001 0.7751402453125 0.7972465828125 0.821868034375 0.688927825
5 0.73984375 0.46171875 0.078125 0.125
5 0.715625 0.5828125 0.0796875 0.096875
5 0.6453125 0.58671875 0.075 0.090625
5 0.68125 0.490625 0.0609375 0.0546875
5 0.5984375 0.475 0.075 0.1015625
5 0.62578125 0.36640625 0.071875 0.1234375
5 0.6859375 0.321875 0.071875 0.1046875
5 0.6515625 0.21953125 0.0828125 0.1265625
5 0.58125 0.15703125 0.0953125 0.1234375
5 0.5578125 0.2625 0.0734375 0.109375
5 0.4859375 0.2828125 0.0671875 0.1265625
5 0.44140625 0.10703125 0.1125 0.153125
5 0.42421875 0.30703125 0.0828125 0.128125
5 0.4578125 0.42578125 0.096875 0.1234375
5 0.3578125 0.37109375 0.109375 0.1109375
5 0.31953125 0.4640625 0.0765625 0.103125
5 0.55078125 0.40234375 0.084375 0.109375
5 0.51796875 0.49609375 0.0921875 0.1
5 0.5640625 0.61484375 0.078125 0.1109375
5 0.59765625 0.70859375 0.0703125 0.125
5 0.696875 0.72890625 0.09375 0.128125
5 0.45234375 0.7546875 0.090625 0.1125
5 0.446875 0.59140625 0.0953125 0.1265625
5 0.51171875 0.625 0.078125 0.090625
5 0.38203125 0.7234375 0.0875 0.109375