6 0.09905408906249999 0.6653433468750001 0.1790209109375 0.7831909296874999 0.284152646875 0.8664019812499999 0.33148095624999996 0.8905454484374999 0.41028560000000003 0.913658496875 0.4943622703125 0.9201167703124999 0.5727475656250001 0.9156116421875 0.6970114046875 0.876155475 0.76603889375 0.8375380015625 0.8345511734375 0.7831823609375 0.914611003125 0.670639846875 0.941738034375 0.49232590312499996 0.9234792000000001 0.37704415468749997 0.8569426 0.2565948421875 0.8091949421875 0.20483319843749997 0.530829565625 0.10160035781250001 0.40847685624999996 0.103181884375 0.2463563234375 0.178296028125 0.19631408749999998 0.21192906250000002 0.128727390625 0.290856490625 0.0874498359375 0.39231281875 0.058357828125 0.49579408750000004 0.09905408906249999 0.6653433468750001
1 0.46015625 0.28515625 0.1359375 0.1328125
1 0.5625 0.2265625 0.1046875 0.0921875
1 0.56015625 0.325 0.1046875 0.1265625
1 0.78359375 0.4984375 0.0578125 0.0734375
1 0.734375 0.2578125 0.10625 0.0875
1 0.4859375 0.5484375 0.0921875 0.0953125
4 0.3 0.625 0.203125 0.0859375
4 0.51953125 0.709375 0.10625 0.0890625
4 0.27734375 0.3484375 0.10625 0.0703125
0 0.840625 0.375 0.1546875 0.1453125
0 0.81015625 0.26484375 0.096875 0.1109375
0 0.48046875 0.18046875 0.121875 0.11875