6 0.2724609375 0.859375 0.3466796875 0.89453125 0.4287109375 0.9140625 0.5068359375 0.921875 0.6357421875 0.90234375 0.7099609375 0.875 0.7861328125 0.83203125 0.8828125 0.7333984375 0.9375 0.5615234375 0.939453125 0.4501953125 0.890625 0.3154296875 0.8515625 0.2568359375 0.5927734375 0.111328125 0.4716796875 0.09375 0.2998046875 0.142578125 0.2451171875 0.16796875 0.166015625 0.2353515625 0.109375 0.3291015625 0.064453125 0.4267578125 0.078125 0.6005859375 0.138671875 0.7294921875 0.2294921875 0.828125 0.2724609375 0.859375
1 0.49453125 0.28125 0.11875 0.115625
1 0.6046875 0.23984375 0.09375 0.078125
1 0.58671875 0.33671875 0.0875 0.11328125
1 0.78046875 0.54296875 0.0484375 0.0671875
1 0.76953125 0.29765625 0.09609375 0.07421875
1 0.47890625 0.5453125 0.0796875 0.08359375
4 0.2828125 0.5921875 0.1953125 0.05703125
4 0.48671875 0.71015625 0.09453125 0.075
4 0.30390625 0.315625 0.09765625 0.0546875
0 0.85625 0.4296875 0.13671875 0.12578125
0 0.84296875 0.31640625 0.08203125 0.09765625
0 0.53046875 0.18125 0.1078125 0.103125