6 0.1495473046875 0.2591195296875 0.12216119375000001 0.3046483875 0.0936073140625 0.38164878125 0.08129988125 0.46507013906249994 0.080326153125 0.543578753125 0.11101799999999999 0.670292215625 0.1447262890625 0.7418453765625 0.194170346875 0.8139824203125 0.300854021875 0.901697796875 0.47684131562500004 0.9411973015624999 0.593115915625 0.9310245921875 0.717913178125 0.8730521906250001 0.7728794406249999 0.8290315546875 0.8952785984375 0.5585454203125 0.90223581875 0.436380434375 0.83861360625 0.269415121875 0.8085532703125 0.2171486640625 0.7345327140625 0.14422090468749998 0.6362029046875 0.095966665625 0.5350030671875 0.059727034375 0.36302799375 0.088497003125 0.239889278125 0.1600484 0.1495473046875 0.2591195296875
1 0.7171875 0.47578125 0.125 0.128125
1 0.76796875 0.58125 0.0859375 0.1
1 0.6703125 0.571875 0.121875 0.096875
1 0.48125 0.7828125 0.071875 0.0546875
1 0.725 0.75078125 0.08125 0.1015625
1 0.453125 0.4828125 0.090625 0.0875
4 0.3890625 0.29140625 0.0734375 0.2015625
4 0.28984375 0.50546875 0.0828125 0.1015625
4 0.66640625 0.28828125 0.0640625 0.103125
0 0.60078125 0.8484375 0.1359375 0.1484375
0 0.7125 0.82578125 0.1046875 0.090625
0 0.8203125 0.50234375 0.1125 0.115625