6 1 0.6357421875 0.9921875 0.6298828125 0.994140625 0.6044921875 0.98046875 0.5927734375 0.9921875 0.5888671875 0.986328125 0.5576171875 0.9765625 0.5537109375 0.982421875 0.5439453125 0.91796875 0.4189453125 0.8828125 0.3740234375 0.7939453125 0.291015625 0.822265625 0.2685546875 0.82421875 0.2412109375 0.7294921875 0.13671875 0.5751953125 0.05859375 0.5244140625 0.05859375 0.4755859375 0.068359375 0.2939453125 0.0625 0.2431640625 0.06640625 0.232421875 0.0732421875 0.244140625 0.1259765625 0.236328125 0.2099609375 0.216796875 0.2685546875 0.154296875 0.5615234375 0.1328125 0.6142578125 0.1328125 0.6435546875 0.115234375 0.7177734375 0.068359375 0.8818359375 0.0625 0.9345703125 0.0791015625 0.94140625 0.0908203125 0.94140625 0.1181640625 0.921875 0.6396484375 0.9296875 0.6728515625 0.921875 0.8154296875 0.919921875 0.9052734375 0.9375 1 0.9423828125 1 0.6357421875
5 0.62578125 0.2640625 0.12421875 0.1171875
5 0.5546875 0.18984375 0.1109375 0.109375
5 0.446875 0.23984375 0.13046875 0.11328125
5 0.396875 0.171875 0.12265625 0.10234375
5 0.3 0.246875 0.1171875 0.10859375
5 0.28203125 0.371875 0.10859375 0.12421875
5 0.3984375 0.37109375 0.11875 0.12734375
5 0.48125 0.4046875 0.11875 0.121875
5 0.5546875 0.33515625 0.121875 0.11640625
5 0.38828125 0.503125 0.11484375 0.12421875
5 0.1921875 0.6234375 0.1203125 0.1265625
5 0.29375 0.63359375 0.11875 0.11953125
5 0.24609375 0.53828125 0.125 0.121875
5 0.1625 0.778125 0.14140625 0.13828125