6 0.42147007812500004 0.9731009296875 0.4309156640625 0.97946336875 0.559117571875 0.92164056875 0.6058178187500001 0.8888835281249999 0.693362821875 0.8044824234375 0.71431080625 0.8339394390624999 0.7415148640625 0.8373209484374999 0.8508214531249999 0.748192903125 0.9369146609375001 0.5981962328125 0.9395723453124999 0.547484578125 0.9323755703125001 0.4982122765625 0.9477332515624999 0.3171272390625 0.9464900406250001 0.266211146875 0.9402256734375 0.255125915625 0.8869502578124999 0.2640687015625 0.8034898546875 0.2518715046875 0.7459985921875 0.2293004625 0.45670234374999996 0.1515533171875 0.40516464374999994 0.12733848125 0.37590791874999996 0.1258052015625 0.3027108515625 0.10436685781249999 0.14132644218749998 0.048969729687500005 0.08897099375 0.04035848125 0.082100075 0.0548415578125 0.08134000625 0.069344534375 0.098735675 0.0966106796875 0.0636414984375 0.616971503125 0.06970557499999999 0.650538 0.06419406093749999 0.7930229453125001 0.0419379671875 0.8818235984375 0.0355460453125 0.9431453765625 0.0338108828125 0.9762542359375 0.338324625 0.9922131249999999 0.3445848453125 0.9847179890625 0.3698384546875 0.9879972796875001 0.382256675 0.9749574531249999 0.385544259375 0.9868645796875001 0.41705808906249997 0.9826487343749999 0.42147007812500004 0.9731009296875
5 0.72890625 0.63828125 0.121875 0.1296875
5 0.80703125 0.57109375 0.115625 0.115625
5 0.7625 0.4609375 0.1203125 0.1375
5 0.8328125 0.4140625 0.109375 0.1265625
5 0.76328125 0.31328125 0.115625 0.125
5 0.6390625 0.2890625 0.13125 0.1140625
5 0.634375 0.40546875 0.1328125 0.125
5 0.59609375 0.4859375 0.128125 0.125
5 0.66171875 0.56328125 0.1234375 0.128125
5 0.50234375 0.38828125 0.13125 0.1203125
5 0.39296875 0.1859375 0.134375 0.128125
5 0.37734375 0.28671875 0.1265625 0.125
5 0.475 0.24453125 0.128125 0.13125
5 0.23984375 0.1484375 0.1453125 0.146875