6 0.9319645875000001 1 0.932410309375 0.9744645671875001 0.9303115484375001 0.9128462875000001 0.9143040906250001 0.822709440625 0.91874525 0.6801871187499999 0.927136034375 0.647125396875 0.9284258812499999 0.1255841 0.9476811656249999 0.0995978328125 0.947934625 0.08507716562499999 0.9420907328125001 0.0701500796875 0.8892621296875 0.0750882203125 0.724406534375 0.11909279531250001 0.6498923078125001 0.135372946875 0.6205998953125 0.1348616453125 0.5674985984375 0.1554224078125 0.27348369375 0.212799878125 0.21455799999999997 0.2313055515625 0.13045006875 0.2376511328125 0.077928246875 0.225013825 0.0709058734375 0.23563507343749998 0.0661139625 0.286340415625 0.0688023796875 0.4680556359375 0.0581860734375 0.516705890625 0.057299818749999995 0.56747940625 0.1327200671875 0.72311625 0.235543134375 0.8196520265625 0.26291680624999997 0.8181764125000001 0.28586858125000003 0.7902524109375 0.3673128046875 0.8805547499999999 0.4116142765625 0.9164896390624999 0.5354703765625 0.9831144984375 0.5453367734375 0.97742645 0.5490719953125 0.9872587609375 0.580214975 0.99366263125 0.5843251515625 0.9820138406250001 0.595803509375 0.995888153125 0.621224353125 0.994378453125 0.625289175 1 0.9319645875000001 1
5 0.26171875 0.621875 0.1171875 0.125
5 0.1890625 0.54921875 0.1109375 0.1109375
5 0.240625 0.4421875 0.115625 0.1328125
5 0.1734375 0.39140625 0.1046875 0.1234375
5 0.25078125 0.2953125 0.1109375 0.1203125
5 0.37578125 0.2796875 0.1265625 0.109375
5 0.37265625 0.39609375 0.128125 0.1203125
5 0.4046875 0.4796875 0.1234375 0.1203125
5 0.334375 0.5515625 0.11875 0.1234375
5 0.5046875 0.38828125 0.1265625 0.115625
5 0.62890625 0.19453125 0.1296875 0.1234375
5 0.6375 0.29609375 0.121875 0.1203125
5 0.54296875 0.246875 0.1234375 0.1265625
5 0.78359375 0.1671875 0.140625 0.14375