6 0.8894324859375 0.29296875 0.9001956953124999 0.2822265625 0.808219178125 0.1513671875 0.648727984375 0 0.4941291578125 0.00390625 0.37475538125 0.0703125 0.22015655625 0.173828125 0.2035225046875 0.1962890625 0.20156555781250002 0.2158203125 0.2514677109375 0.244140625 0.7700587078125001 0.296875 0.8894324859375 0.29296875
6 0.517612525 1 0.545009784375 0.96484375 0.57338551875 0.9462890625 0.6477495109375 0.8271484375 0.6976516640625 0.779296875 0.72015655625 0.7705078125 0.7318982390625 0.7314453125 0.7749510765625 0.6904296875 0.782778865625 0.6416015625 0.8277886499999999 0.5888671875 0.8375733859375 0.5634765625 0.8845401171875 0.5048828125 0.89236790625 0.4794921875 0.9197651656250001 0.4736328125 0.91780821875 0.4541015625 0.933463796875 0.4169921875 0.9129158515625001 0.408203125 0.8405088062500001 0.404296875 0.8033268109374999 0.39453125 0.77201565625 0.3984375 0.71135029375 0.373046875 0.623287671875 0.3828125 0.4393346375 0.376953125 0.390410959375 0.361328125 0.2925636015625 0.35546875 0.239726028125 0.32421875 0.1908023484375 0.31640625 0.1555773 0.33203125 0.100782778125 0.3359375 0.0782778859375 0.3701171875 0.050880626562499996 0.4501953125 0.06262230937499999 0.4912109375 0.0724070453125 0.5869140625 0.109589040625 0.6923828125 0.1624266140625 0.7724609375 0.20547945156249997 0.8681640625 0.281800390625 0.9716796875 0.310176125 1 0.517612525 1
5 0.60703125 0.075 0.11875 0.08046875
5 0.7625 0.15078125 0.12734375 0.06484375
5 0.571875 0.16796875 0.134375 0.07578125
5 0.40078125 0.14375 0.1375 0.07265625
5 0.8203125 0.471875 0.10859375 0.07734375
5 0.6296875 0.5484375 0.16484375 0.10859375
5 0.5703125 0.44296875 0.146875 0.0984375
5 0.3765625 0.409375 0.15859375 0.0984375
5 0.3421875 0.52421875 0.175 0.10703125
5 0.496875 0.653125 0.2015625 0.13125