6 0.5174335828125 1 0.574707484375 0.9904696953125001 0.6836775609375 0.9080960875 0.82236525 0.7840718718749999 0.8357114609374999 0.759514509375 0.8349311390624999 0.7399009828125 0.7815732046874999 0.71880131875 0.2606898921875 0.7387540671874999 0.14302149687500001 0.759235921875 0.1341528765625 0.7709810734375 0.1342695453125 0.7718112078125 0.243151571875 0.88815671875 0.3999328953125 1 0.5174335828125 1
6 0.47626361875 0 0.41219358437500003 0.009004456249999999 0.3910676484375 0.0457001765625 0.365550378125 0.0680234296875 0.3084912609375 0.196354053125 0.265734403125 0.250684965625 0.24467172812500002 0.26252056874999996 0.23848076406250002 0.3028370421875 0.2015551859375 0.349445303125 0.20059913749999997 0.39888765312499996 0.1633665921875 0.45737297187500003 0.15721077187500002 0.48387826875 0.1188557921875 0.5484382953125 0.11463787343750001 0.5746712375 0.088322709375 0.5842865515625 0.0929788375 0.6033553703125001 0.084893734375 0.6337975499999999 0.08622260000000001 0.6432529234375 0.10421141874999999 0.648126240625 0.1764574484375 0.6419173625 0.2146367046875 0.646413215625 0.245099496875 0.6381873109375 0.30870815937499996 0.6548878484375 0.39455465 0.6329613140625 0.5775329328125001 0.6131623515625 0.62815506875 0.6218264312499999 0.7258656515624999 0.6140110625 0.782538171875 0.6376033703124999 0.8320730203125001 0.6385309796875 0.8647806812500001 0.6181556625 0.9184983015625001 0.606661503125 0.9360272843749999 0.569682375 0.95201319375 0.486570603125 0.934677509375 0.447588265625 0.9116686968750001 0.3541782890625 0.860170140625 0.2549106875 0.7967020578125 0.1829654453125 0.7407489078125 0.09418549375 0.650764128125 0.0022990984375 0.6477069078125 0 0.47626361875 0
5 0.453125 0.9359375 0.128125 0.096875
5 0.28828125 0.88203125 0.1359375 0.08125
5 0.475 0.8390625 0.14375 0.09375
5 0.64765625 0.8390625 0.146875 0.090625
5 0.18671875 0.57265625 0.11875 0.0921875
5 0.36484375 0.4703125 0.1796875 0.13125
5 0.43828125 0.56640625 0.159375 0.1171875
5 0.63515625 0.57265625 0.171875 0.121875
5 0.653125 0.45390625 0.1890625 0.13125
5 0.48203125 0.34765625 0.215625 0.1578125