6 0.6368660578124999 1 0.7960148109375 0.8591823843749999 0.892138953125 0.73209295625 0.8921682093750001 0.731255171875 0.8821204703125 0.7205013859375 0.7629557375 0.7124314296875001 0.2428402484375 0.7470351156249999 0.1919801296875 0.7735966171875 0.1932542546875 0.793184265625 0.20909429687499997 0.8162120406250001 0.3599863015625 0.925060028125 0.47696981406249994 0.995591909375 0.550144153125 1 0.6368660578124999 1
6 0.3203704515625 0 0.2980378640625 0.0207846984375 0.21815077343749997 0.1215737015625 0.171784171875 0.21571600468750002 0.11618409999999998 0.29390134375 0.0753439484375 0.3980082125 0.06222518125 0.49331155468750004 0.0490592265625 0.533892415625 0.07364511093750001 0.614877909375 0.0949434390625 0.649822184375 0.14956825625 0.65563835625 0.1842265421875 0.672483175 0.2333930703125 0.6663828453125 0.287289065625 0.6369958875 0.38528130781250003 0.6345549046875 0.43472048750000003 0.620646834375 0.6187659515624999 0.6212108984375 0.7064341125 0.6340439156250001 0.7679486390625 0.6107859484375 0.79910439375 0.6157825625 0.83660455625 0.60732051875 0.90910381875 0.6059436171875 0.9264846921875 0.5992166531249999 0.9268179218749999 0.5896741734375001 0.9155950359375 0.56024388125 0.9182324234375001 0.5407928265625 0.8910563421875001 0.5339808703125 0.884119440625 0.5083325265624999 0.8392262125000001 0.4481353546875 0.8303335578125 0.42241871406250003 0.7871915953124999 0.3681456453125 0.7810726515625 0.319074078125 0.739477465625 0.2765809171875 0.729106196875 0.237132434375 0.7069217484375 0.227563315625 0.6587199890625001 0.17799934374999998 0.5885592453124999 0.0563360296875 0.5608483468750001 0.036802346875 0.53600239375 0.0025159109375 0.463956128125 0 0.3203704515625 0
5 0.5921875 0.928125 0.121875 0.0859375
5 0.75 0.8578125 0.1296875 0.06875
5 0.56015625 0.834375 0.1375 0.08125
5 0.38828125 0.85234375 0.140625 0.0765625
5 0.81875 0.5390625 0.1125 0.08125
5 0.63125 0.45625 0.16875 0.115625
5 0.56796875 0.559375 0.15 0.103125
5 0.3734375 0.5859375 0.1625 0.10625
5 0.34296875 0.4703125 0.178125 0.1140625
5 0.50234375 0.346875 0.2046875 0.1375