6 0.5 0.5 1 1
5 0.5 0.23125 0.15234375 0.11328125
5 0.275 0.59140625 0.20078125 0.15625
5 0.6296875 0.85546875 0.1546875 0.159375
5 0.72578125 0.6296875 0.19375 0.15234375
5 0.79296875 0.309375 0.146875 0.15625
5 0.83203125 0.103125 0.184375 0.12578125
5 0.625 0.09921875 0.20078125 0.1171875
5 0.309375 0.1140625 0.09453125 0.090625
5 0.85625 0.48203125 0.14296875 0.11328125
5 0.19921875 0.88515625 0.20078125 0.146875
1 0.6046875 0.4328125 0.13046875 0.06015625
1 0.203125 0.221875 0.12265625 0.06171875
1 0.328125 0.190625 0.1171875 0.09609375
1 0.02890625 0.115625 0.0578125 0.09453125
1 0.19453125 0.0265625 0.09140625 0.053125
1 0.93671875 0.1375 0.0796875 0.0515625
1 0.92265625 0.36953125 0.09296875 0.0640625
1 0.95078125 0.56875 0.0859375 0.065625
1 0.64375 0.95859375 0.190625 0.0828125
1 0.80859375 0.92109375 0.109375 0.1140625
1 0.89453125 0.95625 0.0703125 0.0875
1 0.7953125 0.74296875 0.11328125 0.0765625
1 0.58515625 0.7484375 0.0875 0.0546875
1 0.4328125 0.6109375 0.07265625 0.05546875
1 0.359375 0.5765625 0.11875 0.05546875
1 0.14453125 0.62265625 0.0984375 0.08515625
1 0.0328125 0.6703125 0.06484375 0.0796875
1 0.02109375 0.5984375 0.04140625 0.0640625
1 0.02734375 0.3734375 0.05390625 0.0765625
1 0.23515625 0.18203125 0.09453125 0.08203125
4 0.10859375 0.2796875 0.165625 0.17421875
4 0.15 0.48671875 0.146875 0.13671875
4 0.115625 0.7296875 0.23125 0.215625
4 0.47890625 0.7 0.24765625 0.09375
4 0.6609375 0.62734375 0.08359375 0.0765625
4 0.85390625 0.5890625 0.115625 0.140625
4 0.93359375 0.85234375 0.1328125 0.228125
4 0.9421875 0.50234375 0.115625 0.1171875
4 0.5609375 0.371875 0.165625 0.12421875
4 0.42890625 0.3484375 0.2140625 0.11015625
4 0.59765625 0.2375 0.1359375 0.1453125
4 0.82890625 0.159375 0.16171875 0.103125
4 0.1546875 0.0828125 0.0859375 0.1296875