6 0.5 0.5 1 1
5 0.5375 0.76640625 0.1671875 0.1328125
5 0.71015625 0.378125 0.2203125 0.1828125
5 0.321875 0.16640625 0.1734375 0.1796875
5 0.25859375 0.403125 0.2125 0.178125
5 0.23671875 0.7296875 0.1671875 0.175
5 0.2265625 0.93203125 0.2 0.1359375
5 0.43203125 0.9140625 0.2140625 0.14375
5 0.7421875 0.85546875 0.1046875 0.103125
5 0.15 0.5671875 0.1578125 0.1328125
5 0.74453125 0.08125 0.2203125 0.1625
1 0.40546875 0.58125 0.1375 0.0765625
1 0.8328125 0.734375 0.1296875 0.078125
1 0.71328125 0.7828125 0.13125 0.1125
1 0.9921875 0.81484375 0.015625 0.1015625
1 0.86875 0.9265625 0.0984375 0.065625
1 0.11796875 0.91953125 0.0859375 0.0609375
1 0.1 0.68828125 0.1 0.0765625
1 0.0453125 0.49453125 0.090625 0.0765625
1 0.29375 0.065625 0.2 0.1078125
1 0.1359375 0.12578125 0.1234375 0.128125
1 0.04609375 0.103125 0.08125 0.096875
1 0.1734375 0.30078125 0.121875 0.0921875
1 0.38125 0.265625 0.09375 0.0640625
1 0.55078125 0.38046875 0.0796875 0.065625
1 0.62890625 0.4046875 0.125 0.071875
1 0.83515625 0.32890625 0.109375 0.0984375
1 0.9390625 0.26640625 0.0765625 0.0859375
1 0.96015625 0.3359375 0.0515625 0.0703125
1 0.9765625 0.559375 0.046875 0.084375
1 0.80625 0.778125 0.10625 0.0953125
4 0.91171875 0.6640625 0.1765625 0.196875
4 0.8484375 0.4640625 0.1640625 0.1546875
4 0.8484375 0.21875 0.259375 0.2453125
4 0.49296875 0.29921875 0.259375 0.128125
4 0.32265625 0.39609375 0.09375 0.0875
4 0.1375 0.4609375 0.134375 0.1546875
4 0.0515625 0.2109375 0.103125 0.24375
4 0.06328125 0.55859375 0.1265625 0.1328125
4 0.4578125 0.63515625 0.18125 0.146875
4 0.59140625 0.63984375 0.2265625 0.1375
4 0.43984375 0.7734375 0.1546875 0.1609375
4 0.221875 0.8828125 0.1734375 0.125
4 0.9 0.86484375 0.1015625 0.1390625