6 0.7529296875 0.6302083328125 0.8974609375 0.53125 0.9453125 0.47265625 0.3505859375 0.2760416671875 0.1943359375 0.234375 0.1533203125 0.234375 0.1171875 0.31640625 0.080078125 0.4440104171875 0.060546875 0.55859375 0.0390625 0.8033854171874999 0.046875 0.9908854171874999 0.1240234375 0.9791666671874999 0.4072265625 0.8359375 0.7529296875 0.6302083328125
1 0.68828125 0.56640625 0.14140625 0.1375
1 0.5046875 0.56171875 0.121875 0.14609375
1 0.528125 0.44765625 0.10546875 0.08515625
1 0.57109375 0.36640625 0.071875 0.06796875
1 0.41796875 0.43671875 0.0953125 0.13046875
1 0.3484375 0.53203125 0.13671875 0.10703125
1 0.28125 0.634375 0.125 0.1171875
1 0.3640625 0.665625 0.06640625 0.0984375
1 0.32265625 0.740625 0.09453125 0.09296875
1 0.465625 0.6640625 0.13203125 0.06640625
1 0.25078125 0.540625 0.10625 0.08828125