6 0.213595959375 0.7861051609375 0.366558821875 0.73364054375 0.9461215203125001 0.496018875 0.894299228125 0.44090581249999994 0.743217065625 0.352270528125 0.3840051140625 0.1711575375 0.091500696875 0.048032521875 0.01674743125 0.0419692546875 0.013735576562499999 0.0421798640625 0.0190086 0.2293121515625 0.05751644375 0.47200884531250004 0.0849930453125 0.584950628125 0.130913240625 0.7096553375 0.17268024531249998 0.7889662671875 0.213595959375 0.7861051609375
1 0.6828125 0.4203125 0.1515625 0.146875
1 0.5 0.43828125 0.13125 0.153125
1 0.53203125 0.55 0.1125 0.09375
1 0.58046875 0.628125 0.0765625 0.071875
1 0.42265625 0.56875 0.1046875 0.1359375
1 0.346875 0.47890625 0.1453125 0.1171875
1 0.27265625 0.38125 0.1328125 0.1265625
1 0.353125 0.34453125 0.071875 0.1046875
1 0.30625 0.27265625 0.1015625 0.1
1 0.45390625 0.3390625 0.1359375 0.075
1 0.2484375 0.4765625 0.1125 0.0953125