6 0.9097623234375 0 0.75373659375 0.009854735937500001 0.51253165 0.0568091140625 0.40061758750000004 0.088210590625 0.2775914359375 0.13845494375 0.19978646875 0.1829644171875 0.20407376875 0.22375535468750002 0.2618447546875 0.37479404843749997 0.5195481156249999 0.9457108156249999 0.5728190328125 0.891996675 0.6561276328125001 0.7379132203125 0.8245939765625 0.3725993390625 0.9374357328125 0.0759761046875 0.940886453125 0.0010567734375 0.9407753812499999 0 0.9097623234375 0
1 0.5859375 0.68046875 0.1515625 0.15625
1 0.56171875 0.4984375 0.1578125 0.1359375
1 0.45078125 0.53359375 0.096875 0.1140625
1 0.37421875 0.584375 0.075 0.078125
1 0.428125 0.425 0.1390625 0.1078125
1 0.515625 0.34609375 0.121875 0.1484375
1 0.6109375 0.26875 0.13125 0.1375
1 0.65078125 0.34765625 0.10625 0.075
1 0.72109375 0.2984375 0.103125 0.1046875
1 0.659375 0.4484375 0.0796875 0.1375
1 0.5140625 0.24765625 0.0984375 0.1140625