6 0.46503659375 0 0.2975257734375 0.0235421109375 0 0.06535663124999999 0 0.5328583359375 0.0656524796875 1 0.534963403125 1 0.70816605625 0.9756579546875 0.764647459375 0.7951420578125 0.8049502171875 0.562661134375 0.8213221796875001 0.286207796875 0.8078444640625 0.09698420937499999 0.8038513921874999 0.0685720265625 0.7916490046875 0 0.46503659375 0
8 0.57265625 0.55703125 0.3796875 0.4796875
8 0.3609375 0.13671875 0.1671875 0.2578125
8 0.309375 0.44375 0.1484375 0.2140625
8 0.19140625 0.23359375 0.11875 0.1359375
8 0.08203125 0.20703125 0.1640625 0.2359375
8 0.14921875 0.72421875 0.1734375 0.1765625
8 0.23984375 0.95390625 0.1203125 0.0921875
8 0.5765625 0.12734375 0.1390625 0.1546875
2 0.4609375 0.20078125 0.290625 0.4015625
2 0.41015625 0.7640625 0.2875 0.309375
2 0.2734375 0.6203125 0.3296875 0.159375
2 0.06953125 0.41171875 0.1390625 0.3328125
2 0.14765625 0.94375 0.1640625 0.1125