6 0 0 0 0.6396484375 0.1708984375 0.720703125 0.3955078125 0.79296875 0.6669921875 0.84765625 0.8662109375 0.861328125 1 0.8564453125 1 0.6806640625 1 0.3655133921875 1 0 0 0
8 0.43359375 0.5640625 0.43828125 0.321875
8 0.87890625 0.4125 0.2421875 0.13515625
8 0.58203125 0.31875 0.1984375 0.12109375
8 0.80703125 0.23125 0.12421875 0.103125
8 0.85 0.11328125 0.21640625 0.16484375
8 0.3265625 0.12109375 0.15625 0.153125
8 0.0625 0.17578125 0.125 0.10546875
8 0.85859375 0.62734375 0.13828125 0.12109375
2 0.8078125 0.50390625 0.384375 0.23828125
2 0.25078125 0.37421875 0.27734375 0.25234375
2 0.4125 0.25859375 0.115625 0.31640625
2 0.64921875 0.0671875 0.31640625 0.13359375
2 0.09296875 0.08671875 0.1265625 0.14765625