6 0.4737961109375 0 0 0.049797978124999996 0 0.5234011234375 0.050092560937499996 1 0.52620389375 1 0.7322299609375 0.9783457875 0.9070482625 0.95997164375 0.8991975796875 0.8451044140624999 0.8961985109375 0.8165701828125 0.8634985531250001 0.6297067890625 0.7807327921875 0.365426034375 0.6853849734375 0.1496009078125 0.5941602078125 0 0.4737961109375 0
8 0.55703125 0.42734375 0.365625 0.4703125
8 0.4515625 0.87890625 0.159375 0.2421875
8 0.328125 0.60078125 0.1421875 0.209375
8 0.26484375 0.83359375 0.115625 0.1328125
8 0.15234375 0.8859375 0.1859375 0.228125
8 0.1046875 0.3671875 0.16875 0.171875
8 0.13203125 0.0984375 0.1171875 0.1359375
8 0.6640625 0.84296875 0.134375 0.1515625
2 0.5359375 0.80078125 0.278125 0.3984375
2 0.34921875 0.265625 0.2796875 0.3015625
2 0.25078125 0.43828125 0.328125 0.1484375
2 0.08515625 0.69375 0.1671875 0.3296875
2 0.06328125 0.1375 0.1265625 0.140625