6 0.1748046875 0.8723958328125001 0.2861328125 0.9348958328125001 0.3837890625 0.9739583328125001 0.7177734375 0.9947916671874999 0.732421875 0.9856770828125001 0.921875 0.6236979171875 0.93359375 0.5794270828125 0.9375 0.4596354171875 0.919921875 0.3736979171875 0.888671875 0.2955729171875 0.8642578125 0.2526041671875 0.8037109375 0.1875 0.6630859375 0.09635416718749999 0.5068359375 0.0546875 0.4404296875 0.05208333281250001 0.2880859375 0.1171875 0.2060546875 0.1770833328125 0.080078125 0.3450520828125 0.033203125 0.4361979171875 0.021484375 0.50390625 0.017578125 0.5924479171875 0.080078125 0.76953125 0.1259765625 0.8307291671874999 0.1748046875 0.8723958328125001
5 0.5 0.72265625 0.175 0.20390625
1 0.6703125 0.28671875 0.0921875 0.09296875
1 0.52578125 0.59453125 0.0703125 0.0953125
1 0.684375 0.6046875 0.05859375 0.06953125
1 0.71171875 0.40546875 0.071875 0.07109375
1 0.5953125 0.4203125 0.06328125 0.0765625
1 0.6359375 0.3609375 0.08046875 0.07109375
1 0.303125 0.30625 0.08359375 0.1515625
1 0.35234375 0.390625 0.07265625 0.040625
1 0.36640625 0.4671875 0.06875 0.07265625
1 0.44765625 0.528125 0.07734375 0.0984375
1 0.459375 0.6375 0.05859375 0.09140625