6 0.610256346875 0.06666763906249999 0.514710046875 0.029576759375 0.4461476859375 0.0249996546875 0.35768274375 0.030369928125 0.188102521875 0.11103779531249999 0.1320375453125 0.16308172031249998 0.0957030640625 0.21599771250000002 0.045182403125 0.3332489984375 0.0165417484375 0.4344534203125 0.030733415625 0.7687858703125 0.0413292484375 0.7824013296875 0.42112869843749995 0.9329794843749999 0.4663819546875 0.940006475 0.5709827359374999 0.9324492859375001 0.588248740625 0.93063455625 0.6695550140625001 0.9049049421875001 0.7439855234375 0.865659846875 0.784166921875 0.8368880703125001 0.84258556875 0.7698676390625 0.9185327796875 0.6204856640624999 0.9436386203125 0.4607362640625 0.939287178125 0.3944215859375 0.8586154015625 0.24971762968750003 0.7904730828125001 0.17439657343749998 0.610256346875 0.06666763906249999
5 0.27890625 0.5234375 0.221875 0.1953125
1 0.7296875 0.646875 0.1015625 0.1
1 0.40859375 0.53515625 0.1015625 0.0796875
1 0.41484375 0.69453125 0.075 0.065625
1 0.61640625 0.70078125 0.078125 0.078125
1 0.5890625 0.58671875 0.084375 0.0703125
1 0.65234375 0.6203125 0.0796875 0.0890625
1 0.671875 0.28359375 0.1578125 0.1
1 0.59296875 0.34140625 0.0484375 0.0765625
1 0.51875 0.3640625 0.078125 0.0765625
1 0.46640625 0.45078125 0.1078125 0.0859375
1 0.359375 0.47421875 0.096875 0.06875