6 0.061446428124999994 0.7057564281250001 0.121993965625 0.8181583734375 0.16280211718749998 0.8677062453125 0.22318967500000003 0.91466574375 0.3991552625 0.9802467546875 0.48775161718750004 0.9778863640625 0.5556541578124999 0.967351071875 0.6476041921875 0.9220739265625 0.8177459546874999 0.799048009375 0.8790643078124999 0.7180745796875 0.9468173234374999 0.56689025625 0.9453725015625001 0.500448671875 0.90643911875 0.3434952859375 0.8177614125 0.2013009890625 0.75372385 0.1396271109375 0.711187728125 0.11446685937500001 0.633620015625 0.08185814999999999 0.5503806531250001 0.0633127546875 0.5330221859375001 0.0630097609375 0.42816079062499995 0.06459788749999999 0.383692178125 0.07554222031249999 0.01846173125 0.2586490828125 0.009092884375 0.27313621875 0.0240942140625 0.6074333171874999 0.061446428124999994 0.7057564281250001
5 0.27734375 0.49609375 0.2078125 0.178125
1 0.71640625 0.33359375 0.09375 0.0921875
1 0.40625 0.47265625 0.096875 0.071875
1 0.3984375 0.3140625 0.0703125 0.0609375
1 0.5984375 0.28984375 0.071875 0.0734375
1 0.58125 0.40625 0.0796875 0.0640625
1 0.64140625 0.36640625 0.0734375 0.0828125
1 0.690625 0.7 0.1515625 0.0875
1 0.60703125 0.64921875 0.0421875 0.0734375
1 0.53046875 0.634375 0.0734375 0.0703125
1 0.47109375 0.5515625 0.1015625 0.078125
1 0.36171875 0.53828125 0.0921875 0.0609375