6 0.47379610625 0 0.3998226046875 0.0077749281249999995 0.34509051562500004 0.0351302203125 0.30122255781249996 0.10356713749999999 0.228681875 0.26044660625 0.2147639984375 0.3522480671875 0.2656343203125 0.612025634375 0.3204712328125 0.784975428125 0.3772973046875 0.8771969359374999 0.4703819875 0.965607509375 0.5248814671875001 1 0.5262038953125 1 0.6934138234375 0.9824255281250001 0.7648461171875 0.9395677906250001 0.8212552640625 0.865884975 0.8478426156250001 0.819885096875 0.8618246359375 0.7536073765625 0.8561958390625 0.5754856015625001 0.8094845312500001 0.3054514875 0.733175928125 0.152433409375 0.65304075 0.0626617890625 0.5695688203125 0 0.47379610625 0
1 0.49609375 0.68203125 0.1265625 0.146875
1 0.528125 0.32265625 0.2015625 0.2234375
1 0.4265625 0.46484375 0.0765625 0.1421875
1 0.38671875 0.55703125 0.109375 0.071875
1 0.43125 0.81015625 0.1078125 0.096875
4 0.68515625 0.6671875 0.1546875 0.1546875
4 0.5921875 0.5828125 0.075 0.096875
4 0.54296875 0.46015625 0.0859375 0.0875
4 0.42578125 0.284375 0.0890625 0.1203125
4 0.58359375 0.784375 0.0765625 0.1171875