6 1 0.4737961171875 0.9856920421875 0.3376649859375 0.8959623609375 0.25937583124999997 0.791491425 0.19965636874999998 0.6259517078125 0.1568295375 0.3521066609375 0.16728223281250001 0.17670698125 0.1988100390625 0.11478461250000001 0.22626643125 0.0753177640625 0.2618366984375 0.014973215625 0.3323326875 0 0.37590998125 0 0.526203884375 0.005597253125 0.5794581890625 0.050725062499999994 0.6257760328125 0.156557046875 0.698445 0.258578096875 0.73485535625 0.43914975937499995 0.752535665625 0.703827096875 0.7482835578125 0.7907287875 0.715583221875 0.9290980078125 0.61201065 0.9869187531250001 0.554872478125 1 0.5044943875000001 1 0.4737961171875
1 0.32265625 0.54140625 0.146875 0.1265625
1 0.66796875 0.43515625 0.2234375 0.2015625
1 0.55 0.56484375 0.1421875 0.0765625
1 0.46796875 0.62265625 0.071875 0.109375
1 0.2109375 0.63203125 0.096875 0.1078125
4 0.29765625 0.35390625 0.1546875 0.1546875
4 0.4 0.42734375 0.096875 0.075
4 0.5296875 0.45 0.0875 0.0859375
4 0.72578125 0.528125 0.1203125 0.0890625
4 0.2046875 0.47734375 0.1171875 0.0765625