6 1 0.47265625 0.9599609375 0.421875 0.8623046875 0.3385416671875 0.7646484375 0.2916666671875 0.5869140625 0.2552083328125 0.3232421875 0.23177083281250002 0.2333984375 0.2552083328125 0.0849609375 0.34375 0.021484375 0.39453125 0 0.4518229171875 0 0.6106770828125 0.0810546875 0.6979166671875 0.1787109375 0.7682291671875 0.3388671875 0.828125 0.6123046875 0.8463541671874999 0.7900390625 0.8333333328125001 0.8544921875 0.8125 0.8974609375 0.78125 0.96484375 0.7174479171875 1 0.6419270828125 1 0.47265625
1 0.68046875 0.47734375 0.13671875 0.1125
1 0.3265625 0.546875 0.20625 0.1796875
1 0.45703125 0.43046875 0.1359375 0.0625
1 0.54453125 0.38125 0.0609375 0.10234375
1 0.8015625 0.39921875 0.08671875 0.0984375
4 0.6859375 0.66640625 0.13984375 0.140625
4 0.5921875 0.5828125 0.0890625 0.06640625
4 0.46484375 0.546875 0.07890625 0.078125
4 0.278125 0.4484375 0.1140625 0.078125
4 0.79140625 0.553125 0.11171875 0.06484375