6 0.5 0.5 1 1
3 0.1140625 0.49609375 0.221875 0.3046875
3 0.1078125 0.7796875 0.215625 0.325
3 0.14296875 0.10390625 0.2078125 0.2078125
3 0.4015625 0.1078125 0.234375 0.215625
3 0.30234375 0.45390625 0.309375 0.3234375
3 0.7453125 0.80859375 0.3625 0.3828125
2 0.66484375 0.65 0.303125 0.2828125
2 0.37109375 0.24375 0.1609375 0.153125
2 0.2328125 0.353125 0.178125 0.15625
2 0.05234375 0.36328125 0.1046875 0.2265625
2 0.26875 0.64140625 0.1734375 0.196875
2 0.33359375 0.93671875 0.225 0.11875
2 0.64765625 0.32265625 0.159375 0.184375
2 0.27734375 0.0390625 0.1640625 0.078125
2 0.9640625 0.28671875 0.071875 0.1734375