6 0.5 0.5 1 1
3 0.55 0.1171875 0.28203125 0.184375
3 0.8359375 0.1265625 0.2984375 0.225
3 0.12578125 0.0875 0.2515625 0.175
3 0.11015625 0.346875 0.2203125 0.2046875
3 0.48203125 0.29765625 0.2890625 0.271875
3 0.78984375 0.78828125 0.3796875 0.3125
2 0.62578125 0.684375 0.246875 0.271875
2 0.2640625 0.33671875 0.1328125 0.14375
2 0.39140625 0.21484375 0.13515625 0.16171875
2 0.4265625 0.0375 0.21796875 0.075
2 0.671875 0.290625 0.17734375 0.14921875
2 0.95546875 0.39609375 0.0890625 0.21484375
2 0.30390625 0.621875 0.1671875 0.13671875
2 0.0515625 0.21328125 0.103125 0.15078125
2 0.221875 0.95234375 0.1625 0.0953125