6 0.5 0.5 1 1
3 0.12578125 0.59609375 0.2171875 0.3015625
3 0.1703125 0.85859375 0.259375 0.2828125
3 0.0734375 0.17890625 0.146875 0.2703125
3 0.30078125 0.13203125 0.23125 0.24375
3 0.296875 0.50703125 0.3046875 0.3203125
3 0.82109375 0.75234375 0.35625 0.415625
2 0.6984375 0.60234375 0.3 0.278125
2 0.309375 0.2859375 0.159375 0.1515625
2 0.20390625 0.42734375 0.1765625 0.1546875
2 0.04140625 0.48359375 0.0828125 0.2265625
2 0.31328125 0.69609375 0.1703125 0.1953125
2 0.45234375 0.95390625 0.2234375 0.0921875
2 0.596875 0.290625 0.15625 0.1828125
2 0.1609375 0.08984375 0.1625 0.1203125
2 0.91484375 0.16875 0.1140625 0.1734375