6 0.1640625 0.64453125 0.169921875 0.6731770828125 0.169921875 0.8372395828125001 0.16015625 0.8658854171874999 0.1806640625 0.8932291671874999 0.2509765625 0.8802083328125001 0.4580078125 0.8984375 0.6435546875 0.8125 0.7236328125 0.7526041671875 0.798828125 0.66796875 0.830078125 0.60546875 0.849609375 0.5846354171875 0.90625 0.41796875 0.890625 0.3190104171875 0.849609375 0.20963541718749998 0.7724609375 0.09375 0.7236328125 0.06510416718749999 0.6552734375 0.0494791671875 0.5771484375 0.0052083328125 0.4404296875 0.0026041671875 0.4130859375 0.010416667187500001 0.3603515625 0.05208333281250001 0.3017578125 0.1328125 0.2431640625 0.1666666671875 0.0908203125 0.296875 0.064453125 0.30859375 0.05078125 0.42578125 0.10546875 0.51953125 0.115234375 0.5533854171875 0.1640625 0.64453125
4 0.51796875 0.73359375 0.1453125 0.11796875
4 0.3828125 0.7203125 0.0734375 0.096875
4 0.45078125 0.5046875 0.0875 0.15078125
4 0.359375 0.4921875 0.1203125 0.05234375
4 0.3671875 0.57421875 0.084375 0.07890625
4 0.34453125 0.41953125 0.06171875 0.11484375
4 0.38203125 0.3453125 0.09609375 0.10078125
4 0.48203125 0.33046875 0.08515625 0.12890625
4 0.43828125 0.18515625 0.08828125 0.06875
4 0.353125 0.1984375 0.07890625 0.05703125
4 0.3015625 0.26875 0.05078125 0.0984375
4 0.57734375 0.515625 0.06015625 0.09375
4 0.61640625 0.65703125 0.05625 0.06328125
4 0.609375 0.45078125 0.05 0.05078125
4 0.61875 0.37890625 0.11328125 0.06875
4 0.6859375 0.23359375 0.0609375 0.0828125
4 0.51640625 0.0875 0.10234375 0.103125
2 0.51484375 0.47734375 0.065625 0.0734375
2 0.5171875 0.33125 0.05078125 0.053125
2 0.56484375 0.2453125 0.05703125 0.0765625
2 0.3875 0.2703125 0.075 0.07890625
2 0.7546875 0.50234375 0.1171875 0.1046875
4 0.2328125 0.33203125 0.053125 0.05546875
8 0.7390625 0.4234375 0.11953125 0.0765625
8 0.6140625 0.59296875 0.08203125 0.08828125
8 0.5 0.5828125 0.08828125 0.084375
8 0.346875 0.64375 0.1328125 0.0625
8 0.2421875 0.38515625 0.1 0.065625
8 0.28359375 0.2140625 0.0515625 0.0546875
8 0.5875 0.1046875 0.06171875 0.06953125
8 0.61015625 0.053125 0.05234375 0.071875
8 0.64140625 0.159375 0.0484375 0.0890625
8 0.65625 0.4921875 0.04296875 0.0953125