6 0.1041114734375 0.52955066875 0.10352789062500001 0.56298416875 0.11615786718750001 0.7421660390625 0.1019118953125 0.8122405859375 0.12889356875 0.8332224890625 0.15770547343750002 0.8239582890625 0.3217429875 0.826821575 0.350282196875 0.833179996875 0.44056197968750005 0.8835913984375001 0.47424055625 0.8939463734374999 0.5670218499999999 0.9502617078125001 0.6844301078125 0.93863711875 0.6966072453125001 0.9124784671875 0.8294545109374999 0.76243036875 0.8643261234375 0.7044363796875001 0.9460655984375 0.647260471875 0.9886462593750001 0.5952613125 0.9969347828125 0.5680580734375 0.9967170859375001 0.431314696875 0.9538164625000001 0.3524289640625 0.9393868781249999 0.28380730625 0.9115975765625001 0.23448667968749998 0.7970762359375 0.15532751250000001 0.688433715625 0.1124092765625 0.6008635875 0.0970114359375 0.5845608437500001 0.0967268703125 0.42213335 0.148782859375 0.4009623234375 0.16794754375 0.3379264546875 0.1981020078125 0.2519915875 0.2718087765625 0.190707321875 0.3508293796875 0.1041114734375 0.52955066875
4 0.26640625 0.478125 0.1203125 0.146875
4 0.27734375 0.61328125 0.0984375 0.0734375
4 0.49453125 0.54921875 0.1515625 0.090625
4 0.50546875 0.640625 0.0546875 0.1203125
4 0.4234375 0.63125 0.08125 0.0859375
4 0.578125 0.65703125 0.115625 0.0625
4 0.65234375 0.6203125 0.1015625 0.096875
4 0.66953125 0.52109375 0.13125 0.0875
4 0.8140625 0.5671875 0.0703125 0.090625
4 0.79921875 0.65234375 0.0578125 0.0796875
4 0.728125 0.70234375 0.1015625 0.0515625
4 0.4859375 0.42265625 0.0953125 0.0625
4 0.3453125 0.38125 0.065625 0.0578125
4 0.55078125 0.39140625 0.053125 0.0515625
4 0.6234375 0.38359375 0.0703125 0.1140625
4 0.76953125 0.31875 0.084375 0.0609375
4 0.9125 0.490625 0.1046875 0.103125
2 0.52265625 0.4859375 0.075 0.0671875
2 0.66875 0.4859375 0.0546875 0.0515625
2 0.75546875 0.43984375 0.0796875 0.059375
2 0.72734375 0.61640625 0.0796875 0.0765625
2 0.50234375 0.2453125 0.10625 0.1171875
4 0.66328125 0.7703125 0.05625 0.0546875
8 0.58046875 0.2625 0.0796875 0.1203125
8 0.409375 0.384375 0.090625 0.0828125
8 0.4171875 0.4984375 0.0859375 0.0890625
8 0.35390625 0.65078125 0.0640625 0.1328125
8 0.61015625 0.76015625 0.0671875 0.1015625
8 0.78203125 0.72109375 0.0546875 0.053125
8 0.896875 0.41953125 0.0703125 0.0640625
8 0.9484375 0.39765625 0.0734375 0.053125
8 0.84296875 0.36484375 0.0890625 0.05
8 0.51015625 0.34375 0.096875 0.0453125