6 0.8958885265625 0.47044933125000005 0.8964721093750001 0.43701583125 0.8838421328124999 0.2578339609375 0.8980881046875 0.18775941406250002 0.87110643125 0.16677751093749998 0.8422945265624999 0.1760417109375 0.6782570125 0.173178425 0.6497178031249999 0.166820003125 0.5594380203125 0.11640860156249999 0.5257594437499999 0.10605362656249999 0.43297815 0.0497382921875 0.3155698921875 0.06136288125 0.30339275468750004 0.0875215328125 0.1705454890625 0.23756963125000002 0.13567387656250002 0.2955636203125 0.0539344015625 0.352739528125 0.011353740625 0.40473868749999997 0.0030652171874999998 0.4319419265625 0.0032829140625000005 0.568685303125 0.046183537499999996 0.6475710359375 0.060613121874999995 0.7161926937499999 0.0884024234375 0.7655133203125 0.20292376406249998 0.8446724874999999 0.311566284375 0.8875907234374999 0.3991364125 0.9029885640625 0.41543915625 0.9032731296875 0.57786665 0.851217140625 0.5990376765625001 0.8320524562499999 0.6620735453125 0.8018979921874999 0.7480084125 0.7281912234375 0.809292678125 0.6491706203125001 0.8958885265625 0.47044933125000005
4 0.73359375 0.521875 0.1203125 0.146875
4 0.72265625 0.38671875 0.0984375 0.0734375
4 0.50546875 0.45078125 0.1515625 0.090625
4 0.49453125 0.359375 0.0546875 0.1203125
4 0.5765625 0.36875 0.08125 0.0859375
4 0.421875 0.34296875 0.115625 0.0625
4 0.34765625 0.3796875 0.1015625 0.096875
4 0.33046875 0.47890625 0.13125 0.0875
4 0.1859375 0.4328125 0.0703125 0.090625
4 0.20078125 0.34765625 0.0578125 0.0796875
4 0.271875 0.29765625 0.1015625 0.0515625
4 0.5140625 0.57734375 0.0953125 0.0625
4 0.6546875 0.61875 0.065625 0.0578125
4 0.44921875 0.60859375 0.053125 0.0515625
4 0.3765625 0.61640625 0.0703125 0.1140625
4 0.23046875 0.68125 0.084375 0.0609375
4 0.0875 0.509375 0.1046875 0.103125
2 0.47734375 0.5140625 0.075 0.0671875
2 0.33125 0.5140625 0.0546875 0.0515625
2 0.24453125 0.56015625 0.0796875 0.059375
2 0.27265625 0.38359375 0.0796875 0.0765625
2 0.49765625 0.7546875 0.10625 0.1171875
4 0.33671875 0.2296875 0.05625 0.0546875
8 0.41953125 0.7375 0.0796875 0.1203125
8 0.590625 0.615625 0.090625 0.0828125
8 0.5828125 0.5015625 0.0859375 0.0890625
8 0.64609375 0.34921875 0.0640625 0.1328125
8 0.38984375 0.23984375 0.0671875 0.1015625
8 0.21796875 0.27890625 0.0546875 0.053125
8 0.103125 0.58046875 0.0703125 0.0640625
8 0.0515625 0.60234375 0.0734375 0.053125
8 0.15703125 0.63515625 0.0890625 0.05
8 0.48984375 0.65625 0.096875 0.0453125