6 0.42677 0.98885249375 0.4764138203125 0.9879859578125 0.531120103125 0.9846961265624999 0.6031014953125 0.9677817234375 0.8205545000000001 0.8915679921875 0.8707815609375 0.8593753515625 0.917857384375 0.8145156218749999 0.9657900828124999 0.7627905765625 0.982784921875 0.7292207609375 0.9902607796874999 0.5979548375 0.9771776765625001 0.51989339375 0.88615528125 0.3971971203125 0.8328483296875 0.364854428125 0.7227044578124999 0.32176035625 0.5582912578125 0.3031005015625 0.3497144 0.328270921875 0.198452609375 0.39158580781249996 0.1280453171875 0.44272452656250005 0.0898084484375 0.4903658390625 0.0406742984375 0.5851712515624999 0.0198294703125 0.6555718578125 0.020641753125000002 0.7021074984375 0.0316554546875 0.7399510515625 0.094071546875 0.8465100640625 0.188248221875 0.92609188125 0.249366484375 0.9582982296875 0.32980810156249996 0.9784238140625 0.42677 0.98885249375
8 0.62265625 0.77421875 0.1296875 0.1671875
8 0.64921875 0.62578125 0.0953125 0.0765625
8 0.74609375 0.63984375 0.0953125 0.0671875
8 0.7375 0.546875 0.090625 0.059375
8 0.7 0.47421875 0.109375 0.071875
8 0.51171875 0.6078125 0.08125 0.0515625
8 0.4171875 0.640625 0.084375 0.0671875
8 0.31015625 0.75625 0.1125 0.0734375
8 0.1921875 0.7703125 0.1046875 0.0625
8 0.28515625 0.67265625 0.0875 0.1203125
8 0.2265625 0.640625 0.08125 0.0640625
8 0.22890625 0.5484375 0.1140625 0.0640625
8 0.39296875 0.5203125 0.1 0.0515625
2 0.53359375 0.48125 0.1015625 0.04375
2 0.46484375 0.571875 0.0734375 0.078125
2 0.63515625 0.67890625 0.0453125 0.0359375