6 0.087890625 0.820939334375 0.1357421875 0.8649706453125001 0.1865234375 0.8962818 0.4052734375 0.9686888453125 0.4775390625 0.9843444234375 0.5693359375 0.9882583171875 0.6787109375 0.9745596875 0.7587890625 0.9530332687499999 0.8193359375 0.9197651656250001 0.912109375 0.838551859375 0.97265625 0.730919765625 0.984375 0.6878669281249999 0.984375 0.65068493125 0.9609375 0.5763209390624999 0.91015625 0.482387475 0.87109375 0.43542074375000006 0.7998046875 0.385518590625 0.6474609375 0.3248532296875 0.4384765625 0.30332681093749997 0.2744140625 0.3248532296875 0.1650390625 0.3698630140625 0.1123046875 0.40313111562500004 0.0234375 0.5273972609375 0.01171875 0.605675146875 0.021484375 0.73679060625 0.0390625 0.7700587078125001 0.087890625 0.820939334375
8 0.38203125 0.7765625 0.12734375 0.165625
8 0.353125 0.628125 0.09296875 0.0765625
8 0.25625 0.64375 0.09296875 0.06484375
8 0.26328125 0.55078125 0.08828125 0.05859375
8 0.29921875 0.47734375 0.10859375 0.0703125
8 0.48984375 0.6078125 0.0796875 0.05
8 0.58515625 0.6390625 0.08203125 0.06640625
8 0.69453125 0.753125 0.11015625 0.07109375
8 0.8125 0.76484375 0.10234375 0.0609375
8 0.71796875 0.66875 0.08515625 0.1171875
8 0.77578125 0.6359375 0.08046875 0.06328125
8 0.771875 0.54375 0.1109375 0.0609375
8 0.60703125 0.51875 0.0984375 0.05
2 0.46640625 0.48203125 0.10078125 0.04296875
2 0.53671875 0.57109375 0.071875 0.07578125
2 0.36796875 0.68125 0.0453125 0.03359375