6 0.9904905109375 0.28776782500000003 0.9746775953125001 0.2536253484375 0.9285792734375 0.2002589859375 0.8830977109375 0.1537836609375 0.834024753125 0.11985773125000002 0.619364034375 0.0361014265625 0.548016796875 0.016685214062500002 0.4934586515625 0.0114881640625 0.44387531718749995 0.0088896109375 0.346608528125 0.015928017187499997 0.265513540625 0.0332339703125 0.20330852500000002 0.06328770156249999 0.1064118546875 0.13953432187499998 0.040314928124999996 0.24385013125000002 0.027987215625 0.28128625937499996 0.025551357812499998 0.3277652015625 0.043926540624999996 0.398850396875 0.0897221 0.4953128140625 0.1262730171875 0.5442595515625 0.194852703125 0.597824296875 0.3438126921875 0.6663795734375 0.5513840546875 0.6988138890625 0.7163483187499999 0.6859033390625 0.8279290546875 0.646679484375 0.8823322765625001 0.6162168796875 0.9775812625 0.49677198593750005 0.9933807 0.4192146890625 0.9904905109375 0.28776782500000003
8 0.63203125 0.2296875 0.134375 0.171875
8 0.653125 0.3796875 0.096875 0.0796875
8 0.75078125 0.36953125 0.096875 0.0703125
8 0.7390625 0.46171875 0.0921875 0.0625
8 0.69921875 0.5328125 0.1109375 0.0765625
8 0.515625 0.39296875 0.0828125 0.0546875
8 0.421875 0.35703125 0.0859375 0.0703125
8 0.31875 0.23671875 0.1140625 0.078125
8 0.2015625 0.21953125 0.10625 0.065625
8 0.29140625 0.3203125 0.0921875 0.1234375
8 0.23203125 0.35 0.0828125 0.0671875
8 0.23046875 0.4421875 0.115625 0.06875
8 0.39375 0.47578125 0.1015625 0.0546875
2 0.5328125 0.51953125 0.103125 0.046875
2 0.4671875 0.42734375 0.0765625 0.0796875
2 0.64140625 0.32578125 0.046875 0.0359375