6 0.7137164765625 0.077053575 0.613148746875 0.0294856765625 0.4974040203125 0.0111535125 0.3784262109375 0.029881226562500002 0.25115997343749996 0.0759695125 0.1579811296875 0.1482201546875 0.0901179953125 0.2936918953125 0.059398557812499996 0.43520869375000004 0.05207685468749999 0.48143610781249996 0.06590885156250001 0.596365540625 0.0871746765625 0.6452155484375 0.13502825937500001 0.7259612359375 0.2644393671875 0.866094934375 0.40659413125 0.93409186875 0.670170990625 0.9679284593749999 0.77831015625 0.8594866140624999 0.9375189171875 0.6533387046875 0.9551901062500001 0.5750612359375 0.9513398359374999 0.41625373750000005 0.88262576875 0.217510759375 0.7137164765625 0.077053575
5 0.75703125 0.8328125 0.1109375 0.1265625
5 0.64765625 0.91953125 0.09375 0.13125
5 0.48671875 0.90390625 0.146875 0.1265625
5 0.4015625 0.79375 0.165625 0.15
5 0.23203125 0.696875 0.1765625 0.1484375
5 0.16796875 0.48203125 0.225 0.1984375
5 0.453125 0.41015625 0.1671875 0.128125
5 0.4546875 0.50234375 0.159375 0.121875
5 0.53671875 0.62578125 0.1703125 0.1296875
5 0.5953125 0.74140625 0.1171875 0.10625
5 0.70703125 0.63125 0.1734375 0.184375
5 0.9046875 0.440625 0.1046875 0.10625
5 0.91875 0.5859375 0.1078125 0.10625
5 0.7390625 0.27578125 0.2328125 0.225
5 0.584375 0.31953125 0.128125 0.1296875
5 0.22578125 0.21953125 0.2078125 0.1796875