6 0.2060546875 0.8932291671874999 0.3603515625 0.9375 0.5439453125 0.9479166671874999 0.6630859375 0.9140625 0.7080078125 0.8854166671874999 0.7802734375 0.8255208328125001 0.8984375 0.67578125 0.943359375 0.5247395828125 0.935546875 0.2591145828125 0.8115234375 0.1692708328125 0.5830078125 0.0442708328125 0.5029296875 0.0390625 0.3466796875 0.06770833281250001 0.1611328125 0.1666666671875 0.048828125 0.35546875 0.017578125 0.4622395828125 0.017578125 0.5794270828125 0.0546875 0.6940104171875 0.1201171875 0.8125 0.2060546875 0.8932291671874999
5 0.78828125 0.19375 0.1140625 0.09296875
5 0.89140625 0.28828125 0.1203125 0.0765625
5 0.90078125 0.45 0.1078125 0.1328125
5 0.80546875 0.5515625 0.128125 0.14609375
5 0.7359375 0.73359375 0.125 0.159375
5 0.534375 0.83046875 0.1703125 0.20234375
5 0.41875 0.56015625 0.10625 0.153125
5 0.509375 0.54453125 0.10078125 0.14609375
5 0.61875 0.44375 0.1078125 0.1578125
5 0.7234375 0.36796875 0.0921875 0.10546875
5 0.596875 0.275 0.1625 0.15078125
5 0.378125 0.109375 0.09453125 0.09140625
5 0.51953125 0.07265625 0.09296875 0.0953125
5 0.24140625 0.29921875 0.19609375 0.20546875
5 0.30859375 0.44453125 0.1140625 0.11015625
5 0.265625 0.81484375 0.15390625 0.18515625