6 0.0556014484375 0.6150261359375 0.138011740625 0.8084917359375 0.3163073765625 0.9368242562500001 0.419948296875 0.97726103125 0.5366898640625 0.9874745953125 0.65407146875 0.960493028125 0.7778127359375 0.90563936875 0.8657246515624999 0.8270648968750001 0.9232748781250001 0.677213625 0.944047771875 0.533898675 0.9481269781250001 0.48727313125 0.9263116046875 0.37358853281250004 0.9016899765625 0.32634094999999996 0.848320428125 0.24913005156249998 0.7094493265625 0.11836497500000001 0.56289761875 0.0604498921875 0.297602496875 0.0450819203125 0.19729127500000002 0.1608030125 0.05285048906249999 0.3775545984375 0.04068270625 0.456874065625 0.0556014484375 0.6150261359375
5 0.2203125 0.1859375 0.103125 0.121875
5 0.3234375 0.09140625 0.0875 0.1265625
5 0.48515625 0.09609375 0.140625 0.11875
5 0.578125 0.2 0.1578125 0.140625
5 0.753125 0.28515625 0.1703125 0.1390625
5 0.83203125 0.49453125 0.215625 0.1859375
5 0.553125 0.5859375 0.1625 0.11875
5 0.5453125 0.49453125 0.153125 0.1125
5 0.4546875 0.3765625 0.165625 0.11875
5 0.38828125 0.265625 0.1125 0.1
5 0.284375 0.38359375 0.1640625 0.175
5 0.1 0.5875 0.0984375 0.1015625
5 0.07578125 0.44296875 0.103125 0.1
5 0.27734375 0.73984375 0.2203125 0.2125
5 0.428125 0.6859375 0.1203125 0.1234375
5 0.79296875 0.7609375 0.1984375 0.16875