6 0.1443674375 0 0.046989103125 0.036534334375 0 0.4941857234375 0 0.869033878125 0.1125598671875 0.9448485609375 0.171204509375 0.968196340625 0.4737961140625 1 0.8643275875 1 0.9543899171874999 0.945206753125 1 0.5112558078125 1 0.27343798750000003 0.9242597124999999 0.19158345937500001 0.7403241578124999 0.0544180515625 0.5741913328125 0.0094624203125 0.4901968640625 0 0.1443674375 0
3 0.61328125 0.184375 0.259375 0.10625
3 0.2640625 0.16171875 0.2765625 0.2
3 0.12421875 0.3984375 0.2484375 0.303125
3 0.359375 0.3859375 0.171875 0.2640625
3 0.153125 0.7203125 0.21875 0.1859375
3 0.38359375 0.59375 0.21875 0.1875
3 0.49296875 0.7640625 0.2703125 0.25625
3 0.66484375 0.596875 0.178125 0.2109375
3 0.78984375 0.52734375 0.184375 0.1359375
3 0.79609375 0.73203125 0.2578125 0.2359375
3 0.86796875 0.3984375 0.253125 0.209375
8 0.71015625 0.31015625 0.1796875 0.1671875
8 0.42890625 0.16484375 0.1328125 0.0765625
8 0.3609375 0.234375 0.1703125 0.1203125
8 0.3890625 0.4875 0.0890625 0.1265625
8 0.2578125 0.59453125 0.146875 0.1109375
8 0.07109375 0.61015625 0.1421875 0.1359375
8 0.38515625 0.69375 0.1515625 0.0984375
8 0.6921875 0.64453125 0.0859375 0.14375
8 0.78359375 0.68984375 0.153125 0.1078125
8 0.76953125 0.44140625 0.1140625 0.103125
2 0.21171875 0.35625 0.2 0.0890625
2 0.365625 0.34453125 0.159375 0.109375
2 0.46796875 0.428125 0.140625 0.1390625
2 0.64609375 0.43828125 0.2015625 0.140625
2 0.5640625 0.55234375 0.16875 0.2078125
2 0.928125 0.665625 0.0796875 0.0734375
2 0.5609375 0.23515625 0.09375 0.1890625