6 0.46866052031249994 0 0.006062871875 0.0804223453125 0 0.10080524843750001 0 0.5221965328125 0.015832671875000003 0.608228778125 0.07226763281250001 0.770820965625 0.2219296078125 0.9447402874999999 0.2907124109375 1 0.53474625 1 0.975818890625 0.9222269937500001 1 0.8754090718749999 1 0.4562556671875 0.944120225 0.1393457125 0.916738475 0.082472584375 0.8523913328124999 0 0.46866052031249994 0
3 0.19296875 0.63515625 0.121875 0.2625
3 0.14609375 0.28828125 0.215625 0.2859375
3 0.371875 0.1328125 0.315625 0.265625
3 0.3765625 0.36796875 0.271875 0.1875
3 0.6953125 0.13828125 0.1984375 0.228125
3 0.58515625 0.37734375 0.2 0.2296875
3 0.7625 0.47421875 0.2703125 0.2828125
3 0.6078125 0.6578125 0.2203125 0.1890625
3 0.54765625 0.7875 0.146875 0.1921875
3 0.75234375 0.77890625 0.25 0.2703125
3 0.42421875 0.87109375 0.2234375 0.2578125
8 0.325 0.72265625 0.1765625 0.1890625
8 0.1609375 0.45234375 0.084375 0.1359375
8 0.22578125 0.3796875 0.13125 0.1765625
8 0.4796875 0.38984375 0.1296875 0.0953125
8 0.57734375 0.2515625 0.11875 0.1515625
8 0.5796875 0.06953125 0.14375 0.1390625
8 0.68515625 0.371875 0.1078125 0.15625
8 0.65703125 0.68203125 0.1484375 0.0953125
8 0.709375 0.76953125 0.1171875 0.1578125
8 0.46015625 0.77265625 0.109375 0.11875
2 0.33671875 0.22265625 0.1015625 0.203125
2 0.33515625 0.3765625 0.11875 0.1640625
2 0.4265625 0.4734375 0.146875 0.1484375
2 0.4484375 0.65 0.153125 0.209375
2 0.55703125 0.5609375 0.2171875 0.18125
2 0.6953125 0.915625 0.078125 0.084375
2 0.240625 0.57890625 0.19375 0.10625