6 1 0.2451171875 0.8896484375 0.1484375 0.6923828125 0.03125 0.5224609375 0.00390625 0.2607421875 0.001953125 0.1025390625 0.03515625 0.0009765625 0.0859375 0.0029296875 0.8984375 0.1611328125 0.982421875 0.2236328125 1 0.8603515625 1 1 0.8935546875 1 0.2451171875
3 0.5796875 0.17421875 0.25390625 0.08046875
3 0.2296875 0.18828125 0.259375 0.17265625
3 0.11328125 0.43828125 0.2265625 0.28125
3 0.3484375 0.4015625 0.146875 0.25078125
3 0.178125 0.75546875 0.203125 0.165625
3 0.39375 0.60546875 0.20390625 0.16640625
3 0.5203125 0.76328125 0.2453125 0.23125
3 0.67421875 0.57890625 0.15703125 0.1953125
3 0.79140625 0.496875 0.17265625 0.1203125
3 0.81875 0.7 0.2375 0.21171875
3 0.85546875 0.36015625 0.234375 0.18671875
8 0.6890625 0.2890625 0.165625 0.15078125
8 0.39453125 0.17421875 0.12578125 0.06328125
8 0.33359375 0.25078125 0.16171875 0.10546875
8 0.38828125 0.49921875 0.07734375 0.11875
8 0.26875 0.61953125 0.1359375 0.096875
8 0.08046875 0.6546875 0.13828125 0.1234375
8 0.40625 0.7046875 0.14453125 0.08359375
8 0.70625 0.6234375 0.07265625 0.13828125
8 0.8015625 0.659375 0.14453125 0.0953125
8 0.76171875 0.41328125 0.1046875 0.0921875
2 0.1984375 0.3875 0.19296875 0.06796875
2 0.35 0.359375 0.1484375 0.09375
2 0.4609375 0.43203125 0.1296875 0.12734375
2 0.6390625 0.4234375 0.18984375 0.121875
2 0.56953125 0.5453125 0.15 0.19375
2 0.94296875 0.6203125 0.07421875 0.065625
2 0.5328125 0.23046875 0.07578125 0.18359375