6 0.4213719171875 1 0.996671121875 0.9779743203125 0.9653088375 0.079875996875 0.840482609375 0.052455731250000005 0.6801825609375001 0.0346118875 0.56112085625 0.0335202453125 0.49359767187500003 0.0358782078125 0.3946365953125 0.04346711875 0.2601572453125 0.061558443750000004 0.1236808390625 0.0864171890625 0 0.11061222500000001 0 0.3624281875 0.0211397546875 1 0.4213719171875 1
3 0.7765625 0.565625 0.3546875 0.175
3 0.559375 0.44609375 0.21875 0.1203125
3 0.13359375 0.57421875 0.2671875 0.128125
3 0.29375 0.95 0.290625 0.1
3 0.190625 0.8734375 0.2109375 0.1234375
3 0.07890625 0.7734375 0.1421875 0.090625
3 0.38046875 0.76796875 0.14375 0.1296875
3 0.56171875 0.93515625 0.140625 0.1046875
3 0.8203125 0.83515625 0.175 0.1296875
3 0.871875 0.96328125 0.1328125 0.053125