6 0.276114265625 0.9465144921875 0.41114307187500004 0.9599015328125 0.5450560390625 0.9654794796875 0.6968241359375 0.9587859609375 0.856403790625 0.935358596875 0.9825052015625 0.9030064843750001 0.9813891921875 0.0049569140625 0.004464259375 0.0016741078125 0.006056396875 0.90523763125 0.1388534390625 0.9264338484374999 0.276114265625 0.9465144921875
3 0.77421875 0.425 0.35 0.1609375
3 0.5609375 0.5515625 0.2171875 0.11171875
3 0.13125 0.43828125 0.26171875 0.11875
3 0.27890625 0.0515625 0.2875 0.103125
3 0.178125 0.1375 0.20546875 0.115625
3 0.06953125 0.24140625 0.1390625 0.0859375
3 0.37109375 0.23671875 0.13828125 0.125
3 0.546875 0.06328125 0.13671875 0.1
3 0.80859375 0.15390625 0.16953125 0.1234375
3 0.85546875 0.02421875 0.13125 0.0484375