6 0.049797978124999996 0 0 0.473796109375 0 0.9502020218749999 0.4737961109375 1 0.9367869875 1 0.93602945625 0.8921330734374999 0.9325115171875 0.77618819375 0.9462242421875 0.699083275 0.94913243125 0.6073777328125 0.9224969984375001 0.5406192359374999 0.9445593593750001 0.4587814625 0.9352089749999999 0.39832798125 0.9333836734375 0.2769505625 0.90896193125 0.16778534375 0.8731033796875 0.12474336875 0.88508214375 0.037719625 0.5262038890625 0 0.049797978124999996 0
4 0.14140625 0.65078125 0.2390625 0.3484375
0 0.4078125 0.8078125 0.159375 0.29375
0 0.4453125 0.3875 0.1796875 0.2640625
0 0.5484375 0.36328125 0.0890625 0.1234375
0 0.640625 0.63203125 0.1625 0.178125
0 0.8078125 0.51484375 0.140625 0.134375
0 0.68203125 0.80078125 0.096875 0.0984375
0 0.240625 0.253125 0.1984375 0.10625
0 0.00546875 0.64453125 0.0109375 0.1453125
0 0.31171875 0.67578125 0.0640625 0.1140625
0 0.29765625 0.84375 0.0890625 0.2046875
0 0.35234375 0.5296875 0.1578125 0.1234375