6 1 0.1650163015625 0.912200859375 0.1678329859375 0.8731429125 0.127671759375 0.767128478125 0.09197292968750001 0.6466067734375 0.0774702328125 0.5874618453125 0.06185196093749999 0.5037662421875 0.0752390859375 0.4401576171875 0.0417714015625 0.3486504578125 0.03507781875 0.2705345578125 0.040655765625 0.1555925609375 0.0250375578125 0.0462302703125 0.0127660265625 0 0.014997215625 0 1 1 1 1 0.1650163015625
4 0.3125 0.840625 0.32734375 0.2046875
0 0.184375 0.559375 0.2828125 0.1296875
0 0.60625 0.56640625 0.2484375 0.15390625
0 0.640625 0.46640625 0.11484375 0.078125
0 0.38359375 0.34609375 0.16328125 0.146875
0 0.5171875 0.1921875 0.121875 0.12890625
0 0.21953125 0.2875 0.0890625 0.08671875
0 0.71875 0.78359375 0.0875 0.190625
0 0.303125 0.9890625 0.14375 0.021875
0 0.30546875 0.66875 0.109375 0.053125
0 0.13671875 0.665625 0.1984375 0.06953125
0 0.4546875 0.64375 0.1109375 0.14765625