6 0.0337424578125 0 0 0.48253961562500003 0 0.9662575421874999 0.4825396140625 1 0.7997932421875 1 0.8022724703125 0.9343443625000001 0.8450604109375 0.8981830640625 0.8880674734375 0.7949170999999999 0.9109420109374999 0.6757006375 0.9306479796874999 0.6177892578125 0.9231317750000001 0.5333636953124999 0.9609550468749999 0.47224460468749996 0.9740155421875001 0.3814272734375 0.973900271875 0.3031125625 0.9974983828124999 0.1895400296875 1 0.1759129671875 1 0.033742456250000004 0.5174603890625 0 0.0337424578125 0
4 0.1734375 0.2890625 0.228125 0.3421875
0 0.4625 0.18125 0.15 0.2890625
0 0.4265625 0.6015625 0.171875 0.2609375
0 0.5234375 0.64296875 0.0859375 0.1203125
0 0.66171875 0.39453125 0.1578125 0.1734375
0 0.80625 0.53828125 0.1359375 0.13125
0 0.73125 0.23515625 0.09375 0.0953125
0 0.2015625 0.6984375 0.196875 0.1
0 0.02578125 0.26953125 0.03125 0.1453125
0 0.3453125 0.29453125 0.0609375 0.1125
0 0.36015625 0.12578125 0.0828125 0.203125
0 0.359375 0.44453125 0.1546875 0.11875