6 0.758187446875 0.7401057468750001 0.8143294593749999 0.6867206296874999 0.8925151421875 0.54777909375 0.886688065625 0.394459278125 0.84765124375 0.2978136140625 0.711868953125 0.172986565625 0.5932356375000001 0.1314633734375 0.448328334375 0.13009154218750002 0.415989059375 0.1352135796875 0.3712458125 0.1448709265625 0.2774777890625 0.1854294453125 0.20930300000000002 0.23775416093750001 0.130417384375 0.36395299375 0.10754596406250001 0.45260672187499995 0.1339997859375 0.6362765890625 0.216506759375 0.7576767921875 0.2972973859375 0.7933288515625 0.48381090000000004 0.8389319093750001 0.6072719421875 0.8193776015625 0.70073443125 0.7768900046875 0.758187446875 0.7401057468750001
2 0.5953125 0.4734375 0.13125 0.06875
2 0.58671875 0.34609375 0.0796875 0.11875
2 0.58984375 0.25390625 0.1015625 0.053125
2 0.53046875 0.3625 0.0984375 0.0515625
2 0.521875 0.32578125 0.0453125 0.0609375
2 0.37109375 0.3875 0.065625 0.0890625
2 0.36171875 0.47109375 0.053125 0.05
2 0.28828125 0.46015625 0.0453125 0.078125
2 0.44921875 0.43203125 0.040625 0.0390625
2 0.4046875 0.52421875 0.075 0.06875
2 0.325 0.59453125 0.0921875 0.06875
2 0.2859375 0.66953125 0.09375 0.04375
2 0.41328125 0.69140625 0.078125 0.0515625
2 0.45546875 0.60625 0.0859375 0.06875
2 0.528125 0.57890625 0.0890625 0.0484375
2 0.5890625 0.61484375 0.084375 0.053125