6 0.2666015625 0.78125 0.3916015625 0.8802083328125001 0.5439453125 0.8984375 0.6455078125 0.875 0.7900390625 0.7604166671875 0.849609375 0.6497395828125 0.875 0.4986979171875 0.87109375 0.4283854171875 0.845703125 0.3294270828125 0.8046875 0.25390625 0.6923828125 0.15625 0.6083984375 0.1197916671875 0.4228515625 0.1171875 0.2900390625 0.1796875 0.2421875 0.25390625 0.16796875 0.4309895828125 0.16796875 0.5559895828125 0.1953125 0.6549479171875 0.22265625 0.7174479171875 0.2666015625 0.78125
2 0.5109375 0.5984375 0.04921875 0.12421875
2 0.63828125 0.609375 0.11015625 0.06171875
2 0.72890625 0.62734375 0.03984375 0.096875
2 0.63125 0.5515625 0.0390625 0.09375
2 0.66875 0.54921875 0.05546875 0.0375
2 0.63125 0.390625 0.08203125 0.053125
2 0.55 0.36796875 0.04453125 0.046875
2 0.57265625 0.296875 0.07421875 0.03359375
2 0.575 0.46015625 0.034375 0.03515625
2 0.490625 0.40234375 0.05859375 0.0671875
2 0.434375 0.3125 0.0546875 0.08515625
2 0.36640625 0.26171875 0.03046875 0.090625
2 0.32421875 0.384375 0.040625 0.071875
2 0.40234375 0.4390625 0.05703125 0.0796875
2 0.41796875 0.515625 0.03671875 0.08515625
2 0.37265625 0.5703125 0.04140625 0.0796875