6 0.3127540171875 0.20125182812500003 0.2447079125 0.2382872703125 0.1332256265625 0.3522585453125 0.0991720625 0.5018622734375 0.111864996875 0.6053182890625 0.2107130015625 0.7610350015625 0.314556990625 0.8318478875 0.4541716421875 0.87067774375 0.4867346640625 0.8741002546875001 0.5324528265625 0.8763523796875001 0.6335231 0.8614448093749999 0.712917521875 0.8285479484374999 0.8217778375 0.7270663359375 0.8668152046875001 0.6473529703125 0.8888000359375001 0.46309475000000005 0.8405251046875 0.32447678125 0.7717147828125 0.2691293828125 0.603359503125 0.1768069625 0.47904426562499997 0.1637409046875 0.3777698359375 0.1805909 0.3127540171875 0.20125182812500003
2 0.40078125 0.50078125 0.1296875 0.0625
2 0.3765625 0.62578125 0.0734375 0.1171875
2 0.34921875 0.7140625 0.1 0.0484375
2 0.43515625 0.625 0.096875 0.046875
2 0.43359375 0.6625 0.04375 0.059375
2 0.5953125 0.6421875 0.0609375 0.0859375
2 0.62578125 0.56328125 0.0515625 0.0484375
2 0.69453125 0.59375 0.0421875 0.0765625
2 0.53203125 0.57890625 0.0390625 0.0375
2 0.5984375 0.50078125 0.0734375 0.065625
2 0.69296875 0.4546875 0.0890625 0.0640625
2 0.75078125 0.3921875 0.09375 0.0390625
2 0.63359375 0.3375 0.075 0.0484375
2 0.57109375 0.409375 0.084375 0.065625
2 0.49296875 0.41640625 0.0875 0.0453125
2 0.44375 0.365625 0.0828125 0.05