6 0.48690704062499995 0 0.441649625 0.002371840625 0.4172013234375 0.0769958234375 0.40196514375000003 0.2714190484375 0.42296143906249994 0.48545726875 0.44551589375 0.6172700046874999 0.48265174999999993 0.7287605078125 0.5260561187499999 0.8105854125 0.608563378125 0.929477128125 0.676816628125 0.9816405796875 0.7007331015625 0.990166196875 0.7592465515625 0.9870996375000001 0.962257596875 0.6997138203125 0.9629123765625 0.5256128265625 0.8923537125 0.22420501406249999 0.8277154375 0.0730839375 0.7741056578125 0 0.48690704062499995 0
5 0.51953125 0.203125 0.0703125 0.103125
5 0.53671875 0.06328125 0.0671875 0.09375
5 0.621875 0.0515625 0.09375 0.103125
5 0.65 0.21015625 0.0546875 0.1125
5 0.57578125 0.2171875 0.053125 0.078125
5 0.46171875 0.45625 0.0671875 0.09375
5 0.446875 0.2765625 0.0734375 0.09375
5 0.50625 0.53515625 0.05 0.1078125
5 0.5328125 0.7234375 0.0765625 0.121875
5 0.5828125 0.62109375 0.059375 0.115625
5 0.61953125 0.72109375 0.0578125 0.0796875
5 0.653125 0.61484375 0.0640625 0.0859375
5 0.6953125 0.75 0.08125 0.1265625
5 0.76484375 0.70078125 0.071875 0.1125
5 0.82734375 0.675 0.078125 0.14375
5 0.74609375 0.9140625 0.075 0.096875