6 1 0.4677734375 0.9267578125 0.439453125 0.7333984375 0.4140625 0.5185546875 0.423828125 0.3857421875 0.439453125 0.2724609375 0.470703125 0.1884765625 0.509765625 0.0654296875 0.5859375 0.009765625 0.6513671875 0 0.6748046875 0 0.7333984375 0.2763671875 0.951171875 0.4501953125 0.9609375 0.7548828125 0.90625 0.9091796875 0.849609375 1 0.7900390625 1 0.4677734375
5 0.7953125 0.53515625 0.10078125 0.065625
5 0.934375 0.559375 0.090625 0.0640625
5 0.94609375 0.6453125 0.10703125 0.0875
5 0.78125 0.66484375 0.10859375 0.0484375
5 0.778125 0.590625 0.0765625 0.0515625
5 0.5453125 0.4640625 0.0890625 0.0625
5 0.72578125 0.45859375 0.090625 0.06875
5 0.46484375 0.5046875 0.10625 0.04296875
5 0.275 0.52109375 0.1203125 0.07109375
5 0.375 0.5765625 0.11171875 0.053125
5 0.27265625 0.6078125 0.0765625 0.0515625
5 0.37734375 0.646875 0.08203125 0.06015625
5 0.23984375 0.68203125 0.12265625 0.075
5 0.2859375 0.75390625 0.10859375 0.065625
5 0.3078125 0.81796875 0.140625 0.07109375
5 0.0734375 0.72421875 0.09375 0.06953125