6 0.2153352 0 0.1575850421875 0.0847811078125 0.0982601921875 0.2380659671875 0.038263490625 0.5417526328125 0.044993909375 0.7157247171875001 0.25791090625 0.9958504828124999 0.3164957328125 0.996873084375 0.340100096875 0.9875179875000001 0.406491290625 0.933004309375 0.48479902812500003 0.8113055578124999 0.525321309375 0.7280157078125 0.5585435796875 0.6152970984375 0.576484096875 0.48277752031250004 0.589997775 0.2681369265625 0.5679856046875 0.0743638734375 0.5409478578125 0.0006385828125 0.5043634640625 0 0.2153352 0
5 0.4703125 0.20390625 0.0671875 0.1015625
5 0.4484375 0.06484375 0.0640625 0.0921875
5 0.36171875 0.053125 0.0890625 0.10625
5 0.33984375 0.215625 0.05 0.1109375
5 0.4140625 0.2203125 0.0515625 0.0765625
5 0.53671875 0.45546875 0.0640625 0.0921875
5 0.5453125 0.275 0.0703125 0.0921875
5 0.49453125 0.53515625 0.0453125 0.10625
5 0.475 0.72421875 0.071875 0.1203125
5 0.42109375 0.6234375 0.0546875 0.1140625
5 0.38828125 0.72578125 0.0546875 0.078125
5 0.35078125 0.6203125 0.0609375 0.084375
5 0.31328125 0.75703125 0.0765625 0.125
5 0.2421875 0.709375 0.0671875 0.1109375
5 0.17890625 0.68671875 0.0734375 0.1421875
5 0.26875 0.92265625 0.071875 0.0953125