6 1 0.2744140625 0.974609375 0.2294921875 0.8955078125 0.15625 0.7255859375 0.095703125 0.3310546875 0.078125 0.1845703125 0.126953125 0.1455078125 0.1484375 0.0732421875 0.1953125 0.0078125 0.2587890625 0 0.2724609375 0 0.8076171875 0.1357421875 0.9296875 0.3681640625 1 0.9296875 0.9970703125 1 0.7880859375 1 0.2744140625
3 0.5015625 0.69921875 0.27734375 0.284375
3 0.1984375 0.5828125 0.259375 0.1859375
3 0.3203125 0.32578125 0.23046875 0.19375
3 0.54140625 0.246875 0.17578125 0.21484375
3 0.78671875 0.48046875 0.2875 0.17421875
2 0.90625 0.3671875 0.1875 0.24375
2 0.64296875 0.5515625 0.1671875 0.14375
2 0.3828125 0.63828125 0.34765625 0.21875
2 0.215625 0.40703125 0.2109375 0.23125
2 0.3265625 0.2484375 0.2703125 0.1140625
2 0.51015625 0.4265625 0.09921875 0.09453125
2 0.6203125 0.21796875 0.165625 0.221875