6 0.4825396171875 0 0.17773758906249998 0.021313834375 0 0.0952822578125 0 0.505393534375 0.010414384375 0.666393028125 0.0967685375 0.8933439828124999 0.2070769515625 1 0.5174603906249999 1 0.761863025 0.982909703125 0.7749566234375 0.97416253125 0.8337144171875 0.9044643265625 0.8754342359375 0.8291049015624999 0.8941414140624999 0.7886388828124999 0.9326323625 0.6391052578124999 0.8875759484374999 0.2467612546875 0.8153234125000001 0.0814768375 0.7367417921875 0.007677078125 0.7206290171874999 0 0.4825396171875 0
3 0.30078125 0.5125 0.303125 0.296875
3 0.43828125 0.80625 0.2015625 0.271875
3 0.68671875 0.6671875 0.209375 0.24375
3 0.75 0.44140625 0.228125 0.190625
3 0.49921875 0.2125 0.19375 0.2984375
2 0.603125 0.09375 0.25625 0.1875
2 0.43828125 0.3609375 0.1546875 0.1765625
2 0.3703125 0.6265625 0.2421875 0.3609375
2 0.6125 0.77734375 0.2453125 0.228125
2 0.76328125 0.65546875 0.134375 0.2796875
2 0.57265625 0.484375 0.1 0.1046875
2 0.77265625 0.36015625 0.2328125 0.18125