6 0.46853821093750003 0 0.0053153718750000006 0.0675680828125 0 0.09598302656249999 0 0.5349634062499999 0.036261459375 0.7929771015625 0.06765690156250001 0.8339281078124999 0.15618199531250002 0.8954486968750001 0.3328766984375 0.9317577796875 0.7260148 0.8942566984375 0.8642780374999999 0.8255170812499999 0.8999703374999999 0.798805340625 0.9650089390625001 0.74232909375 1 0.697329353125 1 0.46503659218750004 0.9523219968750001 0.12578997187500002 0.8009119390624999 0.023799300000000002 0.64773785625 0 0.46853821093750003 0
3 0.47109375 0.303125 0.315625 0.3203125
3 0.78671875 0.37578125 0.2828125 0.21875
3 0.70234375 0.64765625 0.25625 0.2234375
3 0.49453125 0.75625 0.2046875 0.2375
3 0.21875 0.559375 0.309375 0.2125
2 0.11640625 0.68828125 0.2203125 0.2671875
2 0.3515625 0.46875 0.1859375 0.165625
2 0.596875 0.346875 0.3734375 0.265625
2 0.79453125 0.55234375 0.2421875 0.2578125
2 0.70703125 0.725 0.2859375 0.1515625
2 0.5 0.57421875 0.1109375 0.10625
2 0.4203125 0.79609375 0.1953125 0.2421875