6 0.5690104171875 1 0.7109375 0.8525390625 0.9166666671874999 0.5869140625 0.96875 0.4990234375 0.92578125 0.48046875 0.7486979171875 0.4453125 0.61328125 0.427734375 0.44921875 0.421875 0.3346354171875 0.439453125 0.23046875 0.46875 0.05338541718749999 0.541015625 0.0052083328125 0.5751953125 0.0026041671875 0.6455078125 0.0338541671875 0.6767578125 0.12890625 0.74609375 0.5455729171875 1 0.5690104171875 1
5 0.53671875 0.49140625 0.1359375 0.0921875
5 0.590625 0.56875 0.12109375 0.0796875
5 0.6984375 0.51875 0.12109375 0.0890625
5 0.84140625 0.54921875 0.146875 0.08515625
5 0.72421875 0.59765625 0.125 0.08515625
5 0.840625 0.634375 0.10390625 0.08125
5 0.7484375 0.7 0.1171875 0.09765625
5 0.64765625 0.66484375 0.1453125 0.090625
5 0.51171875 0.66484375 0.0671875 0.0875
5 0.5359375 0.75546875 0.14140625 0.1078125
5 0.68828125 0.7765625 0.13046875 0.09921875
5 0.6203125 0.8625 0.146875 0.11328125
5 0.52265625 0.87421875 0.06328125 0.0875