6 0.2540127953125 0.563310896875 0.3899604375 0.576152340625 0.554127484375 0.576282446875 0.6680275484375 0.5547161296875001 0.7711083140625 0.5218017374999999 0.9455617374999999 0.443400015625 0.9925166203125 0.40755979375000007 0.992665328125 0.33719924218749997 0.96034375625 0.3070588875 0.8629297875 0.2410824578125 0.4376557421875 0.0018723375000000001 0.41423251875 0.0026902937500000003 0.2775382078125 0.1550145859375 0.08120454375 0.42765761874999997 0.0345470296875 0.5130537859375 0.0347300109375 0.5182936953125 0.07581040156249999 0.5343561828125 0.2540127953125 0.563310896875
5 0.46328125 0.51015625 0.1390625 0.096875
5 0.40703125 0.434375 0.125 0.0859375
5 0.30078125 0.48828125 0.125 0.0921875
5 0.15703125 0.4625 0.15 0.090625
5 0.27265625 0.41015625 0.128125 0.090625
5 0.1546875 0.37734375 0.10625 0.084375
5 0.24453125 0.30859375 0.11875 0.1015625
5 0.346875 0.340625 0.1484375 0.0953125
5 0.4828125 0.3359375 0.0703125 0.0890625
5 0.45546875 0.24609375 0.14375 0.1125
5 0.30234375 0.23046875 0.1328125 0.1046875
5 0.3671875 0.1421875 0.15 0.1171875
5 0.4640625 0.1265625 0.0671875 0.0890625