6 0.771447515625 0.48293307499999993 0.668956884375 0.4482246890625 0.555450553125 0.42467382656249997 0.3913062390625 0.42193880312500004 0.2551551875 0.43240567656250006 0.0764746046875 0.45824592031250005 0.035120142187499995 0.4735890109375 0.034845740624999996 0.478824928125 0.0800057796875 0.5650223750000001 0.2715512640625 0.8410503765625 0.40556633125 0.9957371140625 0.42897171093750003 0.9969637375 0.8583557765625001 0.76521210625 0.95690635625 0.7009458328125 0.9897490281250001 0.6713741578125 0.990828303125 0.601021728125 0.9445060703125 0.5643674890625 0.771447515625 0.48293307499999993
5 0.4640625 0.48984375 0.140625 0.0984375
5 0.40625 0.5640625 0.1265625 0.0875
5 0.30078125 0.50859375 0.1265625 0.09375
5 0.15625 0.53125 0.1515625 0.09375
5 0.27109375 0.5859375 0.1296875 0.0921875
5 0.153125 0.61640625 0.1078125 0.0859375
5 0.24140625 0.68671875 0.1203125 0.103125
5 0.34375 0.65703125 0.15 0.0984375
5 0.4796875 0.6640625 0.071875 0.090625
5 0.45078125 0.753125 0.1453125 0.115625
5 0.29765625 0.76640625 0.134375 0.10625
5 0.3609375 0.85546875 0.153125 0.1203125
5 0.4578125 0.87265625 0.06875 0.090625