6 1 0.4052734375 0.8623046875 0.2890625 0.4501953125 0.16796875 0.3251953125 0.150390625 0.2060546875 0.173828125 0.0009765625 0.232421875 0 0.5771484375 0.0556640625 0.62890625 0.2763671875 0.75 0.5478515625 0.794921875 0.680085015625 0.8048345749999999 0.705751703125 0.7501706718750001 0.6711574515625001 0.6531144203125 0.6276358046875 0.60179731875 0.70463569375 0.6464208984375001 0.7972588625 0.8070658046875 0.8251953125 0.8125 0.9501953125 0.7578125 1 0.6865234375 1 0.4052734375
3 0.7609375 0.440625 0.1984375 0.08828125
3 0.82265625 0.3890625 0.15859375 0.07734375
3 0.7734375 0.55546875 0.171875 0.06640625
3 0.60625 0.37265625 0.096875 0.0390625
3 0.4375 0.4046875 0.2078125 0.121875
3 0.46171875 0.534375 0.27109375 0.128125
3 0.203125 0.43046875 0.15546875 0.065625
3 0.22265625 0.31484375 0.1515625 0.08984375
3 0.43125 0.2640625 0.21171875 0.0703125
2 0.4578125 0.309375 0.04453125 0.08046875
2 0.32265625 0.30546875 0.08359375 0.05859375
2 0.321875 0.471875 0.16953125 0.10078125
2 0.590625 0.32421875 0.10078125 0.04609375
2 0.84296875 0.52109375 0.11171875 0.0515625