6 0.4956365625 0 0.2032317359375 0.0051039453125 0.18969829062500002 0.013153862499999999 0.1317951984375 0.053233015625000005 0.046445320312499996 0.1436035265625 0 0.2648470859375 0 0.2983821921875 0.0030246546875 0.677645784375 0.0447058828125 0.8273317703125 0.2119173140625 1 0.504363421875 1 0.82996633125 0.9943165796875 0.9570804390625 0.8905198249999999 1 0.8231963140625 1 0.495636559375 0.9962936109375 0.28329766562500003 0.7908174906250001 0 0.4956365625 0
3 0.32734375 0.4359375 0.1078125 0.0828125
3 0.1328125 0.43359375 0.0765625 0.08125
3 0.325 0.65234375 0.0765625 0.1140625
3 0.30078125 0.86015625 0.090625 0.0703125
3 0.44140625 0.76953125 0.1203125 0.1453125
3 0.24765625 0.675 0.1 0.1421875
3 0.22109375 0.509375 0.115625 0.1234375
3 0.26796875 0.33046875 0.1296875 0.1421875
3 0.41484375 0.5296875 0.1703125 0.134375
3 0.6828125 0.521875 0.2609375 0.1734375
3 0.61328125 0.746875 0.1078125 0.1609375
3 0.66015625 0.7109375 0.1171875 0.0890625
3 0.6125 0.3140625 0.109375 0.146875
3 0.740625 0.365625 0.1078125 0.08125
3 0.49609375 0.2625 0.1421875 0.253125
2 0.3375 0.253125 0.1609375 0.11875
2 0.1578125 0.30625 0.0796875 0.0546875
2 0.484375 0.21328125 0.13125 0.15625
2 0.65703125 0.225 0.090625 0.1078125
2 0.64921875 0.5578125 0.1359375 0.0828125
2 0.68046875 0.746875 0.0890625 0.1296875
2 0.78515625 0.66796875 0.05 0.1265625
2 0.5640625 0.859375 0.1359375 0.065625
2 0.496875 0.66953125 0.11875 0.178125
2 0.3046875 0.90546875 0.1078125 0.075
2 0.1796875 0.65703125 0.06875 0.1171875