6 1 0.2080078125 0.8193359375 0.0390625 0.6689453125 0 0.2568359375 0.00390625 0.1357421875 0.052734375 0.046875 0.1396484375 0.0078125 0.1982421875 0 0.2119140625 0 0.7958984375 0.2919921875 1 0.8232421875 1 0.8984375 0.9501953125 1 0.8212890625 1 0.2080078125
3 0.4328125 0.328125 0.08125 0.10546875
3 0.42734375 0.134375 0.07890625 0.0734375
3 0.64921875 0.32265625 0.1125 0.075
3 0.85625 0.29453125 0.0671875 0.08984375
3 0.76875 0.43671875 0.1421875 0.1171875
3 0.6703125 0.24453125 0.1390625 0.096875
3 0.5046875 0.22109375 0.1203125 0.11484375
3 0.3265625 0.27109375 0.1421875 0.12578125
3 0.528125 0.4140625 0.13046875 0.16953125
3 0.525 0.68203125 0.16953125 0.25859375
3 0.7484375 0.60859375 0.15859375 0.10546875
3 0.7140625 0.65625 0.0875 0.115625
3 0.31640625 0.615625 0.14609375 0.10625
3 0.36953125 0.74296875 0.0796875 0.10625
3 0.2625 0.5 0.24921875 0.13671875
2 0.25 0.3421875 0.11484375 0.159375
2 0.3 0.1609375 0.053125 0.07890625
2 0.21328125 0.4890625 0.1546875 0.1265625
2 0.228125 0.66171875 0.1046875 0.08984375
2 0.56015625 0.6484375 0.08125 0.13359375
2 0.75 0.67578125 0.12890625 0.0875
2 0.67265625 0.78203125 0.125 0.0484375
2 0.86015625 0.5578125 0.06484375 0.13515625
2 0.66953125 0.49375 0.17734375 0.11640625
2 0.90234375 0.29765625 0.0734375 0.10625
2 0.6515625 0.17734375 0.11484375 0.0671875