6 0.4781695328125 0 0.16943244531249999 0.0270109953125 0.1564935 0.035985348437499995 0.10152723749999999 0.0800059859375 0.0226891953125 0.176110065625 0 0.250506184375 0 0.498561546875 0.0166272046875 0.7118802953125 0.06864846718749999 0.85829411875 0.226472440625 1 0.521830475 1 0.8636443312500001 0.9700951625 0.9832083 0.85768421875 1 0.826780921875 1 0.4781695265625 0.9799682734375 0.24920584843750002 0.7712047484375 0 0.4781695328125 0
3 0.32265625 0.4484375 0.1125 0.090625
3 0.1296875 0.459375 0.08125 0.0859375
3 0.33671875 0.6640625 0.084375 0.11875
3 0.3265625 0.87265625 0.0953125 0.0765625
3 0.46015625 0.7734375 0.1296875 0.153125
3 0.26015625 0.6921875 0.109375 0.1484375
3 0.22265625 0.52890625 0.125 0.13125
3 0.25703125 0.346875 0.1390625 0.1515625
3 0.4171875 0.53515625 0.1796875 0.1453125
3 0.68359375 0.509375 0.271875 0.190625
3 0.6296875 0.73828125 0.11875 0.1671875
3 0.67421875 0.7 0.1234375 0.096875
3 0.59921875 0.30703125 0.11875 0.1546875
3 0.73046875 0.34921875 0.1125 0.0890625
3 0.4796875 0.26328125 0.159375 0.2609375
2 0.32109375 0.26484375 0.16875 0.1296875
2 0.14453125 0.33046875 0.0828125 0.059375
2 0.4640625 0.215625 0.140625 0.165625
2 0.6375 0.21484375 0.0984375 0.1140625
2 0.653125 0.546875 0.140625 0.0921875
2 0.696875 0.73359375 0.0984375 0.1359375
2 0.79609375 0.64765625 0.059375 0.128125
2 0.5890625 0.85390625 0.1390625 0.075
2 0.50859375 0.66953125 0.13125 0.1859375
2 0.33359375 0.91875 0.1125 0.0828125
2 0.19140625 0.67890625 0.0765625 0.1203125