6 0.18359375 0.5537109375 0.19921875 0.6279296875 0.236328125 0.6943359375 0.3154296875 0.779296875 0.3525390625 0.80078125 0.408203125 0.7470703125 0.412109375 0.7294921875 0.4296875 0.7158203125 0.462890625 0.6650390625 0.484375 0.6689453125 0.4765625 0.7373046875 0.447265625 0.7744140625 0.4375 0.8017578125 0.400390625 0.8408203125 0.400390625 0.8486328125 0.4150390625 0.857421875 0.4619140625 0.8671875 0.6083984375 0.8671875 0.7314453125 0.84375 0.7783203125 0.810546875 0.859375 0.7236328125 0.876953125 0.6845703125 0.927734375 0.6103515625 0.94140625 0.5556640625 0.939453125 0.5068359375 0.8984375 0.3544921875 0.896484375 0.3076171875 0.884765625 0.2958984375 0.8515625 0.2119140625 0.818359375 0.1513671875 0.7236328125 0.080078125 0.5869140625 0.064453125 0.5498046875 0.076171875 0.3837890625 0.087890625 0.3447265625 0.123046875 0.3212890625 0.126953125 0.3056640625 0.119140625 0.2900390625 0.126953125 0.2802734375 0.1484375 0.2431640625 0.171875 0.203125 0.2119140625 0.173828125 0.2490234375 0.16796875 0.2705078125 0.169921875 0.3095703125 0.16015625 0.3623046875 0.166015625 0.5166015625 0.18359375 0.5537109375
3 0.48125 0.24375 0.13046875 0.11328125
3 0.528125 0.44453125 0.10859375 0.18046875
3 0.35234375 0.39921875 0.1125 0.09765625
3 0.41953125 0.57578125 0.1734375 0.1609375
3 0.6859375 0.48359375 0.13046875 0.08203125
3 0.715625 0.29140625 0.1328125 0.1390625
3 0.80390625 0.603125 0.078125 0.1125
3 0.68671875 0.61640625 0.09453125 0.16953125
3 0.57578125 0.7046875 0.07421875 0.10859375
2 0.5640625 0.2890625 0.10859375 0.05625
2 0.39921875 0.46796875 0.15390625 0.0734375
2 0.6703125 0.34453125 0.08828125 0.08359375
2 0.74765625 0.4203125 0.05703125 0.078125
2 0.640625 0.72890625 0.05 0.09296875