6 0.49563658750000006 0 0.39704986875000003 0.0017208375000000002 0.2832597453125 0.1414233390625 0.1693767390625 0.555583325 0.1539828421875 0.6808710671875 0.1794960625 0.79958450625 0.24056043593749998 1 0.4884745421875 1 0.586351096875 0.9985689000000001 0.6371295546875 0.9420100171874999 0.7543530609375 0.719227128125 0.7945300390625001 0.4470001078125 0.8021334375 0.31461379375 0.7470299140625001 0.28990503125 0.6505921984375 0.3261878796875 0.60004246875 0.3705985046875 0.64331541875 0.2928315546875 0.8023193609374999 0.19741885312500002 0.8068207734374999 0.17191014375 0.8067574859375 0.16828443906249999 0.75040445 0.045365284374999995 0.6829937359375 0 0.49563658750000006 0
3 0.4359375 0.23984375 0.090625 0.1984375
3 0.38359375 0.1796875 0.08125 0.159375
3 0.55078125 0.22578125 0.0703125 0.1734375
3 0.37109375 0.39609375 0.040625 0.096875
3 0.40546875 0.5640625 0.125 0.2078125
3 0.53515625 0.5375 0.1328125 0.271875
3 0.4359375 0.79765625 0.06875 0.1578125
3 0.31953125 0.78046875 0.0921875 0.153125
3 0.265625 0.57265625 0.075 0.2140625
2 0.31015625 0.5453125 0.08125 0.0453125
2 0.30859375 0.68046875 0.059375 0.084375
2 0.475 0.67890625 0.103125 0.1703125
2 0.32265625 0.4125 0.046875 0.1
2 0.51484375 0.15703125 0.053125 0.1125