6 0.269609628125 0 0.20117475312500002 0.1787880421875 0.16744265 0.2954325890625 0.1740594171875 0.4214889609375 0.2587746703125 0.8425841515625001 0.362542453125 0.9898839421875 0.478169528125 1 0.6677187796874999 1 0.7180807625 0.9709945796874999 0.7828709328125 0.8523058390625 0.78318698125 0.8486933796875 0.7804759328124999 0.8229328078125 0.6285149703124999 0.716660971875 0.5907721796875001 0.6360648890625 0.6381008421875001 0.683893503125 0.731772678125 0.7268151234375 0.7884655671874999 0.706010378125 0.7901154921875 0.5734161640625 0.76902598125 0.29904967031249996 0.667628575 0.068632371875 0.620919159375 0.0086691375 0.51848925 0 0.269609628125 0
3 0.41796875 0.7546875 0.1046875 0.203125
3 0.36171875 0.81171875 0.0921875 0.1640625
3 0.53125 0.77734375 0.08125 0.1765625
3 0.3640625 0.59453125 0.046875 0.1
3 0.41015625 0.4296875 0.1390625 0.215625
3 0.5375 0.46484375 0.1515625 0.2796875
3 0.45625 0.1984375 0.0796875 0.1609375
3 0.33984375 0.2078125 0.1015625 0.159375
3 0.27109375 0.4109375 0.090625 0.2171875
2 0.3140625 0.44140625 0.084375 0.05
2 0.321875 0.30625 0.0640625 0.0875
2 0.4875 0.3203125 0.1140625 0.1765625
2 0.3171875 0.575 0.053125 0.103125
2 0.49140625 0.84375 0.0609375 0.115625