6 0.8651813890625 0.61813445 0.8678235359375 0.46676590625000003 0.8593247828124999 0.42207952656250003 0.8507927093750001 0.4072799296875 0.8429814 0.40714358281249996 0.8032772015624999 0.44356557187499995 0.77576718125 0.45285249531250005 0.7381521578125 0.4814972609375 0.669666846875 0.488115534375 0.666136146875 0.46656625781249994 0.7174891359375 0.4342544453125 0.731465709375 0.4169176046875 0.74910933125 0.41331872968749994 0.803783559375 0.35860053125 0.7829501046875 0.321121853125 0.6993826203125 0.240549565625 0.63363413125 0.20228689375000003 0.5596993796875 0.185368978125 0.5229024375 0.1671458828125 0.368731321875 0.1585945484375 0.3158345453125 0.16743834375 0.27681208125 0.16480378125 0.25522871875 0.1702873109375 0.2176136953125 0.198932075 0.176881953125 0.2382662609375 0.1528003734375 0.27496094375 0.1311488375 0.284350128125 0.123064834375 0.2998364015625 0.13060345 0.31559536875 0.1262887546875 0.33896112500000003 0.09045612343750001 0.3774041140625 0.07584178593749999 0.543189934375 0.0634771734375 0.5800891359375 0.076713721875 0.7170597578125 0.1463387203125 0.8130160578125001 0.20629689999999998 0.8472708156250001 0.28968900937500003 0.8819346124999999 0.30120145468750004 0.8938560984375 0.348035228125 0.8966270078124999 0.4996399546875 0.9402951500000001 0.509397275 0.9408561499999999 0.5547028734375 0.9416469624999999 0.6033443328125 0.9303847812500001 0.6784380343749999 0.8809065625000001 0.717801365625 0.8640128484374999 0.8061167906250001 0.784487365625 0.8401329390625 0.7381989796874999 0.8651813890625 0.61813445
3 0.24375 0.4765625 0.1140625 0.1328125
3 0.44375 0.52734375 0.18125 0.1125
3 0.4015625 0.35078125 0.1 0.1140625
3 0.57734375 0.42109375 0.1640625 0.1765625
3 0.48046875 0.6859375 0.084375 0.1328125
3 0.2875 0.71171875 0.140625 0.134375
3 0.59765625 0.80546875 0.1140625 0.0796875
3 0.61328125 0.6890625 0.171875 0.0984375
3 0.703125 0.5796875 0.1109375 0.075
2 0.28828125 0.56015625 0.0578125 0.1109375
2 0.46953125 0.3984375 0.0765625 0.15625
2 0.34140625 0.6671875 0.084375 0.0890625
2 0.415625 0.74609375 0.0796875 0.059375
2 0.7265625 0.64453125 0.09375 0.0515625