6 0.3990059984375 0.0846012171875 0.3587403578125 0.1183727890625 0.335180809375 0.12145870156250001 0.31983798124999996 0.11310565624999999 0.30394984687500004 0.12036809374999999 0.2934403765625 0.14149856562500002 0.25553565 0.1636266890625 0.2141236359375 0.2022440171875 0.183549509375 0.238308340625 0.17694390937499999 0.25957513906249996 0.1775325828125 0.29868200625 0.1659325046875 0.351043440625 0.1664034265625 0.5054508109375 0.1826757453125 0.5431510484375 0.1957010296875 0.617869890625 0.23047025312499997 0.6855307859375 0.3065585359375 0.7732005734375 0.3428955109375 0.7959669593750001 0.40040014843750005 0.7442313875 0.4049174875 0.726800296875 0.42296204531250003 0.71375021875 0.457917184375 0.664158675 0.47925214531250004 0.668812340625 0.469058696875 0.7368574203125 0.43848457031250004 0.7729217421875 0.4277706109375 0.7999080203125 0.3893205796875 0.8376516265625 0.389047928125 0.8454593671874999 0.4033807078125 0.8547542984375 0.44756105625 0.865580109375 0.5988604343749999 0.8708636000000001 0.720071353125 0.8521331703125 0.7680765703125 0.8205861859375 0.8521151390625 0.7365538375 0.8710458171875001 0.6981286 0.9243863296875 0.6257273031249999 0.9381787734374999 0.5777419203124999 0.93976015625 0.5324570234375 0.939710584375 0.522683715625 0.9040366656250001 0.36900134375000004 0.90372064375 0.32208673593750003 0.8924180109375 0.309966146875 0.8621661250000001 0.22487415937500002 0.8310962828124999 0.163205396875 0.7389153765625001 0.0886538515625 0.6028252171874999 0.0682669546875 0.56532946875 0.0786834671875 0.3990059984375 0.0846012171875
3 0.48984375 0.24296875 0.134375 0.1171875
3 0.5296875 0.4453125 0.115625 0.1828125
3 0.35625 0.39375 0.115625 0.1015625
3 0.4171875 0.57265625 0.1796875 0.1671875
3 0.68671875 0.48984375 0.134375 0.0875
3 0.72265625 0.29921875 0.1359375 0.14375
3 0.8 0.61328125 0.08125 0.115625
3 0.6828125 0.62265625 0.1015625 0.1734375
3 0.56875 0.70703125 0.0765625 0.1125
2 0.57109375 0.29140625 0.1109375 0.059375
2 0.40078125 0.46484375 0.1578125 0.078125
2 0.67578125 0.35078125 0.090625 0.0859375
2 0.75 0.42890625 0.0609375 0.0796875
2 0.6328125 0.73359375 0.053125 0.09375